1651575717253,17.8
1651575720752,17.8
1652167444969,17.6
1652167454571,17.6
1652259952479,19.6
1652260097043,29.6
1654854160783,11.9
1654854164200,12.0
1654854169215,12.1
1654854174220,12.2
1654854179225,12.3
1654854184228,12.4
1654854189242,12.5
1654854194246,12.6
1654854199248,12.7
1654854204260,12.8
1654854209278,12.9
1654854214282,13.0
1654854219296,13.1
1654854224299,13.2
1654854229307,13.3
1654854234307,13.4
1654854239318,13.5
1654854244327,13.6
1654854249346,13.7
1654854254332,13.8
1654854259347,13.9
1654854264353,14.0
1654854269362,14.1
1654854274374,14.2
1654854279374,14.3
1654854284374,14.4
1654854289387,14.5
1654854294396,14.6
1654854299406,14.7
1654854304411,14.8
1654854309417,14.9
1654854314429,15.0
1654854319436,15.1
1654854324436,15.2
1654854325990,29.6
1654854329444,15.3
1654854334460,15.4
1654854334528,29.6
1654854339471,15.5
1654854344454,29.6
1654854344469,15.6
1654854348262,29.6
1654854349470,15.7
1654854354488,15.8
1654854359495,15.9
1654855818630,10.0
1654855823641,10.1
1654855828641,10.2
1654855833658,10.3
1654855838669,10.4
1654855843677,10.5
1654855848689,10.6
1654855853702,10.7
1654855858700,10.8
1654855863708,10.9
1654855868705,11.0
1654855873715,11.1
1654855878719,11.2
1654855883728,11.3
1654855888745,11.4
1654855893757,11.5
1654855898766,11.6
1654855903766,11.7
1654855908782,11.8
1654855913794,11.9
1654855918801,12.0
1654855923871,12.1
1654855928809,12.2
1654855933806,12.3
1654855938815,12.4
1654855943818,12.5
1654855948815,12.6
1654855953823,12.7
1654855958844,12.8
1654855963852,12.9
1654855968862,13.0
1654855973873,13.1
1654855978879,13.2
1654855983881,13.3
1654855989886,13.4
1654856021355,15.0
1654856026364,15.1
1654856031379,15.2
1654856036382,15.3
1654856041395,15.4
1654856046407,15.5
1654856051411,15.6
1654856056433,15.7
1654856061442,15.8
1654856066456,15.9
1654856071467,16.0
1654856076470,16.1
1654856081480,16.2
1654856086481,16.3
1654856091492,16.4
1654856096503,16.5
1654856101504,16.6
1654856106513,16.7
1654856111513,16.8
1654856116515,16.9
1654856121528,17.0
1654856126536,17.1
1654856131539,17.2
1654856136540,17.3
1654856141542,17.4
1654856146553,17.5
1654856151560,17.6
1654856156571,17.7
1654856161581,17.8
1654856166585,17.9
1654856171601,18.0
1654856176612,18.1
1654856181622,18.2
1654856186631,18.3
1654856191637,18.4
1654856196646,18.5
1654856201652,18.6
1654856206655,18.7
1654856211658,18.8
1654856216662,18.9
1654856221672,19.0
1654856226683,19.1
1654856231687,19.2
1654856236697,19.3
1654856241698,19.4
1654856246699,19.5
1654856251708,19.6
1654856256713,19.7
1654856261721,19.8
1654856266727,19.9
1654856271733,20.0
1654856276741,20.1
1654856281747,20.2
1654856286758,20.3
1654856291766,20.4
1654856296770,20.5
1654856301784,20.6
1654856306799,20.7
1654856311809,20.8
1654856316814,20.9
1654856321819,21.0
1654856326829,21.1
1654856331831,21.2
1654856336839,21.3
1654856341853,21.4
1654856346845,21.5
1654856351858,21.6
1654856356866,21.7
1654856361879,21.8
1654856366880,21.9
1654856371883,22.0
1654856376883,22.1
1654856381901,22.2
1654856386905,22.3
1654856391916,22.4
1654856396927,22.5
1654856401952,22.6
1654856406955,22.7
1654856411962,22.8
1654856416972,22.9
1654856421975,23.0
1654856426999,23.1
1654856431990,23.2
1654856437007,23.3
1654856442011,23.4
1654856447025,23.5
1654856452037,23.6
1654856457052,23.7
1654856462065,23.8
1654856467080,23.9
1654856472096,24.0
1654856477089,24.1
1654856482095,24.2
1654856487111,24.3
1654856492122,24.4
1654856497123,24.5
1654856502128,24.6
1654856507130,24.7
1654856512135,24.8
1654856517149,24.9
1654856522160,25.0
1654856527175,25.1
1654856532178,25.2
1654856537186,25.3
1654856542184,25.4
1654856547214,25.5
1654856552209,25.6
1654856557222,25.7
1654856562238,25.8
1654856567250,25.9
1654856572255,26.0
1654856577257,26.1
1654856582272,26.2
1654856587272,26.3
1654856592275,26.4
1654856597278,26.5
1654856602289,26.6
1654856607299,26.7
1654856612306,26.8
1654856617314,26.9
1654856622322,27.0
1654856627330,27.1
1654856632348,27.2
1654856637356,27.3
1654856642362,27.4
1654856647366,27.5
1654856652368,27.6
1654856657373,27.7
1654856662386,27.8
1654856667392,27.9
1654856672404,28.0
1654856677409,28.1
1654856682413,28.2
1654856687416,28.3
1654856692429,28.4
1654856697440,28.5
1654856702453,28.6
1654856707459,28.7
1654856712463,28.8
1654856717468,28.9
1654856722479,29.0
1654856727485,29.1
1654856732495,29.2
1654856737504,29.3
1654856742499,29.4
1654856747507,29.5
1654856752511,29.6
1654856757510,29.7
1654856762517,29.8
1654856767524,29.9
1654857058878,15.0
1654857063889,15.1
1654857068901,15.2
1654857073914,15.3
1654857078913,15.4
1654857083925,15.5
1654857088926,15.6
1654857093932,15.7
1654857098931,15.8
1654857103942,15.9
1654857108953,16.0
1654857113956,16.1
1654857557397,15.0
1654857562398,15.1
1654857567408,15.2
1654857572413,15.3
1654857636055,15.0
1654857641065,15.1
1654857646069,15.2
1654857651082,15.3
1654857656080,15.4
1654857661094,15.5
1654857666107,15.6
1654857671114,15.7
1654857676123,15.8
1654857681130,15.9
1654857686144,16.0
1654857691157,16.1
1654857696160,16.2
1654857701165,16.3
1654857706167,16.4
1654857711170,16.5
1654857716185,16.6
1654857721193,16.7
1654857726196,16.8
1654857731249,16.9
1654857736228,17.0
1654857741225,17.1
1654857746249,17.2
1654857751241,17.3
1654857756247,17.4
1654857761264,17.5
1654857766266,17.6
1654857771279,17.7
1654857776294,17.8
1654857781295,17.9
1654857786309,18.0
1654857791306,18.1
1654857796310,18.2
1654857801315,18.3
1654857806325,18.4
1654857811339,18.5
1654857816345,18.6
1654857821354,18.7
1654857826359,18.8
1654857831374,18.9
1654857836388,19.0
1654857841404,19.1
1654857846416,19.2
1654857851427,19.3
1654857856436,19.4
1654857861440,19.5
1654857866451,19.6
1654857871453,19.7
1654857876461,19.8
1654857881466,19.9
1654857886479,20.0
1654857891492,20.1
1654857896504,20.2
1654857901507,20.3
1654857906520,20.4
1654857911530,20.5
1654857916535,20.6
1654857921547,20.7
1654857926544,20.8
1654857931558,20.9
1654857936571,21.0
1654857941579,21.1
1654857946589,21.2
1654857951590,21.3
1654857956593,21.4
1654857961598,21.5
1654857966607,21.6
1654857971620,21.7
1654857976623,21.8
1654857981637,21.9
1654857986645,22.0
1654857991651,22.1
1654857996666,22.2
1654858001676,22.3
1654858006668,22.4
1654858011679,22.5
1654858016682,22.6
1654858021691,22.7
1654858026703,22.8
1654858031709,22.9
1654858036712,23.0
1654858041724,23.1
1654858046732,23.2
1654858051735,23.3
1654858056751,23.4
1654858061761,23.5
1654858066770,23.6
1654858071771,23.7
1654858076782,23.8
1654858081789,23.9
1654858086794,24.0
1654858091805,24.1
1654858096810,24.2
1654858101809,24.3
1654858106810,24.4
1654858111821,24.5
1654858116867,24.6
1654858121826,24.7
1654858126837,24.8
1654858131849,24.9
1654858136857,25.0
1654858141863,25.1
1654858146870,25.2
1654858151870,25.3
1654858156903,25.4
1654858161880,25.5
1654858166879,25.6
1654858171886,25.7
1654858176892,25.8
1654858181905,25.9
1654858186905,26.0
1654858191917,26.1
1655110248721,25.0
1655110331337,25.0
1655110378810,20.0
1655110454037,20.0
1655110717734,20.0
1655110793611,20.0
1655110797089,20.0
1655110852149,20.0
1655111262445,20.0
1655111281020,21.0
1655201084402,21.0
1655201112368,23.0
1655203347885,23.0
1655211798738,23.0
1655708434788,29.6
1655708487379,29.6
1655708501432,21.6
1655709010384,23.8
1655709158650,25.8
1655709266528,25.8
1655709277025,25.8
1655709292533,25.8
1655709863253,25.8
1655709939256,25.8
1655710140581,1655725288255,25.9
1655725309743,21.2
1655794028015,22.6
1655802459042,24.3
1655809761915,23.3
1655811431561,22.3
1655811859911,22.1
1655812197500,20.5
1655812257953,20.5
1655812429087,29.2
1655812711279,21.7
1655812884802,22.6
1655813004964,21.2
1655813289280,21.4
1655886856258,23.1
1655886860320,23.1
1655886860325,23.1
1656054021710,27.3
1656058829253,27.3
1656058843256,21.0
1656059091292,24.0
1656059099292,20.6
1656068144577,22.4
1656326174875,25.1
1656328846407,22.7
1656331121935,22.8
1660896094227,23.0
1660896174372,23.0
1660896296043,23.0
1660896345210,25.0
1660896520769,25.0
1660896578528,25.0
1660896633304,25.0
1660896695866,25.0
1660896792616,15.0
1660896797597,15.1
1660896802599,15.2
1660896807628,15.3
1660896812618,15.4
1660896817625,15.5
1660896822646,15.6
1660896827655,15.7
1660896832670,15.8
1660896837678,15.9
1660896842682,16.0
1660896847682,16.1
1660896852802,25.0
1661247831816,21.6
1661247854358,24.0
