1656585303255,22.0
1656585382327,22.0
1656587924290,22.0
1656587930716,22.0
1656588002716,22.0
1656588007539,22.0
1656657604970,22.0
1656658640703,22.0
1656658684794,23.0
1656659733091,22.0
1656668055002,25.5
1656668734067,21.6
1656669035520,21.6
1656669335547,21.6
1656670233982,21.6
1656670535642,21.6
1656672228598,21.6
1656672394617,33.5
1656672933991,25.34
1656673536156,25.47
1656673837620,25.42
1656674140604,25.39
1656674442186,25.36
1656675035633,21.27
1656675336521,24.65
1656675636951,25.17
1656675936956,25.27
1656676237121,25.28
1656676541679,25.26
1656677136146,27.06
1656677437415,26.35
1656677738794,26.06
1656678042831,25.81
1656678342960,25.83
1656678643045,25.79
1656679235900,25.84
1656679835565,25.84
1656680137207,25.77
1656680737212,25.92
1656681037997,25.8
1656681341182,25.71
1656681642440,25.66
1656682236204,25.72
1656682537132,25.16
1656682837340,25.11
1656683137739,25.14
1656683441134,25.16
1656683742800,25.34
1656684337115,24.59
1656684637183,24.53
1656684938502,24.46
1656685238566,24.42
1656685542902,24.42
1656685843181,24.46
1656686143549,24.19
1656686736907,24.32
1656687037852,24.25
1656687341326,24.05
1656687937926,24.43
1656688239183,24.45
1656688542406,24.4
1656688845291,24.38
1656689436642,24.31
1656689738132,24.27
1656690038452,24.18
1656690338908,24.24
1656690643524,24.2
1656690945240,26.62
1656691836796,24.86
1656692138323,24.45
1656692438404,24.19
1656692738419,24.12
1656693041753,24.11
1656693343659,23.96
1656693643762,23.94
1656693943809,23.93
1656694243977,23.95
1656695138236,23.96
1656695439627,23.92
1656695744448,23.87
1656696044887,23.85
1656696637891,23.8
1656696939216,23.59
1656697239448,23.56
1656697539537,23.54
1656697842545,23.5
1656698142776,23.53
1656699039377,23.46
1656699339660,23.49
1656699640262,23.53
1656699944758,23.56
1656700537999,23.6
1656700839548,23.58
1656701140862,23.51
1656701445180,23.48
1656702339614,23.33
1656702639775,23.3
1656702940111,23.29
1656703243408,23.31
1656703838252,23.3
1656704138281,23.3
1656704439785,23.33
1656704740204,23.35
1656705040233,23.33
1656705343473,23.36
1656705940495,23.34
1656706245408,23.35
1656706838906,23.36
1656707140228,23.33
1656707440296,23.34
1656707743560,23.45
1656708043717,23.46
1656708343972,23.49
1656708645559,23.54
1656708945824,23.54
1656709539524,23.54
1656709840963,23.51
1656710141756,23.51
1656710442163,23.51
1656710746478,23.51
1656711339520,23.43
1656711640832,23.44
1656711940836,23.46
1656712240928,23.46
1656712540977,23.44
1656713141042,23.37
1656713441333,23.3
1656713741488,23.32
1656714041504,23.24
1656714342122,23.44
1656714646479,23.47
1656714946602,23.43
1656715247359,23.39
1656715839956,23.33
1656716141547,23.32
1656716442090,23.3
1656716746775,23.27
1656717046840,23.26
1656717639790,23.25
1656717939858,23.25
1656718240180,23.26
1656718541570,23.21
1656718842252,23.22
1656719145748,23.2
1656719448157,23.22
1656720341438,23.16
1656720642565,23.16
1656721242674,23.15
1656721542818,23.11
1656721843152,23.11
1656722146253,23.05
1656722447262,23.04
1656723041195,23.01
1656723342829,23.01
1656723941439,22.95
1656724243068,22.93
1656724543281,22.93
1656724846521,22.93
1656725146922,22.94
1656725447035,22.93
1656725748408,22.82
1656726341244,22.81
1656726641576,22.81
1656726941897,22.81
1656727541621,22.84
1656727842042,22.84
1656728143323,22.83
1656728443464,22.82
1656728748308,22.82
1656729048476,22.8
1656729348522,22.77
1656729941390,22.74
1656730242394,22.74
1656730543202,22.75
1656731141551,22.76
1656731442516,22.74
1656731744017,22.75
1656732047228,22.76
1656732348757,22.74
1656732648767,22.73
1656732948976,22.74
1656733542095,22.74
1656733842115,22.74
1656734143782,22.75
1656735042895,22.69
1656735344453,22.7
1656735644897,22.68
1656735947742,22.68
1656736249281,22.67
1656736549511,22.86
1656737142474,23.0
1656737442686,22.96
1656737742720,22.91
1656738342645,22.85
1656738643059,22.83
1656738944411,22.79
1656739244604,22.8
1656739544787,22.79
1656739844946,22.78
1656740144947,22.98
1656740445046,22.99
1656740748230,23.01
1656741048446,23.0
1656741348458,23.01
1656741943802,23.05
1656742245085,23.06
1656742545260,23.0
1656742845727,22.98
1656743149046,22.98
1656743449244,22.98
1656744044031,22.94
1656744345297,22.94
1656744650437,22.95
1656745544776,23.31
1656745845388,23.23
1656746146463,23.1
1656746449215,23.47
1656746750480,25.46
1656747051038,24.0
1656747643921,23.55
1656747944432,23.32
1656748246086,23.15
1656748549044,23.12
1656749146059,23.24
1656749451137,23.27
1656750045394,26.02
1656750346701,24.41
1656750650012,24.14
1656750951670,23.9
1656751544639,23.53
1656751846274,23.43
1656752147798,23.47
1656752745150,23.53
1656753046675,23.56
1656753346838,23.59
1656753647116,23.62
1656753951665,23.63
1656754251854,23.67
1656754552270,23.76
1656755145196,23.77
1656755445506,23.84
1656755747051,23.68
1656756345426,23.57
1656756645964,23.47
1656756946047,23.42
1656757247218,23.38
1656757547521,23.33
1656757847814,23.3
1656758150858,23.52
1656758452583,23.53
1656759045377,23.51
1656759345705,23.49
1656759946396,23.44
1656760246455,23.45
1656760547394,23.44
1656760847450,23.45
1656761148127,23.46
1656761452932,23.43
1656762045795,23.65
1656762345966,23.75
1656762646468,23.91
1656762948051,24.27
1656763547829,24.16
1656763848183,24.11
1656764148589,24.06
1656764453476,24.0
1656764753921,23.99
1656765346933,23.93
1656765647239,23.9
1656765948211,23.89
1656766248262,23.86
1656766548628,23.86
1656767146865,23.84
1656767448383,23.84
1656767749099,23.94
1656768049137,24.06
1656768349302,24.38
1656768652520,24.33
1656768953776,24.26
1656769548325,24.19
1656769849162,24.16
1656770149569,24.12
1656770747585,24.28
1656771049019,24.25
1656771352519,24.21
1656771653816,24.19
1656771954229,24.17
1656772254740,24.14
1656772847421,24.24
1656773147649,24.36
1656773447771,24.68
1656773749122,24.63
1656774347723,24.68
1656774649124,24.6
1656774949762,24.57
1656775252648,24.54
1656775554762,24.52
1656776148065,24.35
1656776449500,24.3
1656776749520,24.28
1656777049526,24.26
1656777349833,24.22
1656777948286,24.28
1656778248597,24.42
1656778549899,24.69
1656778853295,24.59
1656779153858,24.55
1656779453941,24.49
1656779755320,24.2
1656780348259,24.09
1656780648531,24.02
1656780949944,24.03
1656781548657,23.97
1656781848890,23.93
1656782149016,23.9
1656782450306,23.88
1656782750877,23.85
1656783051177,23.9
1656783353958,23.71
1656783654284,23.86
1656783955876,23.93
1656784549308,23.83
1656785450973,23.74
1656785750991,23.72
1656786051642,23.7
1656786354704,23.65
1656786656238,23.63
1656786956342,23.42
1656787256826,23.35
1656787557585,23.32
1656788149793,23.47
1656788749730,23.83
1656789050326,23.84
1656789351475,23.79
1656789651480,23.74
1656789954875,23.71
1656790255204,23.67
1656790850240,23.29
1656791151605,23.2
1656791454931,23.14
1656791757014,23.1
1656792350289,23.04
1656792650625,23.03
1656792951728,23.13
1656793252138,23.31
1656793557223,23.48
1656793857629,23.42
1656794157674,22.97
1656794457862,22.86
1656795050187,22.78
1656795350386,22.75
1656795950846,22.7
1656796252121,22.66
1656796553378,22.64
1656796855841,22.61
1656797155902,22.57
1656797457594,22.58
1656798051087,22.6
1656798352291,22.71
1656798652459,22.66
1656798952878,22.61
1656799253149,22.56
1656799554258,22.63
1656799858794,22.61
1656800451954,22.54
1656800753303,22.5
1656801056754,22.46
1656801358189,22.34
1656801658310,22.31
1656801958366,22.27
1656802551293,22.39
1656803151827,22.62
1656803452185,22.61
1656803752606,22.57
1656804053373,22.54
1656804354455,22.48
1656804656894,22.44
1656804959587,22.15
1656805551717,22.03
1656805851979,22.0
1656806153666,21.97
1656807053638,21.9
1656807354620,22.01
1656807654869,22.34
1656807957514,22.26
1656808257917,22.18
1656808559460,21.93
1656809152665,21.8
1656809453995,21.72
1656809754370,21.68
1656810353457,21.71
1656810654970,21.67
1656810959878,21.64
1656811260058,21.58
1656811852213,21.69
1656812152611,21.71
1656812453932,21.89
1656812754009,21.81
1656813054304,21.75
1656813354774,21.7
1656813953230,21.69
1656814253594,21.64
1656814554114,21.61
1656814854674,21.58
1656815157972,21.54
1656815458794,21.49
1656815760180,21.54
1656816060186,21.5
1656816653102,21.7
1656816954674,22.01
1656817554180,21.9
1656817855153,21.8
1656818155167,21.77
1656818455222,21.73
1656818758568,21.68
1656819058805,21.63
1656819360427,21.89
1656819660513,21.89
1656820253613,21.85
1656820553621,21.8
1656820855839,21.83
1656821160689,21.89
1656821461413,22.19
1656822053818,22.12
1656822354259,22.04
1656822655476,22.0
1656822960544,22.19
1656823261087,22.18
1656823561273,22.16
1656823861589,22.13
1656824754602,22.02
1656825054806,21.96
1656825356288,21.97
1656825661351,22.11
1656825961460,22.43
1656826554727,22.56
1656826856031,22.52
1656827156347,22.47
1656827456446,22.43
1656827761471,22.39
1656828655526,22.32
1656828955662,22.27
1656829555714,22.22
1656829855999,22.21
1656830156880,22.57
1656830456928,22.95
1656830761977,22.88
1656831062336,22.82
1656831362697,22.78
1656831955451,22.84
1656832255857,22.8
1656832557095,22.76
1656832858672,22.72
1656833160987,22.7
1656833461281,22.68
1656833762463,22.99
1656834062691,23.02
1656834655621,23.16
1656834955933,23.39
1656835557887,23.28
1656835860977,23.22
1656836163168,23.16
1656836756136,23.1
1656837057539,23.08
1656837358169,23.36
1656837661302,23.37
1656837961304,23.35
1656838262127,23.34
1656838562153,23.34
1656839157293,23.4
1656839458866,23.53
1656839758997,23.89
1656840061306,23.84
1656840361807,23.77
1656840663517,23.73
1656840963675,23.79
1656841556569,23.73
1656841856859,23.71
1656842156965,23.67
1656842757470,23.8
1656843057489,23.79
1656843358793,23.78
1656843660028,23.82
1656844257886,24.18
1656844558909,24.04
1656844859124,23.98
1656845162448,23.92
1656845464035,23.9
1656845764127,23.83
1656846066041,23.8
1656846658125,23.72
1656846959494,23.69
1656847264450,23.67
1656847857701,23.65
1656848159277,23.6
1656848459592,23.65
1656848762801,23.81
1656849064535,24.15
1656849364995,24.1
1656849667126,24.06
1656850259153,24.17
1656850559684,24.18
1656850860996,24.17
1656851165766,24.14
1656851465950,24.11
1656852058943,24.38
1656852360072,24.4
1656852664744,24.35
1656852965795,24.35
1656853559170,24.54
1656853860448,24.82
1656854161131,24.78
1656854465234,24.71
1656854765578,24.66
1656855065584,24.61
1656855658933,24.47
1656855960263,24.43
1656856260353,24.39
1656856560915,24.35
1656857160709,24.2
1656857460910,24.14
1656857761182,24.14
1656858061352,24.22
1656858364594,24.4
1656858666546,24.55
1656859258973,24.43
1656859559034,24.38
1656859859101,24.34
1656860159482,24.3
1656860760600,24.13
1656861061310,24.06
1656861361760,24.05
1656861666460,24.02
1656861966485,24.01
1656862266616,23.98
1656862566651,23.8
1656863159734,24.13
1656863461370,24.19
1656863762580,24.14
1656864360200,24.06
1656864661090,24.02
1656864961816,23.97
1656865266736,23.93
1656865566921,23.92
1656866160442,23.87
1656866460529,23.84
1656866761949,23.84
1656867061969,23.81
1656867362294,23.81
1656867960566,24.46
1656868262212,24.53
1656868562683,24.46
1656868864025,24.4
1656869165955,24.36
1656869467596,24.34
1656869767727,24.02
1656870068080,23.9
1656870660669,23.85
1656870961323,23.81
1656871561912,23.8
1656871862871,23.76
1656872163083,23.78
1656872463201,23.94
1656872763954,24.24
1656873361683,23.87
1656873661694,23.75
1656873963141,23.68
1656874263338,23.65
1656874568049,23.61
1656875161722,23.52
1656875463397,23.48
1656875763600,23.44
1656876066600,23.38
1656876366741,23.33
1656876668634,23.32
1656876968811,23.27
1656877561738,23.5
1656877861839,23.47
1656878162561,23.42
1656878763694,23.36
1656879064002,23.3
1656879365089,23.26
1656879669425,23.23
1656880262250,23.15
1656880563820,22.91
1656880863861,22.87
1656881163991,22.82
1656881464046,22.89
1656881764648,23.01
1656882363471,23.18
1656882663605,23.14
1656882964336,23.1
1656883264869,23.05
1656883569709,23.0
1656884162873,22.83
1656884462873,22.74
1656884762887,22.7
1656885064437,22.66
1656885365048,22.62
1656885964237,22.63
1656886265110,22.74
1656886565347,23.04
1656886869724,22.99
1656887462969,22.89
1656887763491,22.82
1656888064769,22.75
1656888365091,22.72
1656888669941,22.69
1656889265193,22.62
1656889565564,22.58
1656889870416,22.57
1656890464170,22.54
1656890765729,22.68
1656891068848,22.98
1656891371125,22.94
1656891963719,22.83
1656892265255,22.77
1656892566800,22.73
1656893765719,22.55
1656894065880,22.51
1656894366323,22.47
1656894666372,22.43
1656894967025,22.39
1656895269312,22.48
1656895569388,22.65
1656895870929,22.83
1656896171085,22.77
1656896766575,22.61
1656897071579,22.54
1656897371774,22.51
1656897964553,22.43
1656898266160,22.4
1656898566213,22.3
1656898866837,22.25
1656899169742,22.23
1656899469821,22.21
1656899771589,22.33
1656900365156,22.61
1656900666678,22.57
1656900967434,22.54
1656901272377,22.49
1656901572435,22.45
1656902164977,22.3
1656902465082,22.22
1656902765276,22.2
1656903065486,22.16
1656903365690,22.13
1656903965798,22.08
1656904267326,22.16
1656904567385,22.31
1656904867813,22.54
1656905172652,22.48
1656905472814,22.4
1656906065523,22.35
1656906365663,22.3
1656906665895,22.26
1656906967388,22.19
1656907566689,22.09
1656907867014,22.05
1656908168053,22.01
1656908468601,21.98
1656908771088,22.06
1656909071380,22.2
1656909373171,22.45
1656909966364,22.34
1656910267704,22.28
1656910567854,22.23
1656911166616,22.11
1656911468417,22.07
1656911771771,22.0
1656912074312,21.97
1656912667049,21.94
1656912968160,21.98
1656913268313,22.02
1656913569573,22.21
1656913872091,22.5
1656914173621,22.43
1656914474316,22.38
1656915067401,22.45
1656915368182,22.42
1656915669374,22.39
1656915974143,22.35
1656916274458,22.34
1656916868700,22.49
1656917168832,22.47
1656919267966,19.44
1656919568051,18.96
1656919868295,18.81
1656920169107,22.02
1656920469194,22.51
1656920769433,22.6
1656921069480,22.57
1656921372981,22.55
1656921970676,22.74
1656922270787,22.72
1656922573411,22.96
1656922874687,23.13
1656923175131,23.35
1656923475673,23.31
1656924069968,23.08
1656924370016,23.02
1656924673458,22.96
1656924975271,22.93
1656925569404,22.88
1656925870250,22.83
1656926170408,22.79
1656926473578,22.79
1656926773618,22.75
1656927074873,22.83
1656927375410,22.73
1656927969332,22.88
1656928269690,22.87
1656928570510,22.85
1656929170650,22.66
1656929471699,22.58
1656929774712,22.53
1656930076224,22.54
1656930377135,22.52
1656930970045,22.88
1656931270256,22.9
1656931571007,22.94
1656931871189,23.06
1656932171210,23.31
1656932771258,23.51
1656933071768,23.5
1656933375043,23.46
1656933675121,23.43
1656933976530,23.39
1656934271648,19.49
1656934574809,22.9
1656934876254,23.42
1656935470467,23.5
1656936072793,19.41
1656936375560,22.65
1656936971147,23.5
1656937271776,23.59
1656937571874,23.55
1656937872809,23.51
1656938177376,23.32
1656938477553,23.25
1656939070600,23.19
1656939371110,23.16
1656940270696,23.1
1656940570829,23.04
1656940871420,23.04
1656941171507,23.13
1656941472375,23.28
1656941772888,23.26
1656942077611,23.19
1656942377714,23.15
1656942677834,23.11
1656942978900,23.04
1656943571234,22.7
1656943871914,22.59
1656944172728,22.55
1656944476069,22.55
1656944778097,22.54
1656945370968,22.76
1656945671087,22.82
1656945971428,22.83
1656946272039,23.25
1656946572096,23.21
1656947171620,23.52
1656947472339,23.53
1656947772689,23.51
1656948073287,23.46
1656948373326,23.44
1656948676688,23.41
1656948978542,22.71
1656949278642,22.6
1656949578753,22.55
1656949878902,22.49
1656950178976,22.51
1656950772406,22.74
1656951072990,22.9
1656951373891,22.88
1656951972217,22.82
1656952272804,22.76
1656952572884,22.34
1656952872928,22.24
1656953172970,22.16
1656953473901,22.14
1656953774288,22.14
1656954372631,22.18
1656954673337,22.15
1656954973715,22.21
1656955274220,22.35
1656955574288,22.65
1656955874428,22.6
1656956179520,22.44
1656956479774,22.35
1656956780094,22.29
1656957373091,22.23
1656957973881,22.32
1656958274777,22.31
1656958575687,22.31
1656958878936,22.29
1656959180774,22.22
1656959773126,22.29
1656960073534,22.54
1656960373900,22.55
1656960674167,22.5
1656960974991,22.43
1656961573648,22.33
1656961873690,22.28
1656962174881,22.24
1656962474923,22.2
1656962775292,22.15
1656963075457,22.13
1656963375477,22.1
1656963675546,22.06
1656963975995,22.04
1656964279185,22.06
1656964579505,22.21
1656964880818,22.5
1656965181527,22.38
1656965775324,22.26
1656966075815,22.19
1656966375956,22.18
1656966679344,22.12
1656966981609,22.12
1656967574334,22.09
1656967874627,22.05
1656968174743,22.01
1656968476962,21.97
1656968780214,21.82
1656969081764,21.91
1656969674785,22.16
1656969975478,22.15
1656970275620,22.11
1656970575696,22.04
1656970875819,22.0
1656971176337,21.96
1656971476671,21.91
1656971777440,21.89
1656972077825,21.84
1656972382369,21.77
1656972682543,21.73
1656972983066,21.68
1656973575858,21.74
1656973876118,21.94
1656974176321,22.12
1656974477236,22.05
1656974777245,22.0
1656975077333,21.94
1656975377357,21.88
1656975677972,21.84
1656975978493,21.78
1656976282697,21.76
1656976582833,21.72
1656976882839,21.68
1656977183144,21.65
1656977483873,21.62
1656978076111,21.48
1656978376314,21.6
1656978676703,21.86
1656978976842,21.84
1656979278467,21.78
1656979583398,21.72
1656979883631,21.66
1656980184096,21.59
1656980776569,21.54
1656981077144,21.48
1656981377369,21.24
1656981677596,21.17
1656981978223,21.13
1656982278527,21.09
1656982578545,21.1
1656982879185,21.25
1656983179193,21.58
1656983483751,21.52
1656983783898,21.47
1656984376997,21.35
1656984677688,21.28
1656984977821,21.2
1656985278618,21.15
1656985578735,21.13
1656985878788,21.11
1656986178888,21.08
1656986479383,21.05
1656986784226,20.97
1656987378505,21.15
1656987679033,21.46
1656987979136,21.38
1656988279171,21.3
1656988582519,21.33
1656988882839,21.31
1656989184684,21.27
1656989777603,21.19
1656990079804,21.14
1656990379823,21.09
1656990684754,21.06
1656990984916,21.04
1656991577858,21.1
1656991877994,21.25
1656992178056,21.45
1656992478754,21.41
1656992778803,21.36
1656993078852,21.3
1656993378898,21.27
1656993680457,21.24
1656993983964,21.18
1656994284038,21.15
1656994585602,21.13
1656995178417,21.08
1656995478664,21.04
1656995779341,21.18
1656996079359,21.34
1656996380270,21.64
1656996680369,21.59
1656996980484,21.54
1656997281170,21.48
1656997586058,21.44
1656998179015,21.36
1656998479852,21.31
1656998780764,21.28
1656999080857,21.24
1656999386064,21.58
1656999686154,21.61
1657000279235,21.72
1657000579327,21.97
1657000880916,22.04
1657001181411,22.0
1657001486280,21.94
1657001786523,21.91
1657002086646,21.86
1657002679858,21.78
1657002980420,21.78
1657003280457,21.78
1657003580618,21.73
1657003881509,21.7
1657004181630,21.65
1657004780118,21.87
1657005080557,22.22
1657005380640,22.17
1657005681643,22.08
1657005982047,22.02
1657006287035,21.97
1657006587076,21.86
1657006887145,21.8
1657007187441,21.77
1657007780626,21.71
1657008380854,21.64
1657008681115,18.88
1657008981394,18.54
1657009282300,21.36
1657009582315,21.99
1657009882371,22.04
1657010185956,22.19
1657010487776,22.16
1657010788101,22.12
1657011380742,22.06
1657011980907,22.0
1657012281029,21.99
1657012581231,22.0
1657012881782,21.96
1657013182780,21.99
1657013483127,22.11
1657013783397,22.57
1657014083409,22.66
1657014383439,22.64
1657014683459,22.62
1657014983952,22.57
1657015581512,22.54
1657015881609,22.49
1657016181721,22.49
1657016482371,22.46
1657016783685,22.43
1657017084138,22.42
1657017390489,22.61
1657017690768,22.67
1657018281889,23.07
1657018582600,19.78
1657019182941,22.69
1657019483607,19.58
1657019783876,22.59
1657020084281,23.03
1657020384381,23.1
1657020690638,23.09
1657020990795,23.1
1657021582194,23.08
1657021882384,23.08
1657022182499,23.1
1657022783015,23.33
1657023083043,23.63
1657023383324,23.58
1657023684002,20.01
1657023985372,22.91
1657024289397,23.31
1657024591590,23.29
1657024891747,23.25
1657025482649,23.25
1657025782974,23.23
1657026383215,23.32
1657026683781,23.34
1657026983854,23.38
1657027285196,23.5
1657027585236,23.78
1657027885295,23.82
1657028189690,23.72
1657028492035,23.67
1657028792221,23.62
1657029092210,23.59
1657029983845,23.55
1657030284474,23.54
1657030585744,23.51
1657030885912,23.48
1657031192126,23.45
1657031492241,23.43
1657031792441,23.29
1657032092439,23.39
1657032392469,23.68
1657032692670,23.61
1657032992887,23.55
1657033584173,23.41
1657033884778,23.35
1657034184978,23.31
1657034486225,23.26
1657034786321,23.25
1657035086358,23.23
1657035386417,23.22
1657035686472,23.21
1657035986659,23.18
1657036286666,23.18
1657036592988,23.3
1657036895211,23.54
1657037484616,23.4
1657037784739,23.33
1657038084739,23.28
1657038385424,23.23
1657038685457,23.19
1657038986782,23.1
1657039287128,23.06
1657039587159,23.03
1657039887194,23.0
1657040187287,22.96
1657040785332,22.97
1657041085843,23.01
1657041385885,23.15
1657041685897,23.47
1657041986068,23.39
1657042287383,23.34
1657042587427,23.13
1657042887632,23.08
1657043187708,23.02
1657043487722,22.99
1657043794042,22.93
1657044386287,23.03
1657044686492,23.01
1657044986541,22.96
1657045286998,22.94
1657045588409,22.94
1657045894752,23.04
1657046194896,23.04
1657046786112,23.09
1657047086799,23.06
1657047387059,23.03
1657047986484,22.92
1657048287043,22.89
1657048587087,22.82
1657048888469,22.82
1657049188597,22.79
1657049488640,22.76
1657049788663,22.48
1657050088739,22.45
1657050388782,22.52
1657050688810,22.72
1657050988818,22.85
1657051588518,22.72
1657051889111,22.62
1657052189208,22.56
1657052493352,22.55
1657052795645,22.51
1657053096026,22.47
1657053687090,22.33
1657053987773,22.29
1657054287962,22.22
1657054589342,22.21
1657054889796,22.28
1657055189872,22.38
1657055493947,22.63
1657055796024,22.56
1657056096272,22.51
1657056396425,22.45
1657056696493,22.41
1657057287682,22.28
1657057588375,22.24
1657057888490,22.21
1657058188502,22.18
1657058788377,22.09
1657059088878,22.05
1657059389500,22.12
1657059690216,22.26
1657059990737,22.56
1657060297028,22.48
1657060888145,22.14
1657061188202,22.04
1657061488347,21.98
1657061788351,21.94
1657062090620,21.91
1657062391106,21.82
1657062695396,21.78
1657062998758,21.75
1657063588667,21.68
1657063889076,21.69
1657064189274,21.7
1657064489600,21.97
1657064790926,21.95
1657065091039,21.89
1657065391126,21.83
1657065990363,21.78
1657066290856,21.73
1657066592047,21.69
1657066892100,21.64
1657067193276,21.61
1657067498163,21.59
1657067799250,21.53
1657068389584,21.47
1657068690114,21.6
1657068990413,21.9
1657069590045,21.87
1657069890682,21.84
1657070191823,21.79
1657070492043,21.74
1657070792053,21.67
1657071092147,21.65
1657071392153,21.62
1657071696506,21.57
1657071998514,21.53
1657072298799,21.52
1657073190336,21.6
1657073490435,21.91
1657073790919,21.89
1657074090986,21.84
1657074391098,21.79
1657074691197,21.71
1657074991262,21.63
1657075291327,21.59
1657075591419,21.55
1657075892701,21.52
1657076192779,21.48
1657076493294,21.46
1657076799579,21.42
1657077099754,21.38
1657077399911,21.4
1657077990982,21.63
1657078290992,21.81
1657078591065,21.93
1657078891106,21.9
1657079191178,21.86
1657079491816,21.79
1657079791841,21.76
1657080391483,21.77
1657080691538,21.73
1657080992208,21.71
1657081293502,21.67
1657081593674,21.63
1657081893700,21.61
1657082193736,22.0
1657082493781,22.26
1657082793933,22.39
1657083094032,22.34
1657083394037,22.29
1657083694231,22.24
1657084000451,22.18
1657084300546,22.13
1657084600746,22.11
1657084900887,22.07
1657085492132,22.01
1657085792721,22.1
1657086092863,22.1
1657086394214,22.1
1657086694506,22.21
1657086994535,22.46
1657087294953,22.51
1657087601268,22.38
1657087901644,22.31
1657088203478,22.28
1657088793149,22.19
1657089093346,22.14
1657089393568,22.26
1657089694923,22.26
1657089994931,22.24
1657090295091,22.2
1657090601492,22.16
1657091193362,22.36
1657091493926,22.57
1657091794262,22.75
1657092094329,22.69
1657092395399,22.64
1657092695573,22.57
1657093001883,22.66
1657093302834,22.65
1657093893419,22.57
1657094193806,22.53
1657094495837,22.51
1657094796012,22.5
1657095100065,22.47
1657095402242,22.44
1657095702626,22.54
1657096294025,22.91
1657096594377,23.02
1657096894541,23.03
1657097195779,23.01
1657097794747,19.6
1657098995172,19.39
1657099295323,18.92
1657099595947,22.11
1657099896089,22.59
1657100196134,22.79
1657100496196,23.05
1657100796228,23.26
1657101096275,23.27
1657101399735,23.22
1657101702673,23.19
1657102295511,23.14
1657102595700,23.12
1657102895794,23.09
1657103195795,23.08
1657103496018,23.11
1657103796663,23.17
1657104096711,23.16
1657104396872,23.18
1657104702072,23.23
1657105002340,23.37
1657105596830,23.68
1657105897138,23.73
1657106197187,23.7
1657106497359,23.65
1657106800776,23.61
1657107100854,23.6
1657107401059,23.77
1657107702518,23.81
1657108002622,23.81
1657108596594,23.82
1657108898766,23.81
1657109203193,23.79
1657109503456,23.83
1657109803586,23.98
1657110396775,24.24
1657110697016,24.24
1657110997938,24.39
1657111301377,24.38
1657111601628,24.35
1657111901803,24.33
1657112203209,24.31
1657112797301,24.2
1657113097378,24.19
1657113398288,24.17
1657113698299,24.17
1657114003431,24.13
1657114303582,24.14
1657114603735,24.31
1657114903784,24.44
1657115203806,24.68
1657115503992,24.61
1657116397927,24.53
1657116697940,24.47
1657116998089,24.44
1657117298986,24.4
1657117602521,24.38
1657117902593,24.34
1657118204247,24.13
1657118504507,24.07
1657118804551,24.02
1657119398214,24.09
1657119998752,24.46
1657120299459,24.38
1657120603048,24.34
1657120903129,24.3
1657121203143,24.24
1657121504940,24.21
1657121804966,23.77
1657122398726,23.63
1657122698967,23.6
1657122999735,23.57
1657123599215,23.54
1657123899853,23.54
1657124200213,23.62
1657124500361,23.75
1657124800469,23.97
1657125105332,23.97
1657125405450,23.76
1657125705707,23.69
1657126005774,23.65
1657126306069,23.59
1657127200209,23.67
1657127500502,23.66
1657127800625,23.63
1657128104212,23.59
1657128404239,23.56
1657128705925,23.57
1657129006075,23.39
1657129599721,23.61
1657129899759,23.6
1657130199812,23.53
1657130801756,23.34
1657131106204,23.28
1657131406491,23.24
1657131707196,23.2
1657132300216,23.15
1657132601022,22.94
1657132901190,22.87
1657133201239,22.85
1657133501252,22.9
1657133801592,23.04
1657134400521,23.22
1657134700551,23.2
1657135001419,23.16
1657135301472,23.12
1657135601481,23.07
1657135901575,23.03
1657136205171,22.86
1657136505226,22.79
1657136806923,22.75
1657137107211,22.72
1657137407313,22.7
1657137709356,22.64
1657138301087,22.67
1657138601142,22.81
1657138901225,23.13
1657139201627,23.08
1657139502163,23.02
1657139807173,22.97
1657140107392,22.91
1657140701310,22.82
1657141002232,22.78
1657141601558,22.77
1657141902534,22.76
1657142207659,22.74
1657142801480,22.69
1657143102437,22.76
1657143402485,22.89
1657143702714,23.13
1657144006078,23.09
1657144306251,23.04
1657144607969,23.0
1657145201933,22.91
1657145502821,22.83
1657145802896,22.79
1657146106444,22.75
1657146406594,22.73
1657146708107,22.71
1657147008169,22.76
1657147308241,22.73
1657147608311,22.76
1657147908397,22.87
1657148208488,23.1
1657148508851,23.14
1657148808875,23.09
1657149402289,22.98
1657149702357,22.93
1657150002407,22.9
1657150302656,22.87
1657150603367,22.85
1657150903557,22.84
1657151203848,22.82
1657151507344,22.78
1657151809169,22.74
1657152403993,22.67
1657152704409,22.76
1657153007423,23.03
1657153309254,23.06
1657153609398,23.0
1657153909573,22.95
1657154503223,22.87
1657154803409,22.8
1657155104268,22.74
1657155404309,22.7
1657155705415,22.66
1657156009816,22.64
1657156603283,22.61
1657156903361,22.59
1657157203366,22.6
1657157503427,22.72
1657157804273,22.96
1657158104493,22.95
1657158407873,22.87
1657158708025,22.81
1657159009922,22.76
1657159310570,22.72
1657159903956,22.66
1657160204784,22.62
1657160504819,22.59
1657160804822,22.55
1657161104891,22.52
1657161404896,22.49
1657161704936,22.49
1657162005024,22.56
1657162305059,22.71
1657162605078,22.93
1657162905715,22.9
1657163210586,22.82
1657163510590,22.76
1657163810929,22.69
1657164404304,22.62
1657164704423,22.54
1657165005269,22.55
1657165305470,22.54
1657165605509,22.53
1657165905597,22.46
1657166209187,22.42
1657166804782,22.59
1657167105083,22.88
1657167405766,22.82
1657167705826,22.76
1657168009391,22.69
1657168311182,22.64
1657168611205,22.65
1657169204977,22.56
1657169505930,22.56
1657169806092,22.53
1657170106861,22.5
1657170409701,22.46
1657170709992,22.42
1657171011608,22.44
1657171605394,22.88
1657171906354,22.86
1657172211509,22.88
1657172511602,22.84
1657173105486,22.73
1657173405526,22.68
1657173707478,22.66
1657174010222,22.69
1657174312037,22.67
1657174905582,22.61
1657175205852,22.56
1657175505989,22.59
1657175806775,22.83
1657176106978,23.13
1657176410497,23.11
1657176712369,23.06
1657177012509,22.99
1657177314318,22.93
1657177906145,22.89
1657178206264,22.85
1657178507180,19.73
1657178807207,19.21
1657179107596,19.07
1657179705782,19.0
1657180006244,22.31
1657180306333,22.99
1657180606344,23.37
1657181206784,23.36
1657181507731,23.38
1657182106644,23.3
1657182407765,23.26
1657182707802,23.22
1657183007922,23.37
1657183606756,23.35
1657183906963,23.32
1657184206971,23.28
1657184807379,23.36
1657185108404,23.5
1657185707091,23.67
1657186307299,23.61
1657186608292,23.89
1657186908406,23.88
1657187507337,23.85
1657187807403,23.83
1657188407527,23.74
1657188708569,23.7
1657189009010,23.69
1657189309050,23.69
1657189907684,23.93
1657190208663,24.32
1657190509727,24.29
1657191107932,24.24
1657191408869,24.19
1657192008281,24.23
1657192309008,24.23
1657192609051,24.2
1657192909090,24.18
1657193209151,24.17
1657193509330,24.2
1657194108281,24.24
1657194408571,24.38
1657194709638,24.53
1657195608798,24.66
1657195908954,24.67
1657196209654,24.63
1657196510048,24.63
1657196810099,24.6
1657197110336,24.58
1657197708973,24.69
1657198009869,24.69
1657198309895,24.69
1657198609955,24.65
1657199209246,24.65
1657199510085,24.77
1657199810467,25.0
1657200110485,25.1
1657200709250,25.01
1657201010322,25.07
1657201310338,25.07
1657201909259,25.01
1657202209260,24.99
1657202809519,25.0
1657203110492,24.99
1657203410580,24.97
1657204009664,24.96
1657204310624,25.04
1657204610876,25.22
1657205209641,25.4
1657205509676,25.38
1657205809718,25.35
1657206111976,25.3
1657206710083,25.23
1657207011182,25.19
1657207609990,25.13
1657207910008,25.14
1657208210057,24.99
1657208511160,24.94
1657208811267,24.9
1657209111539,24.9
1657209712524,25.05
1657210310433,25.3
1657210610604,25.26
1657210911686,25.22
1657211510479,25.13
1657211810516,24.94
1657212110605,24.83
1657212411673,24.74
1657212711673,24.69
1657213011807,24.68
1657213313065,24.65
1657213911159,24.99
1657214211252,25.12
1657214511279,25.3
1657214812174,25.24
1657215112321,25.18
1657215711290,25.0
1657216012270,24.92
1657216312535,24.88
1657217211675,24.8
1657217511707,24.78
1657217812684,24.76
1657218112974,24.79
1657218413136,24.89
1657219011647,24.68
1657219311851,24.67
1657219612832,24.63
1657219912900,24.54
1657220514191,24.46
1657221112232,24.39
1657221413350,24.33
1657222012070,24.3
1657222312127,24.27
1657222613137,23.95
1657222913172,23.99
1657223213249,24.11
1657223513364,24.17
1657224114362,24.09
1657224712458,23.93
1657225012474,23.89
1657225313585,23.85
1657225912468,23.78
1657226212583,23.46
1657226513654,23.39
1657226813799,23.36
1657227113890,23.39
1657228013173,23.71
1657228314214,23.68
1657228614457,23.67
1657229212902,23.58
1657229512912,23.53
1657229813484,23.31
1657230114390,23.25
1657230713226,23.2
1657231013239,23.16
1657231315936,23.14
1657231913640,23.19
1657232214685,23.27
1657232813382,23.41
1657233113583,23.4
1657233414643,23.27
1657233714789,23.21
1657234313605,23.1
1657234613610,23.04
1657234915639,23.0
1657235513978,22.8
1657235814185,22.76
1657236115045,22.75
1657236415148,22.76
1657236715626,22.83
1657237313947,22.97
1657237614155,22.93
1657237914290,22.9
1657238214427,22.83
1657238516557,22.81
1657239114859,22.68
1657239415120,22.63
1657239715124,22.61
1657240015978,22.58
1657240316021,22.56
1657240915021,22.59
1657241215917,22.67
1657241814672,22.8
1657242415209,22.74
1657242716078,22.68
1657243016376,22.63
1657243614947,22.57
1657243916005,22.52
1657244216037,22.43
1657244516370,22.38
1657245115035,22.36
1657245415309,22.39
1657245716514,22.48
1657246315642,22.67
1657246616649,22.64
1657247215392,22.57
1657247515424,22.5
1657247815434,22.51
1657248115511,22.5
1657248415602,22.45
1657248715662,22.41
1657249016738,22.38
1657249318345,22.37
1657249915877,22.41
1657250216027,22.47
1657250517043,22.66
1657250817121,22.59
1657251415953,22.73
1657251716018,22.71
1657252016072,22.66
1657252316299,22.64
1657252616639,22.59
1657252918463,22.56
1657253516433,22.47
1657253816676,22.45
1657254117548,22.48
1657254417715,22.56
1657254717879,22.77
1657255316582,22.87
1657255616682,22.84
1657255917794,22.8
1657256217830,22.74
1657256518452,22.71
1657257117268,22.62
1657257418177,22.56
1657258016882,22.51
1657258317156,22.56
1657258618081,22.8
1657258918121,23.02
1657259218174,23.04
1657259518393,22.97
1657260119222,22.88
1657260717865,22.8
1657261018074,22.75
1657261318827,22.7
1657261917641,22.67
1657262218689,22.82
1657262519337,22.91
1657263117541,23.17
1657263417842,23.21
1657264018141,23.1
1657264319231,23.03
1657264917884,22.96
1657265218990,22.92
1657265519001,22.88
1657265819088,22.97
1657266417876,22.96
1657266717899,23.0
1657267017962,23.11
1657267320375,23.26
1657267918687,23.3
1657268219488,23.28
1657268818305,23.2
1657269118401,23.16
1657269419315,23.22
1657269719478,23.2
1657270318487,19.74
1657270618634,19.17
1657271219523,19.69
1657271819082,19.56
1657272119089,19.48
1657272419099,19.44
1657272719277,19.38
1657273318995,22.83
1657273619241,23.36
1657274219136,23.43
1657274819470,23.44
1657275119549,23.43
1657275419574,23.47
1657275719701,23.57
1657276019764,23.7
1657276619596,23.97
1657276919682,23.99
1657277220113,23.95
1659942202197,19.05
1659942801969,21.66
1659943102113,22.04
1659943701906,22.12
1659944002043,22.77
1659944602651,22.32
1659945202140,22.05
1659945502244,22.0
1659945803054,22.02
1659946402520,22.02
1659946702523,22.09
1659947002775,22.12
1659947602483,22.07
1659948202492,22.04
1659948502569,22.02
1659948802602,22.03
1659949102677,22.03
1659949403520,22.07
1659950002970,22.29
1659950302993,22.32
1659950902978,22.31
1659951502971,22.37
1659951802992,22.37
1659952403209,22.33
1659953003562,22.32
1659953603564,22.3
1659953903588,22.32
1659954503483,22.24
1659954803497,22.26
1659955403514,22.79
1659956003664,22.86
1659956303679,22.9
1659956603973,22.91
1659957203992,23.07
1659957803638,23.25
1659958103815,23.23
1659958403907,23.25
1659959003935,23.17
1659959604124,23.13
1659960205556,23.12
1659960804648,22.99
1659961105371,19.27
1659961405503,18.67
1659961705686,18.53
1659962005923,18.5
1659962604694,22.29
1659962905390,22.97
1659963205663,23.08
1659963505924,23.07
1659963806047,23.01
1659964404765,23.02
1659964704952,23.08
1659965005773,23.21
1659965306096,23.19
1659965606236,23.17
1659966204765,22.86
1659966505003,22.88
1659966805934,22.87
1659967106075,22.86
1659967406466,22.88
1659967706503,22.98
1659968006554,23.01
1659968306576,22.93
1659968606612,22.93
1659968906742,22.92
1659969505241,23.68
1659969805293,23.82
1659970105312,23.56
1659970405712,23.4
1659970706733,23.37
1659971006770,23.36
1659971306982,23.6
1659971607310,23.64
1659972205779,23.64
1659972506769,23.76
1659972806918,23.79
1659973107147,23.85
1659973407440,23.82
1659974005865,23.83
1659974305899,23.88
1659974606279,27.16
1659974907060,24.74
1659975207223,24.13
1659975507368,23.76
1659975807537,23.64
1659976406164,23.34
1659976706257,26.16
1659977006261,24.71
1659977306306,23.76
1659977606355,23.53
1659977907404,23.21
1659978207780,23.14
1659978507914,23.06
1659978808243,23.06
1659979406559,23.05
1659979706631,23.05
1659980006657,23.37
1659980306773,23.28
1659980606828,22.91
1659980907877,22.84
1659981208094,22.79
1659981508365,22.78
1659981808683,22.78
1659982407292,23.04
1659982707346,23.07
1659983008307,22.93
1659983308336,22.86
1659983608435,22.8
1659983908670,22.47
1659984208867,22.41
1659984508898,22.48
1659985107335,22.41
1659985407728,22.46
1659985708478,22.45
1659986008748,22.55
1659986309067,22.59
1659986907697,22.49
1659987207707,22.41
1659987508800,22.21
1659987808841,22.12
1659988109180,22.1
1659988707797,22.23
1659989008272,22.27
1659989308923,22.34
1659989609169,22.39
1659989909463,22.4
1659990209467,22.39
1659990808066,22.39
1659991109145,22.4
1659991409209,22.41
1659991709537,22.39
1659992009622,22.39
1659992608643,22.35
1659992909387,22.33
1659993209951,22.31
1659993509985,22.31
1659994108897,22.3
1659994409594,22.32
1659994709680,22.35
1659995009722,22.36
1659995309783,22.33
1659995610085,22.34
1659995910230,22.34
1659996210516,22.32
1659996809049,22.3
1659997109954,22.31
1659997409974,22.28
1659997710037,22.29
1659998010360,22.36
1659998310567,22.38
1659998610625,22.34
1659999209372,22.51
1659999510264,22.39
1659999810622,22.33
1660000409496,22.36
1660000710486,22.28
1660001010611,22.28
1660001310843,22.29
1660001611004,22.29
1660002209639,22.25
1660002510732,22.26
1660002810741,22.26
1660003110743,22.27
1660003411507,22.25
1660004010027,22.26
1660004311099,22.26
1660004611269,22.26
1660004911454,22.27
1660005510222,22.25
1660005811234,22.24
1660006111239,22.24
1660006411253,22.22
1660006711285,22.22
1660007011781,22.22
1660007610512,22.21
1660007911599,22.2
1660008211889,22.22
1660008511895,22.23
1660008811900,22.22
1660009112031,22.22
1660009710750,22.23
1660010011757,22.24
1660010311822,22.23
1660010612181,22.24
1660010912325,22.23
1660011510987,22.16
1660011811913,22.11
1660012111941,22.08
1660012412234,22.13
1660012712507,22.11
1660013012721,22.16
1660013611116,22.18
1660013911171,22.22
1660014211593,22.23
1660014512260,22.23
1660014812567,22.22
1660015112703,22.21
1660015412928,22.19
1660016011472,22.19
1660016312479,22.21
1660016612587,22.22
1660016912607,22.22
1660017212724,22.23
1660017512773,22.23
1660017813023,22.23
1660018113254,22.15
1660018413391,22.14
1660019011819,22.14
1660019311910,22.14
1660019612934,22.13
1660019913257,22.17
1660020213409,22.2
1660020812017,22.23
1660021113098,22.22
1660021413501,22.22
1660021713521,22.21
1660022013537,22.33
1660022313745,22.37
1660022613781,22.36
1660023212484,22.26
1660023513446,22.33
1660023813631,22.33
1660024113720,22.32
1660024413932,22.32
1660024714187,22.28
1660025014521,22.26
1660025613105,22.48
1660025913272,22.55
1660026213983,22.97
1660026514342,23.03
1660027112942,22.87
1660027413121,22.79
1660027714196,24.16
1660028014330,23.2
1660028314459,22.89
1660028614771,22.83
1660029213681,22.38
1660029514532,22.19
1660029814614,22.21
1660030114857,22.29
1660030414925,22.48
1660031013572,22.55
1660031313589,22.52
1660031613598,22.49
1660031913781,22.49
1660032213860,22.47
1660032514859,22.48
1660032815097,22.48
1660033115454,22.48
1660033713878,22.5
1660034014902,22.5
1660034315215,22.65
1660034615493,22.68
1660035214106,22.69
1660035514137,22.67
1660035814393,22.67
1660036115315,22.69
1660036415466,22.7
1660036715559,22.69
1660037015722,22.66
1660037315744,22.66
1660037615919,22.67
1660037915923,22.97
1660038514501,23.01
1660038814973,23.04
1660039115677,23.02
1660039415929,23.02
1660039715953,23.01
1660040016300,23.08
1660040615299,22.9
1660040916259,23.52
1660041216321,23.35
1660041815204,23.57
1660042116201,23.79
1660042416373,23.7
1660042716923,23.55
1660043315273,23.55
1660043615326,23.53
1660043915414,23.53
1660044216368,23.38
1660044516716,23.33
1660045114811,23.57
1660045415108,23.6
1660045715525,23.8
1660046015640,24.01
1660046615917,23.89
1660046917029,23.77
1660047217135,23.58
1660047815151,23.59
1660048115286,23.59
1660048415306,23.59
1660048715921,23.71
1660049016090,23.88
1660049316102,23.88
1660049616165,23.85
1660049916176,23.87
1660050216618,23.83
1660050517485,23.85
1660050817544,23.83
1660051117578,23.8
1660051715713,23.81
1660052015826,23.84
1660052315855,23.94
1660052616520,23.84
1660052917647,23.81
1660053217860,23.73
1660053816540,23.79
1660054116736,23.76
1660054417082,23.78
1660054718202,23.79
1660055316164,23.81
1660055616218,24.18
1660055916400,24.07
1660056217030,23.97
1660056518133,23.9
1660056818314,23.86
1660057416916,23.83
1660057717249,23.99
1660058017498,24.0
1660058317724,24.0
1660058618542,23.99
1660059216841,24.02
1660059517506,23.87
1660059817560,23.84
1660060117617,23.83
1660060417673,23.82
1660060718713,23.83
1660061019268,23.95
1660061617191,23.83
1660061917831,23.8
1660062217858,23.88
1660062518936,23.94
1660062819049,23.96
1660063119107,23.85
1660063419140,23.85
1660063719149,23.87
1660064019245,23.87
1660064319250,23.79
1660064619748,23.75
1660065217727,23.67
1660065517784,23.65
1660065818427,23.68
1660066119504,23.65
1660066419683,23.67
1660067017967,23.91
1660067318613,23.82
1660067618655,23.67
1660067918770,23.56
1660068219270,23.43
1660068520139,23.4
1660068820140,23.4
1660069120285,23.41
1660069718464,23.36
1660070019125,23.35
1660070320226,23.69
1660070620236,25.71
1660070920303,26.14
1660071220310,23.96
1660071520319,23.36
1660071820852,23.17
1660072418791,23.03
1660072719420,23.0
1660073019428,23.0
1660073319575,22.97
1660073620656,22.99
1660074218717,22.76
1660074518914,22.74
1660074819586,22.69
1660075119701,22.69
1660075420368,22.67
1660075720916,22.68
1660076020992,22.67
1660076321094,22.66
1660076919177,22.66
1660077219246,22.63
1660077519924,22.42
1660077819926,22.4
1660078119984,22.37
1660078420113,22.38
1660078721080,22.38
1660079021574,22.38
1660079619588,22.38
1660079920276,22.38
1660080221307,22.39
1660080521329,22.39
1660080821470,22.37
1660081121491,22.3
1660081421572,22.38
1660082019814,22.33
1660082319953,22.32
1660082621727,22.46
1660082921769,22.49
1660083221963,22.4
1660083522001,22.38
1660084120153,22.37
1660084420823,22.37
1660084720827,22.26
1660085021013,22.25
1660085322053,22.25
1660085622136,22.25
1660085922209,22.25
1660086222412,22.24
1660086820690,22.25
1660087121349,22.24
1660087421474,22.24
1660087722460,22.24
1660088022504,22.25
1660088322603,22.2
1660088920789,22.2
1660089220870,22.19
1660089521562,22.17
1660089822125,22.17
1660090122718,22.17
1660090423003,22.17
1660090723064,22.2
1660091321057,22.2
1660091621058,22.18
1660091921060,22.2
1660092221129,22.18
1660092521173,22.22
1660092821850,22.21
1660093122012,22.21
1660093422309,22.21
1660093723181,22.22
1660094023318,22.2
1660094323347,22.2
1660094921543,22.19
1660095221635,22.2
1660095522265,22.16
1660095822352,22.16
1660096123479,22.15
1660096423758,22.16
1660097022249,22.17
1660097322468,22.22
1660097622710,22.21
1660097922954,22.21
1660098223732,22.18
1660098523981,22.17
1660098824166,22.17
1660099124221,22.04
1660099424234,22.04
1660100022306,22.02
1660100322964,21.97
1660100623570,21.97
1660100924230,21.97
1660101224359,21.98
1660101524442,21.98
1660102122560,22.0
1660102422619,22.01
1660102722718,22.07
1660103022870,22.04
1660103323521,22.04
1660103623555,22.03
1660103923674,22.04
1660104224001,22.06
1660104524682,21.95
1660104825167,21.94
1660105422970,22.02
1660105723088,22.05
1660106023776,22.04
1660106324873,22.16
1660106624972,22.17
1660106925028,22.17
1660107225079,22.15
1660107823762,22.11
1660108124314,22.11
1660108425426,22.13
1660108725731,22.13
1660109323480,22.13
1660109623571,22.11
1660109923623,22.45
1660110223992,22.47
1660110524327,22.44
1660110824399,22.49
1660111125496,22.5
1660111426001,22.53
1660112024030,22.53
1660112324464,22.5
1660112624781,24.58
1660112925862,26.78
1660113225979,27.24
1660113526086,24.74
1660114124294,23.87
1660114424649,23.52
1660114724971,23.43
1660115025454,23.21
1660115326247,22.95
1660115626473,22.77
1660115926544,22.71
1660116524722,23.19
1660116825396,26.46
1660117126472,24.63
1660117426525,24.23
1660117726550,23.77
1660118026742,23.48
1660118625455,23.22
1660118925632,23.18
1660119225907,23.17
1660119526948,23.19
1660120125319,23.15
1660120425830,23.15
1660120725942,23.45
1660121026056,23.51
1660121326990,23.53
1660121627075,23.48
1660121927106,23.47
1660122227718,23.46
1660122825610,23.41
1660123126262,23.44
1660123426268,23.44
1660123727378,23.55
1660124027699,23.57
1660124626592,23.89
1660124927653,23.91
1660125227654,23.94
1660125527810,23.94
1660125828268,23.98
1660126426168,24.04
1660126726320,24.17
1660127026991,24.19
1660127326998,24.2
1660127627167,24.3
1660127928239,24.51
1660128228276,24.56
1660128826394,24.46
1660129126407,24.48
1660129426931,24.53
1660129727078,24.58
1660130027366,24.59
1660130327493,24.68
1660130628545,24.7
1660131227822,24.73
1660131528481,25.0
1660131828671,25.04
1660132426815,25.04
1660132726911,25.04
1660133327249,25.03
1660133627350,25.06
1660133927395,25.06
1660134227832,25.12
1660134527972,25.13
1660134829053,25.14
1660135129085,25.27
1660135429224,25.29
1660135729289,25.31
1660136029448,25.34
1660136329461,25.23
1660136629767,25.16
1660137227668,25.3
1660137528027,25.38
1660137828245,25.49
1660138128314,25.53
1660138428490,25.55
1660138729523,25.56
1660139029746,25.62
1660139627862,25.6
1660139927910,25.61
1660140228443,25.62
1660140528803,25.72
1660140828980,25.75
1660141130129,25.75
1660141728200,25.88
1660142028880,25.86
1660142328921,25.84
1660142629227,25.81
1660142930221,25.79
1660143230352,25.76
1660143828860,25.78
1660144129269,25.88
1660144429490,25.89
1660144729551,25.9
1660145030546,25.89
1660145330556,25.97
1660145631282,26.0
1660146229040,25.75
1660146529417,25.71
1660146829800,25.69
1660147129808,25.66
1660147430393,25.67
1660147730970,25.74
1660148031544,25.76
1660148629131,25.75
1660148929225,25.73
1660149229238,25.73
1660149529319,25.52
1660149829546,25.48
1660150130053,25.48
1660150430128,25.48
1660150730184,25.45
1660151030631,25.45
1660151331548,25.43
1660151631727,25.42
1660152229724,25.41
1660152529784,25.4
1660152829795,25.4
1660153130029,25.21
1660153430675,25.18
1660153731754,25.18
1660154031808,25.17
1660154331919,25.17
1660154632355,25.16
1660155230362,25.18
1660155530440,25.18
1660155830961,25.19
1660156130994,25.19
1660156431049,25.9
1660156731094,25.3
1660157031361,25.03
1660157332363,24.83
1660157930502,24.55
1660158230970,24.51
1660158531388,24.54
1660158831594,24.55
1660159132621,24.55
1660159432766,24.52
1660159732823,24.5
1660160331030,24.37
1660160631094,24.44
1660160931777,24.43
1660161232879,24.23
1660161532948,24.19
1660161833425,24.12
1660162431443,24.12
1660162732080,24.12
1660163032081,24.04
1660163332139,24.04
1660163632141,24.01
1660163933244,23.97
1660164233807,23.93
1660164831679,23.95
1660165131777,23.96
1660165432253,23.95
1660165732463,23.88
1660166032708,23.85
1660166333796,23.86
1660166932021,23.79
1660167232126,23.75
1660167532708,23.6
1660167832891,23.56
1660168133868,23.59
1660168434066,23.54
1660169034123,23.53
1660169632565,23.51
1660169933174,23.56
1660170233208,23.58
1660170533255,23.58
1660170834330,23.44
1660171134382,23.25
1660171434503,23.1
1660172032604,23.15
1660172332907,23.21
1660172633271,23.21
1660172933658,23.22
1660173233709,23.25
1660173533763,23.27
1660173834801,23.28
1660174134806,23.27
1660174434889,23.24
1660174735022,23.1
1660175333164,23.07
1660175633188,23.06
1660175933891,23.03
1660176234546,23.05
1660176535172,23.03
1660176835378,23.03
1660177135386,23.03
1660177733453,22.99
1660178033537,23.0
1660178333555,22.84
1660178633602,22.86
1660178933665,22.89
1660179234357,22.86
1660179534468,22.87
1660179834725,22.82
1660180134841,22.84
1660180435937,22.84
1660181033938,22.82
1660181334029,22.81
1660181634206,22.8
1660181934873,22.74
1660182235208,22.73
1660182536049,22.72
1660182836246,22.72
1660183434730,22.72
1660183735171,22.89
1660184035428,22.92
1660184336505,22.91
1660184934579,22.82
1660185234944,22.79
1660185535504,22.68
1660185835521,22.65
1660186135620,22.65
1660186436716,22.64
1660186736778,22.65
1660187037413,22.62
1660187635170,22.61
1660187935270,22.59
1660188235819,22.59
1660188535930,22.58
1660188837010,22.57
1660189137122,22.64
1660189437188,22.65
1660190035386,22.66
1660190335424,22.66
1660190636038,22.64
1660190936196,22.64
1660191236417,22.65
1660191536546,22.63
1660191837471,22.63
1660192137497,22.65
1660192437551,22.64
1660192737665,22.53
1660193037916,22.51
1660193635805,22.48
1660193935999,22.5
1660194236307,22.48
1660194536727,22.48
1660194836874,22.48
1660195136968,22.48
1660195438006,22.51
1660195738183,22.51
1660196336418,22.55
1660196636479,22.56
1660196937064,22.56
1660197237162,22.57
1660197537234,22.57
1660197837737,22.57
1660198138447,22.58
1660198438755,22.57
1660198738765,22.57
1660199336865,22.7
1660199636901,22.68
1660199937019,23.14
1660200237680,23.19
1660200537899,23.19
1660200838993,23.19
1660201139102,23.18
1660201439158,23.58
1660201739166,23.71
1660202039288,23.56
1660202637466,23.4
1660202937480,23.33
1660203237735,23.31
1660203538269,23.81
1660203838422,26.07
1660204139484,24.8
1660204439504,24.37
1660205038056,24.36
1660205338397,24.23
1660205638620,24.21
1660205938717,23.99
1660206239787,23.9
1660206539797,23.88
1660206840018,23.94
1660207438260,24.27
1660207738865,24.31
1660208040017,24.33
1660208340280,24.34
1660208640477,24.36
1660209238658,24.29
1660209539307,24.25
1660209840287,24.24
1660210438487,24.24
1660210738586,24.54
1660211038586,24.58
1660211338690,24.59
1660211638771,24.6
1660211939077,24.6
1660212239649,24.6
1660212840532,24.68
1660213439479,24.74
1660213740246,24.74
1660214041162,24.7
1660214341466,24.96
1660214939269,25.04
1660215239950,25.22
1660215539970,25.33
1660215840547,25.32
1660216141403,25.33
1660216441479,25.39
1660216741528,25.41
1660217339470,25.4
1660217640974,25.4
1660217941505,25.58
1660218241624,25.7
1660218839804,25.73
1660219140502,25.75
1660219440835,25.75
1660219741700,25.96
1660220042156,26.0
1660220342156,26.01
1660220940506,26.01
1660221240753,26.07
1660221540998,26.11
1660221841090,26.22
1660222142147,26.24
1660222442263,26.24
1660222742294,26.23
1660223042574,26.59
1660223641050,26.5
1660223941420,26.33
1660224242564,26.29
1660224542667,26.17
1660224842675,27.43
1660225142694,27.2
1660225442765,26.97
1660226040964,26.63
1660226341660,26.5
1660226642234,26.52
1660226942906,26.6
1660227242973,26.6
1660227543217,26.6
1660228141352,26.64
1660228441948,26.65
1660228742027,26.63
1660229043142,26.57
1660229343164,26.57
1660229643263,26.82
1660229943421,26.75
1660230243565,26.74
1660230841776,26.74
1660231142391,26.74
1660231443053,26.74
1660231743760,26.74
1660232341974,26.64
1660232642234,26.63
1660232942592,26.64
1660233242627,26.64
1660233542667,26.66
1660233843102,26.65
1660234143895,26.65
1660234444066,26.66
1660234744495,26.67
1660235342298,27.2
1660235642414,27.32
1660235942999,26.98
1660236243130,26.91
1660236543268,26.67
1660236843511,26.48
1660237144316,26.44
1660237444740,26.43
1660238042890,26.48
1660238343000,26.5
1660238643445,26.54
1660238943788,26.54
1660239244677,26.55
1660239544818,26.17
1660239844960,27.01
1660240144964,27.19
1660240444964,26.78
1660240744999,28.59
1660241045565,27.16
1660241644432,26.51
1660241945469,26.34
1660242245506,26.12
1660242844241,25.97
1660243144315,25.44
1660243444468,25.35
1660243744477,25.31
1660244045571,25.35
1660244644916,25.3
1660244945800,25.25
1660245246042,25.26
1660245546106,25.23
1660246144708,25.21
1660246444803,25.2
1660246745830,24.86
1660247045932,24.83
1660247345967,24.83
1660247646343,24.82
1660248245580,24.81
1660248546151,24.79
1660248846336,24.77
1660249146441,24.77
1660249745209,24.75
1660250045409,24.74
1660250346425,24.63
1660250646578,24.6
1660250946584,24.6
1660251246789,24.58
1660251845889,24.56
1660252146665,24.58
1660252446883,24.58
1660252747047,24.55
1660253345981,24.57
1660253647016,24.54
1660253947080,24.34
1660254247082,24.32
1660254547110,24.31
1660254847193,24.3
1660255147195,24.29
1660255447742,24.31
1660256046269,24.26
1660256347385,24.29
1660256647561,24.26
1660257246355,24.07
1660257546486,23.95
1660257846604,23.97
1660258147727,23.98
1660258746824,23.96
1660259047016,23.97
1660259347761,23.97
1660259648047,24.0
1660259948055,24.01
1660260546760,23.99
1660260846910,23.99
1660261147945,23.87
1660261448130,23.85
1660262047097,23.82
1660262347169,23.84
1660262648018,23.84
1660262948285,23.72
1660263248517,23.69
1660263548644,23.68
1660264147371,23.67
1660264447469,23.67
1660264748596,23.55
1660265048678,23.53
1660265348721,23.54
1660265648798,23.53
1660265948903,23.53
1660266249183,23.54
1660266847959,23.58
1660267148054,23.59
1660267449082,23.58
1660267749176,23.55
1660268348146,23.51
1660268648156,23.49
1660268949273,23.5
1660269249439,23.5
1660269848669,23.48
1660270149675,23.37
1660270449757,23.65
1660271048532,23.46
1660271349659,23.4
1660271649929,23.34
1660272249124,23.19
1660272550084,23.16
1660272850143,23.14
1660273449205,23.16
1660273750001,23.22
1660274050100,23.26
1660274351013,23.25
1660274948980,23.22
1660275249055,23.21
1660275549196,23.21
1660275850280,23.21
1660276150380,23.21
1660276450697,23.19
1660277049589,23.19
1660277350560,23.2
1660277650678,23.21
1660277950869,23.21
1660278549599,23.18
1660278850640,23.17
1660279150811,23.22
1660279450821,23.22
1660279750942,23.23
1660280349866,23.21
1660280650141,23.21
1660280951009,23.24
1660281251171,23.23
1660281551193,23.23
1660281851299,23.22
1660282450136,23.27
1660282751269,23.44
1660283051333,23.46
1660283351341,23.45
1660283651443,23.47
1660283951476,23.48
1660284251824,23.39
1660284850804,23.31
1660285150969,23.47
1660285451608,23.51
1660285751820,23.51
1660286053755,20.44
1660286649969,23.73
1660286950132,24.26
1660287250820,25.4
1660287550895,25.64
1660287851420,24.6
1660288152235,24.22
1660288452520,24.22
1660288752528,24.07
1660289053124,23.95
1660289650648,23.91
1660289950738,24.3
1660290250802,24.35
1660290550805,24.37
1660290850841,24.4
1660291151080,24.4
1660291451413,24.43
1660547387940,25.09
1660547688105,25.55
1660548288056,25.64
1660548887972,25.88
1660549188179,25.92
1660549489097,25.94
1660550088214,26.54
1660550388244,26.67
1660550689116,26.3
1660551288625,26.07
1660551588685,25.98
1660552188473,25.99
1660552488515,26.15
1660552788629,26.17
1660553088676,26.16
1660553388698,26.14
1660553688920,26.14
1660554289293,26.16
1660554888947,26.17
1660555189148,26.25
1660555789022,26.25
1660556089026,26.56
1660556389105,26.65
1660556689140,26.67
1660556989197,26.68
1660557589470,26.69
1660557889858,26.75
1660558489488,26.97
1660558789490,27.08
1660559089565,27.08
1660559389896,26.99
1660559989624,27.05
1660560289683,26.98
1660560589750,26.97
1660561189772,26.94
1660561490981,26.92
1660562089906,27.15
1660562390102,27.19
1660562989940,27.25
1660563289947,27.36
1660563590044,27.39
1660563890068,27.41
1660564190071,27.43
1660564790333,27.44
1660565091054,27.47
1660565690669,27.48
1660565990889,27.49
1660566590598,27.58
1660567190647,27.66
1660567490655,27.71
1660568090692,27.71
1660568390740,27.7
1660568691503,27.77
1660569291000,27.77
1660569591263,27.8
1660570191087,27.85
1660570791314,28.11
1660571391364,28.14
1660571991381,28.16
1660572292003,28.1
1660572891370,28.09
1660573191521,28.09
1660573791513,28.08
1660574391620,28.09
1660574691657,28.08
1660574991667,28.09
1660575291776,28.09
1660575892056,28.1
1660576492015,28.11
1660576792199,28.12
1660577392020,28.2
1660577992113,28.27
1660578592037,28.23
1660578892223,28.22
1660579192334,28.26
1660579492847,28.25
1660580092709,28.24
1660580692586,28.23
1660580992890,28.22
1660581592597,28.13
1660581892625,28.09
1660582492737,28.03
1660582792768,28.06
1660583093339,27.98
1660583692990,27.97
1660583993076,27.93
1660584593107,27.93
1660585193456,27.69
1660585793166,27.65
1660586093168,27.66
1660586393203,28.31
1660589995647,30.58
1660590593832,28.24
1660590894221,27.41
1660591494020,27.13
1660592093619,26.77
1660592393865,26.72
1660592693868,26.68
1660592993966,26.67
1660593594046,26.66
1660593894049,26.66
1660594194207,26.71
1660594794066,26.73
1660595094220,26.73
1660595394235,26.73
1660595994396,26.6
1660596294489,26.59
1660596594489,26.59
1660597194496,26.57
1660597494605,26.57
1660598094679,26.57
1660598694608,26.56
1660598995257,26.56
1660599594834,26.57
1660599894893,26.58
1660600495133,26.62
1660600795411,26.61
1660601395001,26.39
1660601695189,26.57
1660602295151,26.45
1660602595308,26.4
1660603195351,26.31
1660603795406,26.27
1660604095414,26.25
1660604395532,26.25
1660604695698,26.24
1660605295782,26.26
1660605895744,26.26
1660606195856,26.27
1660606796043,26.21
1660607096632,26.2
1660607695967,26.18
1660607996184,26.18
1660608296746,26.14
1660608896179,26.14
1660609196245,26.13
1660609796360,26.13
1660610096359,26.15
1660610396497,26.17
1660610996653,26.16
1660611296710,26.16
1660611897033,25.97
1660612496795,25.95
1660613096852,25.93
1660613396853,25.93
1660613696951,25.89
1660614296982,25.9
1660614597079,25.91
1660614897086,25.9
1660615197164,25.89
1660615497408,25.89
1660616097317,25.9
1660616697267,25.89
1660616997441,25.9
1660617597536,25.88
1660617897580,25.88
1660618497595,25.86
1660618797673,25.86
1660619097846,25.85
1660619697723,25.85
1660620297848,25.85
1660620897851,25.96
1660621197972,25.98
1660621797922,25.98
1660622097991,25.98
1660622398167,25.98
1660622698204,26.04
1660623298309,26.05
1660623598448,25.91
1660624198373,25.81
1660624798464,25.93
1660625398455,25.99
1660625698488,26.01
1660625998624,26.01
1660626298647,25.85
1660626598668,25.82
1660626898759,25.88
1660627498911,25.67
1660628098834,25.88
1660628399056,25.92
1660628999054,25.93
1660629299100,26.08
1660629599215,26.14
1660629899270,26.21
1660630499222,28.43
1660630799282,28.2
1660631399311,28.91
1660631699317,29.3
1660631999607,27.5
1660632599526,26.82
1660632899537,26.67
1660633199606,26.4
1660633499885,26.18
1660634099773,26.16
1660634700056,25.92
1660635299916,26.27
1660635599953,26.33
1660635900330,26.34
1660636500134,26.46
1660636800228,26.47
1660637100481,26.42
1660637700379,26.39
1660638000449,26.25
1660638600487,26.17
1660638900656,26.19
1660639500480,26.22
1660639800560,26.22
1660640101015,26.22
1660640700941,26.23
1660641300884,26.24
1660641900724,26.25
1660642201914,26.27
1660642801272,26.34
1660643401412,26.38
1660644002030,26.43
1660644601417,26.61
1660644901480,26.65
1660645201765,26.7
1660645501909,26.69
1660645801925,26.72
1660646401759,26.82
1660646701916,26.85
1660647001932,26.87
1660647602980,26.87
1660648202005,27.07
1660648502315,27.1
1660649102287,27.1
1660649402518,27.11
1660650002363,27.38
1660650302457,27.43
1660650602552,27.45
1660651503381,27.47
1660652102817,27.47
1660652702881,27.44
1660653003049,27.43
1660653303078,27.35
1660653603084,27.36
1660653903200,27.4
1660654503235,27.37
1660654804555,27.39
1660655403220,27.39
1660655703818,27.38
1660656303699,27.36
1660656903656,27.12
1660657503790,27.13
1660658103962,27.15
1660658705181,27.3
1660659007103,27.36
1660659604181,27.35
1660659904276,27.37
1660660204390,27.38
1660660804382,27.55
1660661404689,27.57
1660662305713,27.55
1660662905270,27.56
1660663504530,27.55
1660663805773,27.55
1660664404876,27.65
1660664705095,27.68
1660665005233,27.69
1660665305529,27.7
1660666205043,27.66
1660666506288,27.64
1660667105144,27.64
1660667406477,27.66
1660668005393,26.48
1660668306157,26.3
1660668905661,26.25
1660669506979,26.21
1660670107032,26.2
1660670705828,26.2
1660671006278,26.2
1660671306321,26.16
1660671606444,26.14
1660671907180,26.13
1660672506406,26.14
1660673107377,26.4
1660673707410,26.46
1660674306328,26.46
1660674606771,26.44
1660674906774,26.32
1660675506477,26.27
1660675807194,26.24
1660676707874,26.26
1660677307191,26.24
1660677608209,26.24
1660678207448,26.22
1660678806726,26.03
1660679106953,26.01
1660679407276,26.03
1660680308357,26.05
1660680908667,26.07
1660681507407,26.09
1660681807472,26.07
1660682108055,25.98
1660682707887,25.94
1660683007979,25.87
1660683609276,25.84
1660684208822,25.76
1660684808174,25.74
1660685108308,25.7
1660685408580,25.7
1660685708742,25.68
1660686308310,25.62
1660686608535,25.6
1660687210371,25.57
1660687510419,25.58
1660688108694,26.43
1660688708705,25.72
1660689308876,25.41
1660689908885,25.37
1660690208972,25.36
1660691110492,25.33
1660691709607,25.32
1660692309499,25.32
1660692909767,25.35
1660693509136,25.36
1660693810182,25.31
1660694710417,25.27
1660695309988,25.25
1660695610045,25.25
1660695910651,25.25
1660696510331,25.23
1660697110053,25.22
1660697410249,25.22
1660697710369,25.23
1660698611936,25.16
1660699211284,25.15
1660699810219,25.13
1660700110751,25.09
1660700710617,25.04
1660701010918,25.04
1660701910878,25.04
1660702511117,25.19
1660703110887,25.14
1660703711102,25.04
1660704312256,24.99
1660704912737,24.98
1660705511359,24.99
1660706111633,24.94
1660706711352,24.93
1660707312250,25.0
1660707912177,24.98
1660708511677,24.98
1660708813371,24.99
1660709411820,24.98
1660709711847,24.96
1660710012338,24.9
1660710611751,24.95
1660710911869,25.02
1660711212175,24.99
1660711512219,25.0
1660712112549,24.99
1660712713050,25.88
1660713312363,25.26
1660713612608,25.12
1660714212415,24.8
1660714512503,24.92
1660715112180,24.98
1660715412465,24.98
1660715712486,24.97
1660716313360,24.92
1660716912622,26.57
1660717213116,29.17
1660717812854,29.73
1660718113136,26.63
1660718413267,25.76
1660719013670,25.36
1660719615312,25.33
1660720213616,25.38
1660720514196,25.21
1660721113548,25.06
1660721414019,25.01
1660721714342,24.99
1660722313652,25.14
1660722914591,25.02
1660723515308,25.27
1660724114492,25.25
1660724714089,25.21
1660725015579,25.2
1660725615977,25.39
1660726213934,25.41
1660726514248,25.4
1660727115454,25.41
1660727416273,25.41
1660728014459,25.39
1660728314986,25.41
1660728914342,25.76
1660729216023,25.86
1660729814712,25.86
1660730115751,25.9
1660731015413,26.03
1660731615410,26.04
1660731915919,26.04
1660732216224,21.56
1660732816418,25.46
1660733117149,26.06
1660733715575,26.39
1660734316825,26.18
1660734617523,26.13
1660735217413,26.29
1660735517979,26.29
1660735818107,26.29
1660736416183,26.39
1660736717584,26.38
1660737017598,26.38
1660737917270,26.39
1660738517193,26.39
1660738817791,26.4
1660739118560,26.4
1660739716369,26.4
1660740016411,26.38
1660740317485,26.31
1660740617678,26.25
1660741817599,26.29
1660742118495,26.3
1660742716726,26.68
1660743017128,26.72
1660743317289,26.63
1660743618236,26.61
1660743918248,26.59
1660744218526,26.55
1660744518710,26.53
1660745117470,26.67
1660745417602,26.66
1660745718515,26.68
1660746018694,26.69
1660746319110,26.72
1660746917658,26.49
1660747218686,26.46
1660747519476,26.42
1660748117614,26.46
1660748717877,26.5
1660749018388,26.55
1660749319217,26.5
1660749918111,26.47
1660750218986,26.47
1660750519069,26.33
1660750819190,26.31
1660751119461,26.31
1660751718671,26.31
1660752318791,26.41
1660752619420,26.43
1660752919813,26.44
1660753518639,26.42
1660753819731,26.41
1660754419071,26.35
1660754720159,26.34
1660755319144,26.33
1660755918478,26.37
1660756219650,26.43
1660756520233,26.43
1660757118892,26.4
1660757419322,26.38
1660757720348,26.09
1660758319732,26.05
1660758620129,26.03
1660758920174,26.03
1660759520051,26.03
1660759820436,26.04
1660760419820,26.05
1660760720652,26.07
1660761020843,26.06
1660761320994,25.95
1660761920158,25.93
1660762220362,25.94
1660762521148,25.94
1660763120602,25.83
1660763421061,25.73
1660763721187,25.69
1660764021521,25.66
1660764619943,25.75
1660764920956,25.62
1660765221532,25.6
1660765521900,25.59
1660766120075,25.6
1660766721159,25.51
1660767021785,25.5
1660767322008,25.49
1660767920406,25.47
1660768220841,25.48
1660768521173,25.29
1660768821751,25.26
1660769421281,25.24
1660769722234,25.24
1660770022886,24.47
1660770620846,24.46
1660770920876,24.41
1660771221600,24.41
1660771522341,24.35
1660771823089,24.31
1660772420929,24.31
1660772721429,24.28
1660773022128,24.28
1660773322230,24.21
1660773921998,24.16
1660774222719,24.17
1660774522970,24.17
1660775121212,24.15
1660775421922,24.15
1660775722586,24.23
1660776022942,24.24
1660776621445,24.23
1660776921540,24.23
1660777523396,24.18
1660778122080,24.17
1660778422108,24.19
1660778723214,24.2
1660779023371,24.17
1660779323470,24.15
1660779922045,24.14
1660780223103,24.14
1660780523174,24.14
1660780824042,24.13
1660781124051,24.11
1660781424056,24.11
1660782022602,24.09
1660782323444,24.1
1660782623786,24.08
1660783222681,24.02
1660783523123,24.0
1660783823710,23.99
1660784123803,23.98
1660784722935,23.98
1660785023218,23.97
1660785324265,23.95
1660785624545,23.98
1660786223096,23.98
1660786523260,23.95
1660786824183,23.94
1660787124931,23.92
1660787723219,23.95
1660788025402,23.94
1660788325428,23.93
1660788924231,23.92
1660789224658,23.92
1660789823593,23.91
1660790124002,23.72
1660790424572,23.67
1660790725354,23.66
1660791323744,23.66
1660791626059,23.65
1660792224198,23.65
1660792525246,23.65
1660792825599,23.63
1660793424121,23.63
1660793724124,23.62
1660794024464,23.59
1660794325529,23.61
1660794625651,23.6
1660795524471,23.37
1660795824560,23.28
1660796124958,23.34
1660796425660,23.4
1660796726360,23.46
1660797324570,23.65
1660797624953,23.66
1660797925397,23.64
1660798226083,23.66
1660798526426,23.71
1660798826791,23.68
1660799126924,23.72
1660799725379,23.67
1660800026250,23.65
1660800326455,23.67
1660800925295,23.75
1660801225503,23.77
1660801526573,23.77
1660801826701,23.77
1660802126818,23.77
1660802426944,23.77
1660802727550,24.23
1660803028064,24.22
1660803626953,24.33
1660803927308,24.17
1660804227877,24.09
1660804825971,23.77
1660805126059,23.7
1660805426346,23.44
1660805727276,23.32
1660806027925,23.25
1660806328089,23.31
1660806927052,23.49
1660807227619,23.56
1660807527688,23.49
1660808126645,23.56
1660808426723,23.58
1660808727007,23.51
1660809027757,23.5
1660809327906,23.46
1660809628724,23.45
1660809928765,23.39
1660810527269,23.35
1660810827501,23.28
1660811128100,23.25
1660811428572,23.19
1660812027528,23.39
1660812328562,23.38
1660812927495,23.36
1660813229602,23.34
1660813828200,23.33
1660814128338,23.32
1660814428553,23.31
1660814728765,23.31
1660815028779,23.29
1660815328854,23.35
1660815629064,23.36
1660815930107,23.36
1660816528330,23.32
1660817128711,23.59
1660817429653,23.64
1660817729877,23.64
1660818328575,23.64
1660818628643,23.67
1660818929710,23.81
1660819529518,23.81
1660819829565,23.83
1660820129591,23.83
1660820430627,23.81
1660821029270,23.83
1660821329425,23.83
1660821630138,23.84
1660822229711,23.82
1660822530816,23.93
1660823129591,23.95
1660823430420,23.95
1660824330458,23.97
1660824630685,23.97
1660825229655,23.97
1660825530566,23.98
1660825830973,23.98
1660826429959,24.39
1660826730944,24.28
1660827330074,24.13
1660827631684,24.15
1660828230196,24.36
1660828531425,24.38
1660829431612,24.41
1660830029921,24.68
1660830330649,24.74
1660830630989,24.75
1660830931461,24.74
1660831531342,24.53
1660831831906,24.5
1660832132075,24.49
1660832432683,24.46
1660833031479,24.49
1660833630081,24.62
1660833930527,24.63
1660834231019,24.64
1660834531228,24.65
1660834832559,24.78
1660835430589,24.51
1660835731065,24.45
1660836031859,24.45
1660836631621,24.44
1660836931805,24.43
1660837231942,24.41
1660837531979,24.39
1660838130736,24.47
1660838432542,24.42
1660839631756,24.71
1660839932332,24.57
1660840232677,24.53
1660840831227,24.01
1660841131410,23.94
1660841431702,23.93
1660841731789,23.93
1660842331747,23.94
1660842632747,23.98
1660842933473,25.63
1660843531523,24.84
1660843831800,24.49
1660844131960,23.77
1660844432637,23.56
1660844733481,23.33
1660845331607,23.16
1660845933105,23.03
1660846233647,23.15
1660846534332,23.17
1660847132321,23.18
1660847433104,23.29
1660847733444,23.04
1660848033452,23.01
1660848632475,23.0
1660848933220,22.97
1660849533804,23.02
1660850132390,23.0
1660850432667,23.0
1660850733353,23.0
1660851033911,23.16
1660851632887,23.02
1660851933671,22.96
1660852233928,22.92
1660853132937,22.9
1660853433304,22.89
1660853733516,22.89
1660854034309,22.88
1660854334345,22.88
1660854635017,22.88
1660855233590,22.95
1660855534263,22.97
1660856133229,23.0
1660856733822,23.06
1660857034638,23.03
1660857334917,23.06
1660857933737,23.03
1660858234798,23.04
1660858833857,22.99
1660859134708,22.99
1660859435069,23.01
1660860334124,22.94
1660860634926,23.03
1660860935588,23.0
1660861534394,22.92
1660861834579,22.9
1660862135300,22.86
1660862435841,22.85
1660863033909,22.84
1660863334320,22.84
1660863935702,22.85
1660864536135,22.86
1660865134419,22.85
1660865434715,22.84
1660865734947,22.8
1660866035370,22.8
1660866335545,22.8
1660866635878,22.79
1660867835757,22.74
1660868435626,22.73
1660868736042,22.72
1660869036381,22.72
1660869635943,22.63
1660869936502,22.62
1660870237175,22.62
1660871135284,22.75
1660871435449,22.76
1660872035162,22.76
1660872335990,22.91
1660872636674,22.95
1660873235443,22.83
1660873535853,22.75
1660873836305,22.72
1660874136833,22.69
1660874736028,22.68
1660875036481,22.67
1660875336831,22.67
1660875936252,22.67
1660876236992,22.67
1660876537907,22.74
1660877136475,22.74
1660877437362,22.74
1660878336873,22.78
1660878637751,22.79
1660879236523,22.78
1660879537172,22.77
1660879837648,22.77
1660880436556,22.74
1660880736966,22.73
1660881037794,22.73
1660881337846,22.73
1660881937232,22.59
1660882238116,22.56
1660882538123,22.57
1660883137013,22.55
1660883438028,22.56
1660884036542,22.63
1660884337767,22.64
1660884638284,22.66
1660885536987,22.55
1660885837158,22.53
1660886137447,22.32
1660886437635,22.29
1660886738437,22.28
1660887337049,22.51
1660887637426,22.53
1660887937905,22.54
1660888238382,22.46
1660888538786,22.44
1660889137842,22.38
1660889438065,22.38
1660889739001,22.35
1660890337512,22.37
1660890637800,22.7
1660890938902,22.81
1660891538247,22.93
1660891838712,22.91
1660892138982,23.41
1660892739039,26.35
1660893039440,27.08
1660893339968,24.19
1660893938271,23.31
1660894239432,22.91
1660894539466,23.02
1660895139013,22.87
1660895439847,22.86
1660896338505,22.92
1660896639088,23.02
1660896940734,23.03
1660897538667,23.05
1660897838776,23.05
1660898139847,23.61
1660898440268,23.74
1660898740350,23.67
1660899339333,23.59
1660899940010,23.59
1660900240945,23.54
1660900839242,23.59
1660901140088,23.6
1660901440538,23.73
1660902039292,24.12
1660902339385,24.16
1660902640312,24.15
1660902940411,24.19
1660903540621,24.32
1660903841344,24.37
1660904141839,24.38
1660904739638,24.45
1660905040397,24.5
1660905340932,24.65
1660905940282,24.81
1660906240898,24.94
1660906541143,25.0
1660907140298,24.92
1660907440445,25.04
1660907740674,25.04
1660908041750,25.03
1660908640746,25.08
1660908941115,25.25
1660909241558,25.36
1660909839939,25.2
1660910140288,25.2
1660910740983,25.31
1660911041376,25.51
1660911342380,25.59
1660911940474,25.68
1660912240841,25.61
1660912541660,25.56
1660912842106,25.87
1660913142157,25.54
1660913741410,25.48
1660914341536,25.51
1660914642220,25.55
1660914942606,25.57
1660915541524,25.63
1660915842180,25.64
1660916142568,25.58
1660916442679,25.59
1660916743514,25.56
1660917341462,25.58
1660917942132,25.76
1660918243165,25.79
1660918842767,25.79
1660919441925,25.82
1660919742399,25.71
1660920043347,25.69
1660920343386,25.71
1660920941943,25.67
1660921542143,25.85
1660921842456,25.87
1660922143307,25.88
1660922742206,25.89
1660923043263,25.89
1660923343403,25.83
1660923942497,25.82
1660924243345,25.99
1660924544076,26.0
1660925142827,25.61
1660925443876,25.52
1660925744695,25.49
1660926342474,25.47
1660926642740,25.44
1660926943703,25.2
1660927243879,25.19
1660927544415,25.19
1660928143169,25.19
1660928743116,25.22
1660929043132,25.22
1660929344142,25.22
1660929943240,25.18
1660930243486,25.17
1660930544117,25.3
1660930844200,25.32
1660931144368,25.32
1660931743259,25.33
1660932343427,27.61
1660932644130,26.44
1660932945206,26.05
1660933544154,25.7
1660933844188,25.41
1660934144757,24.85
1660934743987,24.62
1660935044264,24.54
1660935344971,24.53
1660935944185,24.87
1660936244225,24.96
1660936545210,24.96
1660937144095,24.95
1660937445104,24.92
1660937745200,24.6
1660938045398,24.54
1660938345514,24.53
1660938944852,24.35
1660939544870,24.32
1660939846002,24.31
1660940146008,24.3
1660940744295,24.32
1660941044635,24.32
1660941345012,24.14
1660941645948,24.11
1660942244968,24.12
1660942545048,24.11
1660943145785,24.21
1660943446595,24.24
1660944044982,24.2
1660944344985,24.2
1660944645835,24.11
1660944946109,23.98
1660945246742,23.95
1660945845416,23.95
1660946146535,23.95
1660946746196,24.03
1660947047009,24.18
1660947645182,24.11
1660947946564,24.1
1660948247628,24.06
1660948845730,23.93
1660949146783,23.91
1660949446803,23.88
1660949747020,23.87
1660950345690,23.85
1660950645965,23.84
1660950946041,23.84
1660951247003,23.85
1660951547030,23.84
1660951847322,23.85
1660952447077,23.93
1660952747668,23.94
1660953346301,23.96
1660953946917,23.95
1660954247379,23.96
1660954547807,23.96
1660954847930,23.96
1660955447364,23.96
1660955747708,24.04
1660956047817,24.06
1660956348181,24.05
1660956648545,24.05
1660957547075,24.07
1660957847255,24.07
1660958147460,24.08
1660958448080,24.08
1660959047195,24.09
1660959347235,24.17
1660959647574,24.18
1660959948452,24.18
1660960248701,24.18
1660961147748,24.04
1660961448721,24.03
1660961749213,24.02
1660962347290,24.03
1660962647373,24.03
1660962947909,24.05
1660963248874,24.05
1660963549121,24.05
1660964147552,24.04
1660964747568,24.05
1660965049109,24.05
1660965349956,24.04
1660965948221,24.06
1660966249323,24.06
1660966848136,23.99
1660967149158,23.97
1660967449377,23.97
1660968348360,23.79
1660968648416,23.57
1660968948740,23.89
1660969249710,23.87
1660969849560,23.84
1660970149639,23.68
1660970449916,23.64
1660970750204,23.64
1660971348718,23.62
1660971948647,23.54
1660972249452,23.53
1660972549499,23.53
1660972850398,23.52
1660973150644,23.56
1660973749079,23.59
1660974049378,23.58
1660974349606,23.49
1660974649657,23.47
1660974950462,23.47
1660975549771,23.47
1660975849833,23.47
1660976150902,23.47
1660976451139,23.48
1660977049686,23.46
1660977349698,23.6
1660977650781,23.64
1660977950783,23.59
1660978250834,25.47
1660979150003,24.2
1660979450521,23.8
1660979751524,23.61
1660980349769,25.43
1660980650061,25.82
1660980951079,26.12
1660981251210,24.47
1660981551747,23.94
1660982150302,23.63
1660982751084,23.7
1660983051663,23.88
1660983351668,23.92
1660983950079,23.93
1660984251303,23.96
1660984551336,24.09
1660984851589,24.08
1660985151865,24.08
1660985750768,24.09
1660986350863,24.81
1660986651174,24.53
1660986952089,24.38
1660987252610,24.29
1660987851603,24.11
1660988151775,24.26
1660988452476,24.34
1660989050917,24.46
1660989351098,24.5
1660989952558,24.6
1660990252790,24.63
1660990851236,24.69
1660991151931,24.76
1660991452573,24.79
1660992052086,25.1
1660992352419,25.14
1660992653070,25.15
1660993551683,25.27
1660993852075,25.29
1660994152945,25.29
1660994452953,25.27
1660994753054,25.28
1660995351649,25.45
1660995652010,25.49
1660995952043,25.49
1660996252247,25.49
1660996553156,25.6
1660997152680,25.54
1660997452763,25.58
1660997753685,25.58
1660998053742,25.64
1660998653001,25.64
1660998953168,25.71
1660999253771,25.7
1660999553845,25.79
1661000152564,25.83
1661000753060,25.87
1661001053854,25.88
1661001354276,25.88
1661001952947,25.94
1661002252949,25.95
1661002553872,26.02
1661002853983,26.06
1661003154359,26.05
1661003752816,26.05
1661004353434,26.17
1661004653952,26.19
1661004954842,26.26
1661005553019,26.25
1661005853692,26.26
1661006154543,26.29
1661006454576,26.3
1661006755344,26.31
1661007354124,26.33
1661007953899,26.3
1661008254444,26.3
1661008555277,26.31
1661008855280,26.31
1661009453870,26.33
1661009754648,26.27
1661010054867,26.25
1661010355387,26.24
1661010655540,26.24
1661011555905,26.26
1661012154927,26.22
1661012455041,26.23
1661012755210,26.22
1661013055686,26.22
1661013655566,26.02
1661014254570,26.0
1661014555461,25.99
1661015154728,26.18
1661015455057,26.11
1661015756445,26.08
1661016355107,26.05
1661016656068,26.01
1661017254890,25.72
1661017555458,25.66
1661017856149,25.65
1661018456837,25.65
1661019056651,25.62
1661019357066,25.62
1661019955204,25.61
1661020256179,25.41
1661020556433,25.03
1661021155313,24.97
1661021455532,24.96
1661021756287,24.95
1661022355915,25.08
1661022656126,25.09
1661022956215,25.1
1661023256922,25.1
1661023856065,25.0
1661024156736,24.68
1661024457186,24.62
1661025056151,24.85
1661025357205,24.63
1661025957018,24.44
1661026257054,24.4
1661026557088,24.66
1661026858029,24.64
1661027456930,24.58
1661027757411,24.33
1661028057823,24.31
1661028357832,24.31
1661028956437,24.3
1661029557032,24.28
1661029857197,24.28
1661030158228,24.28
1661030756627,24.29
1661031056628,24.3
1661031356760,24.0
1661031656972,23.96
1661031957946,23.75
1661032258047,23.77
1661032558112,24.07
1661033157379,23.89
1661033458141,23.75
1661033758347,23.72
1661034058365,23.66
1661034358489,23.68
1661034956938,23.5
1661035257347,23.47
1661035558354,23.46
1661035858618,23.46
1661036758283,23.46
1661037058694,23.46
1661037359333,23.48
1661037957739,23.47
1661038258231,23.47
1661038558943,23.48
1661038859276,23.49
1661039159493,23.48
1661039757959,23.48
1661040358506,23.4
1661040659401,23.38
1661040959419,23.38
1661041259492,23.38
1661041559635,23.38
1661041859767,23.38
1661042159967,23.35
1661042758694,23.34
1661043059753,23.34
1661043959162,23.33
1661044260291,23.33
1661044560372,23.33
1661045158661,23.21
1661045458854,23.27
1661045759279,23.21
1661046059932,23.16
1661046360207,23.14
1661046660286,23.14
1661046960499,23.14
1661047559665,23.05
1661047859833,23.03
1661048160596,23.03
1661048759350,23.02
1661049059412,23.02
1661049359723,23.01
1661049660280,23.0
1661049960599,23.0
1661050260667,23.01
1661051160245,23.01
1661051461238,23.01
1661052060180,22.83
1661052361140,22.8
1661052661539,22.79
1661053259983,22.86
1661053560104,22.89
1661053860172,22.86
1661054161088,22.86
1661054461820,22.86
1661055060455,22.83
1661055360719,22.81
1661055661624,22.77
1661055961643,22.67
1661056262256,22.58
1661056860738,22.73
1661057161669,22.82
1661057760580,23.05
1661058360731,22.99
1661058662423,22.91
1661058962626,23.3
1661059560967,23.27
1661059862066,26.0
1661060162077,26.97
1661060761860,27.08
1661061360982,27.25
1661061962312,27.54
1661062262693,24.37
1661062563151,23.6
1661063161545,23.12
1661063462453,22.97
1661063762473,23.36
1661064361441,23.41
1661064662183,23.45
1661064963135,23.45
1661065562757,23.6
1661065863115,23.59
1661066163788,23.78
1661066761564,23.66
1661067062562,23.72
1661067362988,24.08
1661067962650,24.02
1661068263370,24.01
1661068563630,24.0
1661069162280,23.93
1661069463099,23.9
1661069763630,23.89
1661070362332,23.89
1661070663426,23.9
1661071262342,24.29
1661071562466,24.35
1661071862509,24.36
1661072163458,24.38
1661072763618,24.41
1661073064462,24.41
1661073364640,24.41
1661073962558,24.46
1661074263669,24.46
1661074564026,24.68
1661074864044,24.71
1661075164768,24.72
1661075762732,24.74
1661076363032,24.74
1661076663752,24.74
1661076964294,24.76
1661077564136,24.79
1661077865027,24.81
1661078165317,23.6
1661078763417,23.4
1661079063431,23.36
1661079364453,23.35
1661079964557,23.24
1661080264623,23.23
1661080565188,23.21
1661081163867,23.21
1661081464913,23.21
1661081765400,23.03
1661082364107,22.99
1661082664888,22.99
1661082965402,22.99
1661083564383,23.51
1661083865430,23.59
1661084165635,23.75
1661084764053,23.78
1661085064345,23.79
1661085365361,24.15
1661085665525,24.2
1661085965525,24.24
1661086564292,24.22
1661087164527,24.23
1661087465878,24.24
1661087766790,24.24
1661088364497,24.5
1661088664840,24.54
1661088965759,25.27
1661089266168,25.39
1661089566307,25.42
1661090165677,25.44
1661090766158,25.63
1661091066397,25.66
1661091366674,25.67
1661091965871,25.68
1661092266518,25.68
1661092865421,25.67
1661093165729,25.67
1661093465811,25.63
1661093766783,25.65
1661094366680,25.05
1661094667138,24.94
1661094967965,24.92
1661095565662,25.05
1661095866668,25.01
1661096167397,24.97
1661096766546,25.01
1661097067145,25.02
1661097966067,25.04
1661098267035,25.04
1661098567805,25.04
1661099166112,25.05
1661099466413,25.04
1661099767424,24.92
1661100067584,24.9
1661100367591,24.91
1661100667604,24.91
1661100967627,25.08
1661101567376,24.91
1661101867397,24.88
1661102167936,24.87
1661102766902,24.69
1661103066923,24.68
1661103367873,24.43
1661103667898,24.38
1661103968010,24.43
1661104268682,24.48
1661105167312,24.22
1661105467352,24.1
1661105767935,24.08
1661106068235,23.98
1661106368667,23.96
1661106967215,23.59
1661107267997,23.63
1661107568554,23.63
1661107868944,23.63
1661108169018,23.64
1661108768076,23.61
1661109068912,23.67
1661109369196,23.63
1661109967755,23.53
1661110267761,23.58
1661110567986,23.36
1661110868903,23.3
1661111168987,23.28
1661111469100,23.25
1661111769101,23.23
1661112368152,23.16
1661112668258,23.15
1661112968947,23.14
1661113269342,23.14
1661113569848,23.14
1661114168331,23.0
1661114468448,22.93
1661114768889,22.96
1661115069673,22.93
1661115968826,22.88
1661116269530,22.87
1661116569749,22.86
1661116869841,22.86
1661117169906,22.81
1661117470051,22.81
1661118068889,22.62
1661118369105,22.58
1661118670133,22.59
1661118970448,22.59
1661119570057,22.58
1661119870258,22.73
1661120170793,22.64
1661120769234,22.65
1661121069768,22.63
1661121370503,22.5
1661121671013,22.43
1661122269616,22.39
1661122569634,22.38
1661123170012,22.43
1661123470824,22.44
1661123771400,22.44
1661124370155,22.41
1661124670688,22.39
1661124970987,22.34
1661125271003,22.33
1661125571152,22.33
1661125871168,22.33
1661126171169,22.32
1661126770581,22.39
1661127071087,22.39
1661127371536,22.4
1661127671552,22.39
1661128270280,22.4
1661128570318,22.31
1661128870421,22.29
1661129171278,22.31
1661129471635,22.31
1661129772255,22.31
1661130370932,22.29
1661130671160,22.28
1661130972160,22.28
1661131570774,22.26
1661131870823,22.25
1661132170832,22.11
1661132470965,22.1
1661132771496,22.08
1661133072231,22.07
1661133372296,22.09
1661133971651,22.15
1661134272536,22.06
1661134572682,22.04
1661135171504,21.86
1661135471653,21.92
1661135772671,21.79
1661136072871,21.84
1661136373059,21.88
1661136971621,21.88
1661137572689,21.94
1661137872855,21.93
1661138173311,21.92
1661138772098,21.9
1661139073187,21.89
1661139672054,21.87
1661139972085,21.85
1661140272259,21.83
1661140573340,21.84
1661141173344,21.87
1661141473590,21.86
1661141773820,21.86
1661142372369,21.85
1661142672464,21.85
1661142972504,21.95
1661143272548,21.94
1661143572701,22.13
1661143873682,22.18
1661144173864,22.17
1661144772768,22.09
1661145073504,22.06
1661145374189,22.03
1661145973205,21.99
1661146274207,21.99
1661146574405,22.32
1661147173311,22.37
1661147474327,22.38
1661147774441,22.32
1661148373572,22.22
1661148674649,22.21
1661148974688,22.2
1661149274968,22.31
1661149873652,22.36
1661150174717,24.83
1661150474907,25.3
1661151073649,24.86
1661151373748,23.72
1661151974053,23.3
1661152274091,23.2
1661152574300,22.96
1661152875162,22.77
1661153175166,22.73
1661153475368,22.75
1661154073943,22.96
1661154374191,23.0
1661154675248,23.01
1661155574901,22.92
1661155875568,22.91
1661156175703,22.92
1661156774416,22.92
1661157074568,22.92
1661157375640,23.04
1661157675937,23.25
1661158274620,23.12
1661158575744,23.1
1661159175064,23.06
1661159476190,23.1
1661159776642,23.13
1661160375374,23.16
1661160676073,23.16
1661160976438,23.36
1661161575654,23.34
1661161876265,23.35
1661162176405,23.37
1661162775901,23.37
1661163076743,23.37
1661163377220,23.37
1661163975726,23.46
1661164275787,23.49
1661164576878,23.7
1661165175882,23.76
1661165477057,23.78
1661165777157,23.78
1661166376069,23.84
1661166676121,23.85
1661167254626,23.85
1661167555497,23.85
1661167856031,23.85
1661168454456,23.84
1661168755916,23.94
1661169354388,23.96
1661169955837,23.97
1661170256732,23.97
1661170560586,23.84
1661171154563,23.8
1661171454966,23.79
1661171755824,23.8
1661172056129,23.81
1661172360459,23.81
1661172955028,23.81
1661173555198,24.11
1661173855623,24.18
1661174155865,24.22
1661174456348,24.2
1661174756848,24.2
1661175355274,23.91
1661175655368,23.84
1661175956077,23.85
1661176256456,23.86
1661176857493,23.88
1661177456093,23.83
1661177756819,23.83
1661178056887,24.19
1661178357218,24.1
1661178955345,23.92
1661179255890,23.84
1661179557632,23.81
1661180155950,23.79
1661180756687,23.77
1661181057588,23.82
1661181360636,23.94
1661181956039,24.0
1661182256268,24.0
1661182557084,23.99
1661183157211,23.82
1661183457615,23.77
1661184356741,23.76
1661184657769,23.87
1661184960871,23.94
1661185556149,23.86
1661185856898,23.86
1661186157321,23.85
1661186458133,23.82
1661186760809,23.73
1661187356420,24.06
1661187957390,23.93
1661188258051,23.91
1661188558061,23.89
1661189156830,23.58
1661189457426,23.53
1661189757850,23.55
1661190058598,23.54
1661190361291,23.44
1661190956855,23.41
1661191557853,23.47
1661191858851,23.46
1661192161166,23.34
1661192757499,23.59
1661193057992,23.64
1661193358660,23.62
1661193658938,23.61
1661193960998,23.23
1661194557554,22.9
1661195158085,22.8
1661195458710,22.76
1661195761158,22.86
1661196357944,22.86
1661196658314,22.87
1661196958969,22.88
1661197259380,22.89
1661197561026,22.33
1661198157927,22.23
1661198758887,22.22
1661199059941,22.22
1661199361217,22.19
1661199958256,22.2
1661200258742,22.19
1661200559740,22.19
1661200859882,22.2
1661201161103,21.9
1661201758507,21.86
1661202358897,21.82
1661202659523,21.79
1661202961555,21.92
1661203558574,22.04
1661203858839,22.02
1661204159210,22.07
1661204459852,21.92
1661204761422,21.69
1661205358852,21.64
1661205959973,21.63
1661206260927,21.65
1661206561518,21.65
1661207159223,21.7
1661207459900,21.72
1661207760359,21.75
1661208060454,21.75
1661208361389,21.67
1661208959495,21.67
1661209560102,21.64
1661209861250,21.62
1661210161598,21.65
1661210759669,21.68
1661211060050,21.67
1661211360823,21.67
1661211661127,21.66
1661212260291,21.62
1661212560947,21.63
1661212861833,21.63
1661213760426,21.62
1661214061633,21.64
1661214661999,21.65
1661215260079,21.63
1661215560092,21.62
1661215860422,21.62
1661216161403,21.61
1661216761759,21.63
1661217062630,21.69
1661217660656,21.56
1661217961521,21.55
1661218262656,21.52
1661218861335,21.53
1661219162031,21.65
1661219462233,21.64
1661219762280,21.64
1661220361600,21.65
1661220661745,21.63
1661220961790,21.63
1661221262160,21.62
1661221562362,21.64
1661221862681,21.62
1661222163223,21.64
1661222463675,21.65
1661223061541,21.63
1661223361565,21.64
1661223961715,21.67
1661224261809,21.63
1661224861432,21.53
1661225161924,21.55
1661225462076,21.54
1661225762908,21.53
1661226063036,21.53
1661226661687,21.53
1661226961857,21.51
1661227263744,21.55
1661227863405,21.56
1661228462135,21.46
1661228763045,21.45
1661229063190,21.43
1661229363497,21.4
1661229962693,21.73
1661230263313,21.68
1661230563665,21.61
1661231162537,21.57
1661231463917,21.53
1661231764922,21.55
1661232362173,21.56
1661232662435,21.56
1661232962450,21.56
1661233262512,21.55
1661233563602,22.01
1661234162494,22.11
1661234763873,22.12
1661235064677,22.66
1661235662205,19.58
1661235962470,22.58
1661236262854,26.15
1661236562895,23.78
1661236863150,20.2
1661237163982,22.96
1661237464350,22.98
1661237765014,22.86
1661238362675,22.58
1661238662827,22.51
1661238963403,22.51
1661239264108,22.5
1661239564951,22.58
1661240162811,22.61
1661240463310,22.58
1661240763387,22.72
1661241063809,22.74
1661241364759,22.74
1661241963966,22.62
1661242264768,22.62
1661242565078,22.58
1661243162991,22.62
1661243463298,22.62
1661243763866,22.62
1661244063969,22.65
1661244364911,22.86
1661244665210,22.88
1661245564135,22.89
1661245864185,22.85
1661246164667,23.01
1661246464714,23.07
1661246765143,23.08
1661247065417,23.08
1661247366089,23.08
1661247666214,23.08
1661247966630,23.25
1661248563706,23.29
1661249164927,23.43
1661250064986,23.52
1661250365127,23.67
1661250665852,23.76
1661250965901,23.74
1661251266097,23.78
1661251566695,23.93
1661252164007,23.92
1661252764405,23.89
1661253064455,23.96
1661253364664,24.13
1661253665235,24.17
1661253965268,24.01
1661254265736,23.96
1661254566375,23.96
1661254866387,24.0
1661255166422,24.13
1661255466665,24.15
1661256365133,24.47
1661256665140,24.53
1661256965911,24.6
1661257266249,25.87
1661257566578,28.12
1661257866809,28.39
1661258167026,28.02
1661258467112,25.97
1661258767256,25.42
1661259365080,25.01
1661259965661,24.86
1661260265998,24.83
1661260865074,24.7
1661261165387,24.68
1661261465690,24.7
1661261765988,24.75
1661262066691,24.74
1661262367497,24.68
1661262667602,24.69
1661262967648,24.68
1661263565584,24.68
1661263865751,24.68
1661264167459,24.72
1661264467474,24.73
1661264767660,24.76
1661265067730,24.77
1661265367906,24.76
1661265668448,24.72
1661265968450,24.51
1661266566258,24.47
1661267166132,24.54
1661267466582,24.57
1661267767282,24.63
1661268068088,24.71
1661268368407,24.7
1661268668633,24.69
1661268969348,24.65
1661269567509,24.56
1661269868416,24.67
1661270168737,24.74
1661270766631,24.66
1661271067356,24.61
1661271367913,24.76
1661271668720,24.76
1661271968856,24.75
1661272269050,24.73
1661272867047,24.73
1661273167651,24.57
1661273467762,24.55
1661273767776,24.55
1661274367179,24.53
1661274667269,24.54
1661274968349,24.54
1661275269018,24.54
1661275569085,24.54
1661275869663,24.55
1661276169720,24.55
1661276767183,24.32
1661277067351,24.27
1661277367370,24.27
1661277967980,24.26
1661278268473,24.25
1661278569067,24.24
1661278869501,24.22
1661279169794,24.23
1661279469909,24.2
1661279770112,24.2
1661280070210,24.21
1661280667749,23.99
1661280967941,23.96
1661281570009,23.96
1661281870061,23.95
1661282170130,23.94
1661282470182,23.91
1661282770228,23.9
1661283070502,23.89
1661283668275,23.9
1661283968311,23.73
1661284268979,23.7
1661284568987,23.69
1661285169137,23.64
1661285469962,23.53
1661285770565,23.47
1661286070857,23.51
1661286370984,23.59
1661286968637,23.63
1661287268702,23.62
1661287569075,23.58
1661287869603,23.56
1661288170684,23.55
1661288769053,23.57
1661289069170,23.54
1661289370754,23.54
1661289670933,23.55
1661289971012,23.55
1661290271386,23.54
1661290571449,23.54
1661290871522,23.66
1661291469311,23.56
1661291770058,23.54
1661292369774,23.54
1661292669819,23.54
1661292970266,23.68
1661293271346,23.69
1661293571524,23.62
1661293871649,23.77
1661294171949,24.17
1661294770606,23.89
1661295071652,23.7
1661295371754,23.54
1661295970721,23.65
1661296270752,23.69
1661296571014,23.58
1661296871828,23.55
1661297172081,23.53
1661297472643,23.53
1661298071132,23.51
1661298371448,23.44
1661298672167,23.43
1661298972287,23.44
1661299571783,23.44
1661299872493,23.45
1661300172600,23.46
1661300472772,23.46
1661300772812,23.47
1661301072877,23.45
1661301372886,23.48
1661301673104,23.48
1661302271682,23.42
1661302572690,23.42
1661303171796,23.45
1661303472880,23.42
1661303773212,23.4
1661304073317,23.38
1661304373323,23.39
1661304673490,23.38
1661305271930,23.39
1661305571935,23.36
1661305872004,23.35
1661306172213,23.35
1661306772363,23.34
1661307073478,23.34
1661307373673,23.44
1661307673749,23.45
1661307973894,23.48
1661308572559,23.33
1661308873438,23.25
1661309173473,23.14
1661309473599,23.23
1661309773815,23.3
1661310373490,23.31
1661310674014,23.32
1661310974104,23.3
1661311274294,23.32
1661311873020,23.35
1661312174071,23.37
1661312474102,23.36
1661312774316,23.33
1661313074522,23.34
1661313374667,23.36
1661313973288,23.33
1661314273341,23.32
1661314573446,23.33
1661314874447,23.52
1661315174748,23.5
1661315475183,23.46
1661316073557,23.41
1661316374462,23.42
1661316674723,23.4
1661316974861,23.41
1661317573534,23.42
1661317873868,23.4
1661318175679,23.4
1661318773794,23.43
1661319073872,23.41
1661319374925,23.4
1661319675191,23.4
1661319975297,23.43
1661320275315,23.44
1661320575449,23.46
1661321175934,23.52
1661321774333,23.51
1661322075285,23.49
1661322375533,23.47
1661322675592,23.5
1661322975655,23.51
1661323275665,23.52
1661323874306,23.6
1661324174496,23.62
1661324774712,23.61
1661325075786,23.93
1661325376110,23.86
1661325975723,23.86
1661326275898,23.83
1661326576119,23.82
1661326876224,24.06
1661327176358,24.39
1661327774968,24.16
1661328376017,23.95
1661328676430,23.92
1661328976490,23.97
1661329276558,23.99
1661329576744,23.98
1661330175326,23.97
1661330475429,23.95
1661330775443,24.14
1661331075480,24.15
