1674812279189,54671.0
1674812579289,54672.0
1674812879268,54672.0
1674813179264,54672.0
1674813479066,54673.0
1674814079887,54673.0
1674814379403,54673.0
1674814679807,54673.0
1674814979636,54674.0
1674815279524,54674.0
1674815579640,54674.0
1674815879591,54674.0
1674816179777,54674.0
1674816479848,54674.0
1674816779897,54674.0
1674817079620,54675.0
1674817680040,54675.0
1674817979975,54675.0
1674818280069,54675.0
1674818579941,54675.0
1674818880949,54675.0
1674819180253,54675.0
1674819480425,54675.0
1674819780712,54675.0
1674820080365,54676.0
1674820380602,54676.0
1674820680473,54676.0
1674821280789,54676.0
1674821581129,54676.0
1674821880766,54676.0
1674822180693,54676.0
1674822480383,54677.0
1674822781113,54677.0
1674823080731,54677.0
1674823380890,54677.0
1674823680962,54677.0
1674823981050,54677.0
1674824280788,54677.0
1674824880961,54677.0
1674825180941,54678.0
1674825481157,54678.0
1674825781098,54678.0
1674826080949,54678.0
1674826381529,54678.0
1674826681134,54678.0
1674826981243,54678.0
1674827281382,54678.0
1674827581216,54678.0
1674828482533,54678.0
1674828781517,54678.0
1674829081575,54678.0
1674829381545,54678.0
1674829681361,54678.0
1674829981586,54678.0
1674830281466,54679.0
1674830581665,54679.0
1674830881581,54679.0
1674831181719,54679.0
1674831481442,54679.0
1674832082034,54679.0
1674832382005,54679.0
1674832681983,54679.0
1674832982076,54679.0
1674833282088,54680.0
1674833582249,54680.0
1674833881939,54681.0
1674834182206,54681.0
1674834482324,54681.0
1674834782162,54682.0
1674835082107,54682.0
1674835682416,54682.0
1674835982492,54682.0
1674836282601,54684.0
1674836582451,54684.0
1674836882312,54684.0
1674837182716,54684.0
1674837482661,54684.0
1674837782667,54684.0
1674838082787,54684.0
1674838382727,54684.0
1674838683435,54685.0
1674839283243,54686.0
1674839582904,54686.0
1674839883149,54686.0
1674840183187,54686.0
1674840483160,54686.0
1674840784177,54686.0
1674841083048,54687.0
1674841383310,54687.0
1674841683520,54687.0
1674841983135,54687.0
1674842283230,54687.0
1674842883822,54688.0
1674843183447,54688.0
1674843483414,54688.0
1674843783555,54688.0
1674844083519,54688.0
1674844383852,54688.0
1674844684281,54689.0
1674844984059,54689.0
1674845283615,54689.0
1674845583782,54689.0
1674845883614,54689.0
1674846484322,54690.0
1674846784055,54690.0
1674847084139,54691.0
1674847383817,54691.0
1674847683832,54691.0
1674847984144,54691.0
1674848284123,54691.0
1674848584105,54692.0
1674848884247,54692.0
1674849184077,54692.0
1674849484175,54692.0
1674850084361,54693.0
1674850384522,54694.0
1674850684284,54694.0
1674850984525,54694.0
1674851284505,54694.0
1674851585802,54694.0
1674851884764,54695.0
1674852184788,54695.0
1674852484858,54695.0
1674852784833,54695.0
1674853084729,54695.0
1674853986554,54696.0
1674854285153,54696.0
1674854585077,54697.0
1674854884795,54697.0
1674855185084,54697.0
1674855485085,54697.0
1674855785128,54697.0
1674856085521,54697.0
1674856385233,54698.0
1674856685301,54698.0
1674857285318,54698.0
1674857585527,54698.0
1674857885418,54698.0
1674858185425,54699.0
1674858485406,54699.0
1674858785911,54699.0
1674859085597,54699.0
1674859385635,54699.0
1674859685577,54699.0
1674859985750,54699.0
1674860285561,54699.0
1674860587987,54700.0
1674860886418,54700.0
1674861185959,54700.0
1674861485986,54700.0
1674861785879,54701.0
1674862086387,54701.0
1674862387911,54701.0
1674862686171,54701.0
1674862986453,54701.0
1674863286094,54701.0
1674863586109,54702.0
1674863886061,54702.0
1674864187578,54702.0
1674864486845,54702.0
1674864786612,54702.0
1674865086924,54702.0
1674865386566,54702.0
1674865686576,54702.0
1674865986685,54702.0
1674866286721,54702.0
1674866587007,54703.0
1674866892644,54703.0
1674867192519,54703.0
1674867492409,54703.0
1674868092849,54703.0
1674868392661,54703.0
1674868692680,54703.0
1674868992716,54703.0
1674869292633,54703.0
1674869592847,54703.0
1674869892963,54703.0
1674870192936,54703.0
1674870493089,54703.0
1674870793031,54703.0
1674871093018,54703.0
1674871693150,54704.0
1674871993056,54704.0
1674872293321,54704.0
1674872593095,54704.0
1674872893140,54704.0
1674873193396,54704.0
1674873493237,54704.0
1674873793396,54704.0
1674874093365,54704.0
1674874393362,54704.0
1674874693353,54704.0
1674874994753,54704.0
1674875293602,54704.0
1674875594010,54704.0
1674875893819,54704.0
1674876193671,54704.0
1674876487913,54704.0
1674876788074,54704.0
1674877088191,54704.0
1674877388077,54704.0
1674877688010,54705.0
1674877987947,54705.0
1674878287908,54705.0
1674878888500,54705.0
1674879188401,54705.0
1674879488298,54705.0
1674879788325,54705.0
1674880088420,54706.0
1674880388411,54706.0
1674880688435,54706.0
1674880988628,54706.0
1674881288548,54706.0
1674881588578,54706.0
1674881888484,54706.0
1674882488740,54707.0
1674882788796,54707.0
1674883088799,54707.0
1674883388794,54707.0
1674883688678,54707.0
1674883988979,54707.0
1674884288935,54708.0
1674884589283,54708.0
1674884889240,54708.0
1674885188989,54708.0
1674885488930,54709.0
1674886090990,54709.0
1674886390988,54709.0
1674886689634,54709.0
1674886989499,54709.0
1674887289909,54709.0
1674887589386,54709.0
1674887889346,54709.0
1674888189615,54709.0
1674888489664,54709.0
1674888789566,54709.0
1674889089458,54710.0
1674889689656,54710.0
1674889990094,54710.0
1674890289908,54710.0
1674890589804,54710.0
1674890889667,54710.0
1674891189838,54710.0
1674891489790,54710.0
1674891789919,54710.0
1674892089867,54710.0
1674892390026,54710.0
1674892689867,54711.0
1674893290591,54711.0
1674893590680,54711.0
1674893890179,54711.0
1674894190191,54711.0
1674894490507,54711.0
1674894790354,54711.0
1674895090431,54712.0
1674895390676,54712.0
1674895690753,54712.0
1674895990557,54712.0
1674896290476,54712.0
1674896890928,54713.0
1674897190732,54713.0
1674897490764,54713.0
1674897790842,54713.0
1674898090628,54713.0
1674898391016,54714.0
1674898690894,54714.0
1674898991010,54714.0
1674899291048,54717.0
1674899591043,54717.0
1674899891073,54717.0
1674900491231,54718.0
1674900791330,54718.0
1674901091133,54718.0
1674901391373,54720.0
1674901691150,54720.0
1674901991507,54720.0
1674902291845,54720.0
1674902591530,54721.0
1674902891559,54722.0
1674903191466,54722.0
1674903491388,54723.0
1674904091797,54723.0
1674904391582,54723.0
1674904691639,54723.0
1674904991870,54724.0
1674905291632,54724.0
1674905591925,54725.0
1674905891974,54725.0
1674906191916,54725.0
1674906492071,54726.0
1674906792004,54726.0
1674907091999,54726.0
1674907692407,54727.0
1674907992133,54727.0
1674908292258,54727.0
1674908592089,54728.0
1674908892309,54728.0
1674909192464,54728.0
1674909492441,54728.0
1674909792600,54728.0
1674910092669,54729.0
1674910392607,54729.0
1674910692658,54729.0
1674911293040,54729.0
1674911593013,54730.0
1674911892895,54730.0
1674912192760,54730.0
1674912492845,54730.0
1674912792928,54730.0
1674913093120,54730.0
1674913393072,54730.0
1674913693150,54730.0
1674913993079,54730.0
1674914293080,54731.0
1674914893346,54731.0
1674915193285,54731.0
1674915493265,54731.0
1674915793341,54731.0
1674916093376,54731.0
1674916393359,54731.0
1674916693464,54731.0
1674916993430,54731.0
1674917293713,54732.0
1674917593472,54732.0
1674917893454,54732.0
1674918493626,54732.0
1674918793833,54732.0
1674919093716,54732.0
1674919393938,54732.0
1674919693672,54732.0
1674919994142,54732.0
1674920293890,54732.0
1674920594047,54733.0
1674920894182,54733.0
1674921193885,54733.0
1674921493863,54733.0
1674922094250,54734.0
1674922394210,54734.0
1674922694181,54734.0
1674922994449,54734.0
1674923294239,54734.0
1674923594597,54735.0
1674923894576,54736.0
1674924194470,54736.0
1674924494466,54736.0
1674924794727,54737.0
1674925094443,54737.0
1674925694774,54737.0
1674925994895,54737.0
1674926294741,54738.0
1674926594769,54738.0
1674926894637,54739.0
1674927194969,54739.0
1674927495046,54739.0
1674927795064,54739.0
1674928094965,54739.0
1674928394973,54739.0
1674928694825,54739.0
1674929295243,54739.0
1674929595310,54739.0
1674929895345,54739.0
1674930195120,54739.0
1674930495263,54739.0
1674930795407,54739.0
1674931095314,54739.0
1674931395617,54740.0
1674931695627,54740.0
1674931995492,54740.0
1674932295522,54740.0
1674932895792,54740.0
1674933195719,54741.0
1674933495811,54741.0
1674933795811,54741.0
1674934095702,54741.0
1674934395756,54741.0
1674934696096,54741.0
1674934996090,54741.0
1674935295867,54741.0
1674935596033,54742.0
1674935895934,54742.0
1674936496047,54742.0
1674936796082,54743.0
1674937096059,54743.0
1674937396406,54744.0
1674937696218,54744.0
1674937996412,54744.0
1674938296490,54744.0
1674938596632,54744.0
1674938896787,54745.0
1674939496765,54745.0
1674940097934,54745.0
1674940396833,54745.0
1674940696819,54746.0
1674940996605,54746.0
1674941296563,54746.0
1674941596810,54746.0
1674941896792,54746.0
1674942196942,54746.0
1674942496950,54746.0
1674942797046,54746.0
1674943097024,54747.0
1674943398822,54747.0
1674943697234,54747.0
1674943997474,54747.0
1674944297175,54747.0
1674944597202,54747.0
1674944897131,54747.0
1674945197273,54747.0
1674945497443,54747.0
1674945797628,54747.0
1674946097545,54747.0
1674946397457,54747.0
1674946697373,54747.0
1674947298560,54747.0
1674947597660,54748.0
1674947898119,54748.0
1674948197718,54748.0
1674948497804,54748.0
1674948797871,54748.0
1674949097940,54748.0
1674949397889,54748.0
1674949697928,54748.0
1674949997999,54748.0
1674950297842,54748.0
1674950898526,54748.0
1674951198466,54748.0
1674951498171,54748.0
1674951798206,54748.0
1674952098289,54748.0
1674952404214,54748.0
1674952704406,54748.0
1674953004394,54748.0
1674953304510,54748.0
1674953604520,54748.0
1674953904379,54749.0
1674954504575,54749.0
1674954805050,54749.0
1674955104711,54749.0
1674955404654,54749.0
1674955704714,54749.0
1674956004967,54749.0
1674956304851,54749.0
1674956605044,54749.0
1674956905116,54749.0
1674957205017,54749.0
1674957504903,54749.0
1674958105250,54749.0
1674958405194,54749.0
1674958705170,54749.0
1674959005330,54750.0
1674959305280,54750.0
1674959605393,54750.0
1674959905360,54750.0
1674960205516,54750.0
1674960505521,54750.0
1674960805548,54750.0
1674961105495,54750.0
1674961705706,54750.0
1674962005661,54750.0
1674962305654,54750.0
1674962599803,54750.0
1674962899889,54750.0
1674963199908,54750.0
1674963499996,54750.0
1674963800202,54750.0
1674964100206,54750.0
1674964400449,54750.0
1674964700274,54750.0
1674965300484,54751.0
1674965600165,54751.0
1674965900255,54751.0
1674966200456,54751.0
1674966500307,54751.0
1674966800590,54751.0
1674967100636,54751.0
1674967400513,54751.0
1674967700793,54751.0
1674968000698,54751.0
1674968300585,54751.0
1674968901072,54751.0
1674969200875,54751.0
1674969500899,54751.0
1674969800857,54751.0
1674970101149,54751.0
1674970401027,54751.0
1674970701125,54752.0
1674971001178,54752.0
1674971301153,54752.0
1674971601094,54752.0
1674971901010,54752.0
1674972501247,54753.0
1674972801462,54753.0
1674973101316,54753.0
1674973401403,54753.0
1674973701378,54753.0
1674974001440,54753.0
1674974301744,54753.0
1674974601636,54754.0
1674974901561,54754.0
1674975201556,54754.0
1674975501301,54754.0
1674976102054,54754.0
1674976401758,54754.0
1674976701986,54754.0
1674977001993,54754.0
1674977301735,54754.0
1674977601993,54754.0
1674977902132,54755.0
1674978201983,54755.0
1674978501937,54755.0
1674978802065,54755.0
1674979102094,54755.0
1674979702160,54756.0
1674980002402,54756.0
1674980302163,54756.0
1674980602197,54756.0
1674980902399,54756.0
1674981202508,54756.0
1674981502554,54756.0
1674981802650,54757.0
1674982102660,54757.0
1674982402614,54757.0
1674982702518,54757.0
1674983302709,54757.0
1674983602909,54757.0
1674983902805,54757.0
1674984202727,54757.0
1674984502845,54757.0
1674984802823,54757.0
1674985102853,54757.0
1674985403013,54758.0
1674985702825,54758.0
1674986003089,54758.0
1674986303042,54758.0
1674986903285,54758.0
1674987203416,54758.0
1674987503205,54759.0
1674987803183,54759.0
1674988103302,54759.0
1674988403313,54759.0
1674988703469,54759.0
1674989003567,54759.0
1674989303588,54759.0
1674989603395,54759.0
1674989903417,54759.0
1674990503818,54759.0
1674990803723,54759.0
1674991103941,54759.0
1674991403797,54759.0
1674991703780,54760.0
1674992003917,54760.0
1674992303901,54760.0
1674992604004,54760.0
1674992904082,54760.0
1674993204024,54760.0
1674993504441,54760.0
1674994104262,54760.0
1674994404751,54761.0
1674994704217,54761.0
1674995004006,54761.0
1674995305069,54761.0
1674995604409,54761.0
1674995904602,54761.0
1674996204544,54762.0
1674996504495,54762.0
1674996804505,54762.0
1674997104659,54762.0
1674997704773,54763.0
1674998004973,54763.0
1674998304734,54764.0
1674998604988,54764.0
1674998905043,54764.0
1674999205056,54764.0
1674999505194,54765.0
1674999805098,54765.0
1675000106148,54766.0
1675000405137,54766.0
1675000705066,54766.0
1675001305503,54767.0
1675001605705,54767.0
1675001905682,54768.0
1675002205464,54768.0
1675002505291,54768.0
1675002805712,54768.0
1675003105547,54769.0
1675003405508,54769.0
1675003705767,54769.0
1675004005639,54769.0
1675004305665,54770.0
1675004906169,54770.0
1675005205720,54770.0
1675005505993,54771.0
1675005805809,54771.0
1675006106007,54771.0
1675006406089,54771.0
1675006706164,54771.0
1675007006228,54771.0
1675007306225,54772.0
1675007606127,54772.0
1675007906151,54772.0
1675008506408,54772.0
1675008806404,54773.0
1675009106468,54773.0
1675009406400,54773.0
1675009706447,54773.0
1675010006850,54773.0
1675010306624,54773.0
1675010606584,54774.0
1675010906644,54774.0
1675011206594,54774.0
1675011506552,54774.0
1675012106908,54774.0
1675012406753,54774.0
1675012706953,54775.0
1675013006854,54775.0
1675013306846,54775.0
1675013607076,54775.0
1675013907487,54775.0
1675014207131,54775.0
1675014507202,54776.0
1675014807226,54776.0
1675015106873,54777.0
1675015707334,54777.0
1675016007460,54777.0
1675016307222,54777.0
1675016607345,54778.0
1675016907324,54778.0
1675017207508,54778.0
1675017507433,54778.0
1675017807746,54778.0
1675018107694,54778.0
1675018407843,54779.0
1675018707601,54779.0
1675019307837,54780.0
1675019607972,54780.0
1675019907875,54780.0
1675020207959,54780.0
1675020508695,54781.0
1675020808137,54781.0
1675021108282,54781.0
1675021408350,54781.0
1675021708247,54781.0
1675022008389,54781.0
1675022308458,54782.0
1675022610168,54782.0
1675022908603,54782.0
1675023208401,54782.0
1675023508601,54783.0
1675023808563,54783.0
1675024108555,54783.0
1675024408715,54783.0
1675024708711,54783.0
1675025008829,54784.0
1675025308860,54784.0
1675025608942,54784.0
1675025908789,54784.0
1675026509142,54784.0
1675026809034,54784.0
1675027109043,54784.0
1675027409024,54785.0
1675027709047,54785.0
1675028009235,54785.0
1675028309068,54785.0
1675028609322,54785.0
1675028909306,54785.0
1675029209438,54785.0
1675029509293,54785.0
1675030109560,54785.0
1675030409355,54785.0
1675030709714,54786.0
1675031009595,54786.0
1675031310028,54786.0
1675031609733,54786.0
1675031909706,54786.0
1675032215758,54786.0
1675032515705,54786.0
1675032815966,54786.0
1675033115824,54786.0
1675033717132,54786.0
1675034017005,54787.0
1675034316136,54787.0
1675034616038,54787.0
1675034916117,54787.0
1675035216313,54787.0
1675035516409,54788.0
1675035816213,54788.0
1675036116464,54788.0
1675036416637,54788.0
1675036716656,54788.0
1675037316580,54788.0
1675037616680,54788.0
1675037916627,54788.0
1675038216871,54788.0
1675038516624,54788.0
1675038816865,54788.0
1675039116898,54788.0
1675039416913,54788.0
1675039716971,54788.0
1675040016906,54788.0
1675040316999,54788.0
1675040917576,54788.0
1675041217172,54788.0
1675041517198,54788.0
1675041817230,54788.0
1675042111297,54788.0
1675042411530,54788.0
1675042711433,54788.0
1675043011540,54788.0
1675043311493,54788.0
1675043611469,54788.0
1675043911227,54788.0
1675044511883,54789.0
1675044811562,54789.0
1675045111782,54789.0
1675045411750,54789.0
1675045711775,54789.0
1675046011890,54789.0
1675046311867,54789.0
1675046612000,54789.0
1675046912110,54789.0
1675047211983,54789.0
1675047511997,54789.0
1675048112661,54789.0
1675048412227,54789.0
1675048712280,54789.0
1675049012342,54789.0
1675049312210,54789.0
1675049612297,54789.0
1675049912476,54789.0
1675050212675,54789.0
1675050512462,54790.0
1675050812650,54790.0
1675051112541,54790.0
1675051713012,54790.0
1675052012732,54790.0
1675052312812,54790.0
1675052612688,54790.0
1675052912844,54790.0
1675053212853,54790.0
1675053513032,54790.0
1675053813059,54791.0
1675054113246,54791.0
1675054413090,54791.0
1675054713157,54791.0
1675055313540,54791.0
1675055613238,54791.0
1675055913338,54791.0
1675056213365,54791.0
1675056513377,54791.0
1675056813445,54791.0
1675057113752,54791.0
1675057413570,54791.0
1675057713525,54791.0
1675058013730,54791.0
1675058313653,54791.0
1675058913927,54792.0
1675059213853,54792.0
1675059514026,54792.0
1675059813936,54792.0
1675060113843,54792.0
1675060414048,54792.0
1675060714091,54792.0
1675061014132,54792.0
1675061314535,54792.0
1675061614235,54792.0
1675061914297,54792.0
1675062216034,54793.0
1675062514587,54793.0
1675062814600,54793.0
1675063114396,54793.0
1675063414563,54793.0
1675063714441,54793.0
1675064014756,54793.0
1675064314731,54793.0
1675064614768,54794.0
1675064914693,54794.0
1675065214947,54794.0
1675065514786,54794.0
1675066115095,54794.0
1675066415135,54794.0
1675066715395,54794.0
1675067015094,54794.0
1675067315268,54794.0
1675067615230,54794.0
1675067915231,54794.0
1675068215147,54794.0
1675068515487,54794.0
1675068815802,54795.0
1675069115389,54795.0
1675069715796,54795.0
1675070015607,54796.0
1675070315884,54796.0
1675070615675,54796.0
1675070915821,54796.0
1675071215681,54796.0
1675071515728,54797.0
1675071815945,54797.0
1675072115846,54797.0
1675072415821,54797.0
1675072715754,54797.0
1675073017763,54797.0
1675073316002,54797.0
1675073616177,54798.0
1675073916052,54798.0
1675074216231,54798.0
1675074516210,54798.0
1675074816294,54798.0
1675075116221,54798.0
1675075416297,54799.0
1675075716694,54799.0
1675076316740,54799.0
1675076918046,54799.0
1675077216642,54799.0
1675077516967,54799.0
1675077817062,54799.0
1675078116931,54799.0
1675078417375,54799.0
1675078716852,54799.0
1675079017113,54799.0
1675079316982,54799.0
1675079617015,54800.0
1675079917062,54800.0
1675080517748,54800.0
1675080817363,54800.0
1675081117091,54800.0
1675081417462,54800.0
1675081717245,54800.0
1675082017373,54800.0
1675082317448,54800.0
1675082617772,54800.0
1675082917493,54800.0
1675083218522,54800.0
1675083517508,54800.0
1675084117706,54801.0
1675084417848,54801.0
1675084717823,54801.0
1675085017837,54801.0
1675085317900,54801.0
1675085618131,54801.0
1675085918126,54801.0
1675086218229,54801.0
1675086518311,54801.0
1675086818256,54801.0
1675087118163,54801.0
1675087419655,54801.0
1675087718313,54801.0
1675088018299,54801.0
1675088318445,54801.0
1675088618442,54801.0
1675088918696,54802.0
1675089218568,54802.0
1675089518712,54802.0
1675089818689,54802.0
1675090119039,54802.0
1675090419107,54802.0
1675090718709,54802.0
1675091020746,54802.0
1675091318929,54803.0
1675091618816,54803.0
1675091918921,54803.0
1675092218967,54803.0
1675092519034,54803.0
1675092819127,54803.0
1675093119201,54803.0
1675093419129,54803.0
1675093719409,54803.0
1675094019126,54803.0
1675094319298,54803.0
1675094621632,54804.0
1675094919511,54804.0
1675095219230,54804.0
1675095519479,54804.0
1675095819576,54804.0
1675096119775,54804.0
1675096419734,54804.0
1675096719543,54804.0
1675097019668,54804.0
1675097319800,54804.0
1675097619792,54804.0
1675097919731,54804.0
1675098221260,54805.0
1675098519916,54805.0
1675098819991,54805.0
1675099120030,54805.0
1675099420098,54805.0
1675099719995,54805.0
1675100020311,54806.0
1675100320494,54806.0
1675100620162,54806.0
1675100920374,54806.0
1675101220276,54806.0
1675101520182,54806.0
1675102120230,54807.0
1675102420269,54807.0
1675102720472,54807.0
1675103020707,54807.0
1675103320532,54807.0
1675103620610,54808.0
1675103920623,54808.0
1675104220720,54808.0
1675104520713,54808.0
1675104820847,54808.0
1675105120762,54808.0
1675105422677,54809.0
1675105720806,54809.0
1675106020884,54809.0
1675106321269,54809.0
1675106620965,54809.0
1675106921382,54809.0
1675107221477,54809.0
1675107521136,54809.0
1675107821067,54810.0
1675108121176,54810.0
1675108421103,54810.0
1675108721254,54810.0
1675109023095,54810.0
1675109321176,54810.0
1675109621288,54811.0
1675109921591,54811.0
1675110221498,54811.0
1675110521423,54811.0
1675110822102,54811.0
1675111122933,54812.0
1675111421554,54812.0
1675111721664,54812.0
1675112021854,54812.0
1675112321676,54812.0
1675112623658,54812.0
1675112921876,54812.0
1675113221904,54812.0
1675113521882,54812.0
1675113821889,54813.0
1675114121872,54813.0
1675114422219,54813.0
1675114722223,54813.0
1675115021959,54813.0
1675115322435,54813.0
1675115622243,54814.0
1675115922183,54814.0
1675116223975,54814.0
1675116522437,54814.0
1675116822486,54814.0
1675117122475,54814.0
1675117422494,54814.0
1675117722656,54814.0
1675118022768,54814.0
1675118328791,54814.0
1675118628760,54814.0
1675118928791,54814.0
1675119228983,54815.0
1675119529127,54815.0
1675119830320,54815.0
1675120130732,54815.0
1675120428993,54815.0
1675120729141,54815.0
1675121029176,54815.0
1675121329260,54815.0
1675121629221,54815.0
1675121929186,54815.0
1675122229344,54815.0
1675122529357,54816.0
1675122829465,54816.0
1675123129396,54816.0
1675123431979,54816.0
1675123729546,54816.0
1675124029665,54816.0
1675124329811,54816.0
1675124629704,54816.0
1675124929520,54816.0
1675125229836,54816.0
1675125529667,54816.0
1675125829869,54816.0
1675126129834,54816.0
1675126430071,54816.0
1675126729971,54816.0
1675127031613,54816.0
1675127329992,54816.0
1675127630217,54816.0
1675127924218,54816.0
1675128224023,54816.0
1675128524295,54816.0
1675128824309,54816.0
1675129124252,54816.0
1675129424150,54816.0
1675129724451,54816.0
1675130024430,54816.0
1675130324392,54817.0
1675130626263,54817.0
1675130924488,54817.0
1675131224538,54817.0
1675131524679,54817.0
1675131824734,54817.0
1675132124681,54817.0
1675132424746,54817.0
1675132724818,54817.0
1675133024932,54818.0
1675133324942,54818.0
1675133625003,54818.0
1675133924893,54818.0
1675134525130,54818.0
1675134825168,54818.0
1675135125121,54819.0
1675135425097,54819.0
1675135725227,54819.0
1675136025409,54819.0
1675136325434,54819.0
1675136625238,54819.0
1675136925529,54819.0
1675137225487,54819.0
1675137525435,54819.0
1675137827404,54819.0
1675138125549,54819.0
1675138425709,54819.0
1675138725693,54819.0
1675139025745,54820.0
1675139325749,54820.0
1675139625912,54820.0
1675139925890,54820.0
1675140225894,54820.0
1675140526026,54820.0
1675140825928,54820.0
1675141125954,54820.0
1675141726266,54820.0
1675142026174,54820.0
1675142326253,54820.0
1675142626317,54820.0
1675142926312,54820.0
1675143226277,54820.0
1675143526524,54820.0
1675143826430,54820.0
1675144126533,54820.0
1675144426601,54820.0
1675144726562,54820.0
1675145027869,54821.0
1675145326693,54821.0
1675145626766,54821.0
1675145926905,54821.0
1675146226690,54821.0
1675146526810,54821.0
1675146826819,54821.0
1675147126875,54821.0
1675147426826,54821.0
1675147727007,54821.0
1675148027756,54822.0
1675148328148,54822.0
1675148927277,54822.0
1675149227116,54823.0
1675149527349,54823.0
1675149827444,54823.0
1675150127719,54823.0
1675150427453,54823.0
1675150727674,54823.0
1675151027675,54823.0
1675151327545,54823.0
1675151627536,54824.0
1675151927748,54824.0
1675152527832,54824.0
1675152827828,54824.0
1675153128065,54824.0
1675153427996,54825.0
1675153728030,54825.0
1675154028007,54825.0
1675154328152,54826.0
1675154628228,54827.0
1675154928760,54827.0
1675155228270,54828.0
1675155528480,54828.0
1675156128651,54829.0
1675156428584,54829.0
1675156728417,54830.0
1675157028543,54830.0
1675157328469,54830.0
1675157628670,54831.0
1675157928805,54831.0
1675158228752,54832.0
1675158528723,54832.0
1675158830182,54832.0
1675159129084,54832.0
1675159729167,54833.0
1675160028790,54833.0
1675160329107,54834.0
1675160629085,54834.0
1675160929082,54834.0
1675161229034,54834.0
1675161529257,54834.0
1675161829166,54834.0
1675162129403,54834.0
1675162429358,54834.0
1675162729195,54835.0
1675163329498,54835.0
1675163629346,54835.0
1675163929237,54835.0
1675164229352,54835.0
1675164529421,54835.0
1675164829581,54835.0
1675165129881,54836.0
1675165429731,54836.0
1675165729504,54836.0
1675166029686,54836.0
1675166329869,54836.0
1675166930117,54836.0
1675167230515,54836.0
1675167529829,54836.0
1675167830706,54837.0
1675168130049,54837.0
1675168430105,54837.0
1675168730141,54837.0
1675169030553,54838.0
1675169330667,54838.0
1675169630367,54838.0
1675169930239,54838.0
1675170530359,54838.0
1675170830696,54838.0
1675171131305,54839.0
1675171431014,54839.0
1675171731465,54839.0
1675172030731,54839.0
1675172330957,54839.0
1675172630864,54839.0
1675172930864,54840.0
1675173230700,54840.0
1675173530769,54840.0
1675174732133,54843.0
1675175031767,54843.0
1675175331129,54843.0
1675175631620,54843.0
1675176231233,54844.0
1675176531275,54844.0
1675176831334,54845.0
1675177131364,54845.0
1675177432622,54845.0
1675177731522,54845.0
1675178031302,54845.0
1675178332543,54846.0
1675178631436,54846.0
1675178931707,54846.0
1675179231555,54846.0
1675179531653,54846.0
1675179831856,54846.0
1675180131657,54846.0
1675180432252,54847.0
1675180731870,54847.0
1675181632193,54847.0
1675181932066,54847.0
1675182232080,54848.0
1675182532548,54848.0
1675182832382,54848.0
1675183132348,54848.0
1675183432359,54848.0
1675183732463,54848.0
1675184032298,54849.0
1675184332334,54849.0
1675184634144,54850.0
1675184932456,54850.0
1675185232667,54850.0
1675185532491,54851.0
1675185832493,54851.0
1675186132650,54851.0
1675186432869,54851.0
1675186732877,54851.0
1675187032771,54852.0
1675187332841,54852.0
1675187632785,54852.0
1675187932915,54852.0
1675188234314,54852.0
1675188533150,54853.0
1675188833051,54853.0
1675189132998,54854.0
1675189433051,54854.0
1675189733141,54854.0
1675190033009,54854.0
1675190333225,54854.0
1675190633256,54854.0
1675190933432,54855.0
1675191233380,54855.0
1675191533387,54855.0
1675191835331,54856.0
1675192133617,54856.0
1675192434103,54856.0
1675192733589,54856.0
1675193033709,54856.0
1675193333696,54857.0
1675193633730,54857.0
1675193933871,54857.0
1675194233926,54857.0
1675194534074,54857.0
1675194833902,54857.0
1675195134026,54857.0
1675195436304,54858.0
1675195734294,54858.0
1675196034101,54858.0
1675196334185,54858.0
1675196634281,54858.0
1675196934302,54858.0
1675197234334,54859.0
1675197534245,54859.0
1675197834587,54859.0
1675198134398,54859.0
1675198434600,54860.0
1675198734522,54860.0
1675199037077,54860.0
1675199334780,54860.0
1675199634817,54860.0
1675199934658,54861.0
1675200234922,54861.0
1675200534796,54861.0
1675200835106,54861.0
1675201135145,54861.0
1675201441254,54861.0
1675201741200,54861.0
1675202041599,54862.0
1675202341266,54862.0
1675202643055,54862.0
1675202941624,54862.0
1675203241243,54862.0
1675203541591,54862.0
1675203841349,54862.0
1675204141789,54862.0
1675204441560,54863.0
1675204741867,54863.0
1675205041944,54863.0
1675205342044,54863.0
1675205641908,54863.0
1675205941712,54863.0
1675206243354,54863.0
1675206543086,54864.0
1675206842733,54864.0
1675207142119,54864.0
1675207441943,54864.0
1675207741938,54864.0
1675208042082,54864.0
1675208342318,54864.0
1675208642143,54864.0
1675208942672,54864.0
1675209242207,54864.0
1675209542297,54864.0
1675210142480,54864.0
1675210442680,54864.0
1675210742620,54864.0
1675211042739,54864.0
1675211342577,54864.0
1675211642936,54864.0
1675211942830,54864.0
1675212243196,54864.0
1675212543038,54864.0
1675212836703,54864.0
1675213136995,54864.0
1675213438440,54864.0
1675213737266,54864.0
1675214036893,54864.0
1675214337096,54864.0
1675214637155,54864.0
1675214936990,54864.0
1675215237306,54864.0
1675215537210,54864.0
1675215837266,54864.0
1675216137477,54864.0
1675216437233,54864.0
1675216737258,54864.0
1675217038708,54864.0
1675217337925,54864.0
1675217637566,54864.0
1675217937420,54864.0
1675218237576,54864.0
1675218537538,54864.0
1675218837785,54864.0
1675219137752,54864.0
1675219438327,54865.0
1675219738125,54865.0
1675220037736,54865.0
1675220337850,54865.0
1675220939519,54865.0
1675221238176,54865.0
1675221538160,54865.0
1675221838422,54865.0
1675222138175,54865.0
1675222438509,54865.0
1675222738469,54865.0
1675223038629,54865.0
1675223338375,54865.0
1675223638397,54865.0
1675223938564,54865.0
1675224241181,54865.0
1675224538816,54865.0
1675224838595,54865.0
1675225138629,54865.0
1675225438630,54865.0
1675225738791,54866.0
1675226038991,54866.0
1675226338818,54866.0
1675226639110,54866.0
1675226939285,54866.0
1675227238922,54866.0
1675227539091,54866.0
1675228140611,54866.0
1675228439182,54866.0
1675228739175,54866.0
1675229039344,54866.0
1675229339316,54866.0
1675229639357,54866.0
1675229939447,54866.0
1675230239872,54866.0
1675230539665,54866.0
1675230839512,54866.0
1675231139510,54866.0
1675231441434,54866.0
1675231739775,54866.0
1675232039798,54866.0
1675232339712,54867.0
1675232639905,54867.0
1675232940128,54867.0
1675233239876,54867.0
1675233540422,54867.0
1675233840456,54867.0
1675234140269,54867.0
1675234440135,54867.0
1675234740354,54867.0
1675235041772,54868.0
1675235340444,54868.0
1675235640523,54868.0
1675235940508,54869.0
1675236240527,54869.0
1675236540555,54869.0
1675236840853,54869.0
1675237140824,54869.0
1675237441142,54869.0
1675237740864,54869.0
1675238040884,54870.0
1675238341112,54870.0
1675238941258,54870.0
1675239241082,54870.0
1675239541115,54870.0
1675239841148,54870.0
1675240140983,54870.0
1675240441735,54870.0
1675240741324,54870.0
1675241041395,54871.0
1675241341594,54871.0
1675241641467,54871.0
1675241941306,54871.0
1675242243073,54871.0
1675242542147,54871.0
1675242841570,54871.0
1675243141715,54872.0
1675243441729,54872.0
1675243741559,54872.0
1675244041852,54872.0
1675244341812,54872.0
1675244642081,54872.0
1675244942185,54873.0
1675245242003,54873.0
1675245542337,54873.0
1675246142224,54873.0
1675246442078,54873.0
1675246742264,54873.0
1675247042308,54873.0
1675247342533,54873.0
1675247642594,54873.0
1675247943007,54873.0
1675248242573,54873.0
1675248542970,54873.0
1675248842736,54874.0
1675249142696,54874.0
1675249742816,54874.0
1675250042695,54874.0
1675250342864,54874.0
1675250642855,54874.0
1675250942971,54874.0
1675251242977,54874.0
1675251543250,54874.0
1675251843226,54875.0
1675252143344,54875.0
1675252443445,54876.0
1675252743298,54876.0
1675253643576,54877.0
1675253943491,54877.0
1675254243678,54878.0
1675254543460,54878.0
1675254843743,54879.0
1675255143943,54879.0
1675255444358,54879.0
1675255744238,54880.0
1675256043685,54880.0
1675256343712,54880.0
1675256945711,54880.0
1675257243951,54880.0
1675257544290,54881.0
1675257844108,54881.0
1675258144079,54881.0
1675258444297,54881.0
1675258744349,54881.0
1675259044238,54881.0
1675259344468,54882.0
1675259644317,54882.0
1675259944269,54882.0
1675260544477,54882.0
1675260844306,54882.0
1675261144397,54882.0
1675261444471,54882.0
1675261744545,54882.0
1675262044703,54883.0
1675262345011,54883.0
1675262644921,54883.0
1675262944762,54883.0
1675263244759,54883.0
1675263544719,54883.0
1675264145252,54883.0
1675264444949,54884.0
1675264745152,54884.0
1675265045059,54884.0
1675265345131,54884.0
1675265645232,54884.0
1675265945365,54884.0
1675266245287,54884.0
1675266545576,54884.0
1675266846400,54885.0
1675267145402,54885.0
1675267745862,54886.0
1675268045935,54886.0
1675268345574,54887.0
1675268645755,54887.0
1675268945787,54887.0
1675269245872,54887.0
1675269545812,54887.0
1675269846053,54887.0
1675270146030,54887.0
1675270445900,54887.0
1675270745992,54889.0
1675271047806,54889.0
1675271346414,54889.0
1675271645978,54889.0
1675271946116,54889.0
1675272246295,54890.0
1675272546210,54890.0
1675272846639,54890.0
1675273146396,54890.0
1675273446424,54891.0
1675273746518,54891.0
1675274046612,54891.0
1675274346274,54892.0
1675274648355,54892.0
1675274946981,54892.0
1675275246456,54892.0
1675275546532,54892.0
1675275846678,54892.0
1675276146582,54892.0
1675276446925,54892.0
1675276746794,54892.0
1675277047081,54892.0
1675277346825,54892.0
1675277646881,54892.0
1675277946847,54893.0
1675278547079,54893.0
1675278847213,54893.0
1675279146969,54894.0
1675279447054,54894.0
1675279747126,54895.0
1675280047230,54895.0
1675280348448,54895.0
1675280647256,54895.0
1675280947509,54895.0
1675281247260,54895.0
1675281547261,54896.0
1675281848581,54896.0
1675282147657,54897.0
1675282447536,54897.0
1675282747492,54897.0
1675283047697,54897.0
1675283347627,54897.0
1675283647849,54897.0
1675283947890,54897.0
1675284247992,54898.0
1675284547911,54898.0
1675284848099,54898.0
1675285147925,54898.0
1675285450173,54898.0
1675285748061,54898.0
1675286047915,54898.0
1675286347923,54898.0
1675286648083,54898.0
1675286948071,54899.0
1675287248209,54899.0
1675287548201,54899.0
1675287854788,54899.0
1675288154584,54899.0
1675288454576,54900.0
1675288754556,54900.0
1675289056346,54900.0
1675289354955,54900.0
1675289654857,54900.0
1675289954913,54900.0
1675290254900,54900.0
1675290554864,54901.0
1675290854919,54901.0
1675291155085,54901.0
1675291455056,54901.0
1675291755000,54901.0
1675292055049,54901.0
1675292355170,54901.0
1675292656058,54901.0
1675292956341,54902.0
1675293255245,54902.0
1675293555164,54902.0
1675293855587,54902.0
1675294155241,54902.0
1675294455496,54902.0
1675294755501,54902.0
1675295055667,54902.0
1675295355514,54902.0
1675295655663,54902.0
1675295955502,54902.0
1675296257829,54902.0
1675296555767,54902.0
1675296855775,54902.0
1675297155778,54902.0
1675297455840,54902.0
1675297755721,54902.0
1675298055755,54902.0
1675298355893,54902.0
1675298656127,54902.0
1675298956056,54902.0
1675299249678,54902.0
1675299549722,54902.0
1675299851402,54902.0
1675300150103,54902.0
1675300449973,54903.0
1675300750047,54903.0
1675301050180,54903.0
1675301350259,54903.0
1675301650149,54903.0
1675301950166,54903.0
1675302250493,54903.0
1675302550319,54903.0
1675302850377,54903.0
1675303150342,54903.0
1675303750589,54903.0
1675304050430,54903.0
1675304350503,54903.0
1675304650554,54903.0
1675304950443,54903.0
1675305250878,54903.0
1675305550780,54904.0
1675305851004,54904.0
1675306150997,54904.0
1675306450918,54904.0
1675306750906,54904.0
1675307351200,54904.0
1675307651051,54904.0
1675307951046,54904.0
1675308251169,54904.0
1675308551164,54904.0
1675308851220,54904.0
1675309151205,54904.0
1675309451440,54904.0
1675309751570,54904.0
1675310051308,54904.0
1675310351352,54904.0
1675310653576,54904.0
1675310951629,54904.0
1675311251541,54904.0
1675311551375,54905.0
1675311851555,54905.0
1675312151649,54905.0
1675312451986,54905.0
1675312751790,54905.0
1675313051885,54905.0
1675313351711,54905.0
1675313651947,54905.0
1675313952056,54905.0
1675314253374,54905.0
1675314552057,54905.0
1675314852127,54906.0
1675315152076,54906.0
1675315452478,54906.0
1675315752101,54906.0
1675316052152,54906.0
1675316352265,54907.0
1675316652399,54907.0
1675316952292,54907.0
1675317252260,54907.0
1675317552483,54907.0
1675317854435,54907.0
1675318152607,54908.0
1675318452482,54908.0
1675318752558,54908.0
1675319052564,54908.0
1675319352623,54908.0
1675319652823,54908.0
1675319952722,54908.0
1675320252652,54908.0
1675320552886,54908.0
1675320852839,54908.0
1675321152681,54908.0
1675321454444,54909.0
1675321753131,54909.0
1675322053004,54909.0
1675322353143,54909.0
1675322653215,54909.0
1675322952888,54910.0
1675323253191,54910.0
1675323553126,54910.0
1675323853420,54910.0
1675324153389,54910.0
1675324453340,54910.0
1675324753246,54910.0
1675325353605,54911.0
1675325653764,54911.0
1675325953508,54911.0
1675326253527,54915.0
1675326553472,54915.0
1675326853705,54916.0
1675327153555,54916.0
1675327453794,54917.0
1675327753571,54917.0
1675328053575,54917.0
1675328353790,54917.0
1675328655075,54917.0
1675328953906,54918.0
1675329253807,54918.0
1675329553850,54918.0
1675329854081,54918.0
1675330153846,54918.0
1675330454188,54918.0
1675330754385,54919.0
1675331054007,54919.0
1675331353949,54919.0
1675331654079,54919.0
1675331954181,54919.0
1675332256302,54919.0
1675332554269,54919.0
1675332854532,54919.0
1675333154252,54919.0
1675333455573,54919.0
1675333754212,54920.0
1675334054503,54920.0
1675334354516,54920.0
1675334654634,54920.0
1675334954595,54920.0
1675335254670,54920.0
1675335554788,54920.0
1675336154962,54920.0
1675336454772,54920.0
1675336756052,54921.0
1675337055113,54921.0
1675337354939,54921.0
1675337655095,54921.0
1675337955230,54921.0
1675338255177,54921.0
1675338555143,54921.0
1675338855358,54921.0
1675339155084,54921.0
1675340055490,54921.0
1675340355167,54921.0
1675340655481,54921.0
1675340955145,54921.0
1675341255689,54921.0
1675341555933,54921.0
1675341856754,54921.0
1675342155630,54921.0
1675342455722,54921.0
1675342755454,54922.0
1675343057473,54922.0
1675343355648,54922.0
1675343655810,54922.0
1675343955760,54922.0
1675344255905,54922.0
1675344555961,54922.0
1675344856139,54922.0
1675345156785,54922.0
1675345756121,54922.0
1675346057631,54922.0
1675346355898,54922.0
1675346958237,54923.0
1675347256601,54923.0
1675347556657,54923.0
1675347856729,54923.0
1675348156297,54923.0
1675348456666,54923.0
1675348756766,54923.0
1675349056697,54923.0
1675349356566,54923.0
1675349656651,54923.0
1675349956477,54923.0
1675350556924,54923.0
1675350856763,54924.0
1675351156920,54924.0
1675351456801,54924.0
1675351756850,54924.0
1675352057108,54924.0
1675352356917,54924.0
1675352657253,54925.0
1675352957384,54925.0
1675353257066,54925.0
1675353557154,54925.0
1675354157498,54926.0
1675354457241,54927.0
1675354757267,54927.0
1675355057213,54928.0
1675355357292,54928.0
1675355657430,54928.0
1675355957458,54928.0
1675356258582,54928.0
1675356557582,54929.0
1675356857676,54929.0
1675357157646,54929.0
1675357757958,54930.0
1675358057806,54930.0
1675358357733,54930.0
1675358657869,54930.0
1675358957713,54930.0
1675359258968,54930.0
1675359557979,54930.0
1675359858063,54930.0
1675360158118,54931.0
1675360459169,54931.0
1675360758144,54931.0
1675361060295,54931.0
1675361658339,54931.0
1675361958219,54931.0
1675362258092,54931.0
1675362558196,54931.0
1675362858445,54931.0
1675363158390,54931.0
1675363458603,54932.0
1675363758783,54932.0
1675364058677,54932.0
1675364358475,54932.0
1675364660754,54933.0
1675364958747,54933.0
1675365258693,54934.0
1675365558894,54934.0
1675365859083,54934.0
1675366158786,54935.0
1675366458921,54935.0
1675366758942,54935.0
1675367059093,54935.0
1675367359576,54936.0
1675367659021,54936.0
1675367959056,54936.0
1675368559267,54937.0
1675368859231,54937.0
1675369159089,54937.0
1675369459424,54937.0
1675369759297,54937.0
1675370059567,54937.0
1675370359424,54937.0
1675370659536,54938.0
1675370959632,54938.0
1675371259540,54938.0
1675371559428,54939.0
1675372159788,54940.0
1675372459710,54940.0
1675372759528,54940.0
1675373059747,54940.0
1675373359734,54940.0
1675373660107,54941.0
1675373960858,54941.0
1675374266856,54941.0
1675374566198,54941.0
1675374866482,54941.0
1675375166292,54941.0
1675375468007,54941.0
1675375766664,54941.0
1675376066443,54941.0
1675376366775,54942.0
1675376666495,54942.0
1675376966691,54942.0
1675377266596,54942.0
1675377566643,54942.0
1675377866847,54943.0
1675378166867,54943.0
1675378466726,54944.0
1675378766674,54944.0
1675379068154,54944.0
1675379367702,54944.0
1675379666862,54944.0
1675379966906,54944.0
1675380266982,54944.0
1675380567006,54944.0
1675380866999,54944.0
1675381167156,54945.0
1675381467292,54945.0
1675381767347,54945.0
1675382067260,54945.0
1675382367193,54945.0
1675382967337,54945.0
1675383267289,54945.0
1675383567721,54945.0
1675383860965,54945.0
1675384161123,54945.0
1675384461121,54945.0
1675384761197,54945.0
1675385061282,54945.0
1675385361429,54945.0
1675385661389,54945.0
1675385961486,54945.0
1675386263084,54945.0
1675386561631,54945.0
1675386861485,54946.0
1675387161409,54946.0
1675387461710,54946.0
1675387761520,54946.0
1675388061581,54946.0
1675388361561,54946.0
1675388661831,54946.0
1675388961867,54946.0
1675389261855,54946.0
1675389561716,54946.0
1675389862961,54946.0
1675390162086,54946.0
1675390462133,54946.0
1675390762138,54946.0
1675391062061,54946.0
1675391362194,54946.0
1675391662290,54946.0
1675391962260,54946.0
1675392262412,54946.0
1675392562226,54947.0
1675392862594,54947.0
1675393162213,54947.0
1675393762473,54947.0
1675394062720,54947.0
1675394362749,54947.0
1675394662669,54947.0
1675394962565,54947.0
1675395262637,54947.0
1675395562962,54947.0
1675395863026,54947.0
1675396162816,54947.0
1675396462915,54947.0
1675396762821,54947.0
1675397064504,54947.0
1675397363388,54947.0
1675397663080,54947.0
1675397963276,54947.0
1675398263215,54948.0
1675398563263,54948.0
1675398863214,54948.0
1675399163303,54948.0
1675399463198,54948.0
1675399763368,54949.0
1675400063409,54949.0
1675400363267,54949.0
1675400665633,54949.0
1675400963734,54949.0
1675401263605,54949.0
1675401563340,54950.0
1675401863745,54950.0
1675402163764,54950.0
1675402463777,54950.0
1675402763695,54950.0
1675403063938,54950.0
1675403363721,54950.0
1675403663846,54950.0
1675403963990,54950.0
1675404564318,54950.0
1675404864232,54950.0
1675405163843,54950.0
1675405464097,54950.0
1675405764041,54950.0
1675406064213,54950.0
1675406364336,54950.0
1675406664463,54950.0
1675406964594,54950.0
1675407264412,54950.0
1675407564470,54950.0
1675407866130,54950.0
1675408165665,54951.0
1675408464327,54951.0
1675408764537,54951.0
1675409064780,54951.0
1675409364575,54951.0
1675409664923,54951.0
1675409964861,54951.0
1675410265026,54951.0
1675410564822,54951.0
1675410864918,54951.0
1675411164858,54951.0
1675411765195,54952.0
1675412065069,54952.0
1675412365060,54952.0
1675412665216,54952.0
1675412965331,54952.0
1675413265463,54952.0
1675413565326,54952.0
1675413865314,54952.0
1675414165584,54952.0
1675414465794,54952.0
1675414765281,54952.0
1675415067342,54952.0
1675415365938,54952.0
1675415665610,54952.0
1675415965750,54952.0
1675416265740,54952.0
1675416565884,54952.0
1675416865888,54952.0
1675417165685,54952.0
1675417465802,54953.0
1675417765940,54953.0
1675418065743,54953.0
1675418365870,54953.0
1675418668145,54953.0
1675418966065,54953.0
1675419265992,54953.0
1675419565941,54953.0
1675419866104,54953.0
1675420165982,54953.0
1675420466218,54953.0
1675420766452,54953.0
1675421066131,54953.0
1675421366404,54953.0
1675421666330,54953.0
1675421966340,54953.0
1675422267975,54953.0
1675422566696,54953.0
1675422866646,54953.0
1675423166589,54953.0
1675423466578,54954.0
1675423766596,54954.0
1675424067332,54954.0
1675424366945,54954.0
1675424666737,54954.0
1675424966885,54954.0
1675425266870,54954.0
1675425566690,54954.0
1675426167189,54954.0
1675426466846,54954.0
1675426766877,54954.0
1675427066847,54954.0
1675427367102,54955.0
1675427667123,54955.0
1675427967078,54955.0
1675428267455,54955.0
1675428567153,54956.0
1675428867104,54956.0
1675429167309,54956.0
1675429469495,54956.0
1675429767399,54956.0
1675430067436,54956.0
1675430367544,54957.0
1675430667495,54958.0
1675430967427,54958.0
1675431267589,54959.0
1675431567588,54959.0
1675431867867,54959.0
1675432167717,54959.0
1675432467750,54959.0
1675432767740,54960.0
1675433368061,54961.0
1675433667729,54961.0
1675433967888,54961.0
1675434267977,54961.0
1675434567879,54962.0
1675434868034,54962.0
1675435168294,54962.0
1675435468242,54963.0
1675435768257,54963.0
1675436068288,54963.0
1675436368836,54963.0
1675436970596,54964.0
1675437268665,54964.0
1675437568325,54964.0
1675437868481,54965.0
1675438168473,54965.0
1675438468491,54965.0
1675438768608,54965.0
1675439068763,54965.0
1675439368721,54965.0
1675439668605,54965.0
1675439968726,54965.0
1675440271016,54966.0
1675440569054,54966.0
1675440868840,54966.0
1675441168912,54966.0
1675441469015,54966.0
1675441768907,54966.0
1675442069171,54967.0
1675442369153,54967.0
1675442669205,54967.0
1675442969341,54967.0
1675443269226,54967.0
1675443569032,54968.0
1675443870723,54968.0
1675444169288,54968.0
1675444469381,54968.0
1675444769406,54968.0
1675445069628,54968.0
1675445369492,54968.0
1675445669695,54968.0
1675445969421,54969.0
1675446269814,54969.0
1675446569594,54969.0
1675446869766,54969.0
1675447169738,54969.0
1675447472055,54969.0
1675447770049,54969.0
1675448069922,54970.0
1675448369826,54970.0
1675448669752,54970.0
1675448970038,54970.0
1675449269980,54970.0
1675449569960,54972.0
1675449870254,54972.0
1675450170142,54972.0
1675450470261,54972.0
1675450770240,54973.0
1675451072157,54973.0
1675451371142,54973.0
1675451670349,54974.0
1675451970399,54974.0
1675452270299,54975.0
1675452570912,54975.0
1675452870452,54975.0
1675453170515,54975.0
1675453470744,54976.0
1675453770534,54976.0
1675454070808,54976.0
1675454370649,54976.0
1675454671680,54977.0
1675454971229,54977.0
1675455270842,54977.0
1675455570791,54977.0
1675455871140,54977.0
1675456171113,54977.0
1675456471078,54977.0
1675456771104,54977.0
1675457071388,54978.0
1675457371148,54978.0
1675457671156,54978.0
1675457971148,54978.0
1675458272855,54978.0
1675458571617,54978.0
1675458871256,54978.0
1675459171527,54978.0
1675459471523,54978.0
1675459771355,54978.0
1675460071551,54978.0
1675460371594,54978.0
1675460671812,54978.0
1675460971897,54978.0
1675461271489,54978.0
1675461571800,54978.0
1675461872908,54979.0
1675462171992,54979.0
1675462478215,54979.0
1675462778199,54979.0
1675463078164,54979.0
1675463378240,54979.0
1675463678292,54980.0
1675463978466,54980.0
1675464278612,54981.0
1675464578470,54981.0
1675464878441,54981.0
1675465178512,54981.0
1675465479954,54982.0
1675466078805,54982.0
1675466378654,54982.0
1675466679168,54982.0
1675466979111,54983.0
1675467279043,54983.0
1675467579409,54983.0
1675467879501,54983.0
1675468179129,54983.0
1675468479263,54983.0
1675468779347,54983.0
1675469379889,54983.0
1675469679316,54983.0
1675469979435,54983.0
1675470279594,54983.0
1675470579794,54984.0
1675470879561,54984.0
1675471179898,54984.0
1675471479732,54984.0
1675471779675,54984.0
1675472079676,54984.0
1675472373221,54984.0
1675472674634,54984.0
1675472973651,54984.0
1675473273590,54984.0
1675473573464,54984.0
1675473873664,54984.0
1675474173514,54984.0
1675474473672,54984.0
1675474773964,54984.0
1675475073865,54984.0
1675475373719,54984.0
1675475673754,54984.0
1675475973544,54984.0
1675476275526,54984.0
1675476573938,54984.0
1675476874055,54984.0
1675477174052,54985.0
1675477473944,54985.0
1675477773970,54985.0
1675478074064,54985.0
1675478374133,54985.0
1675478673957,54985.0
1675478974021,54986.0
1675479274302,54986.0
1675479574261,54986.0
1675480174551,54986.0
1675480474568,54986.0
1675480774578,54986.0
1675481074589,54986.0
1675481374477,54986.0
1675481674539,54986.0
1675481974782,54986.0
1675482274897,54987.0
1675482575195,54987.0
1675482874761,54987.0
1675483174602,54987.0
1675483476622,54987.0
1675483775045,54987.0
1675484075066,54987.0
1675484375052,54987.0
1675484674924,54987.0
1675484974992,54987.0
1675485275058,54987.0
1675485575015,54987.0
1675485875148,54987.0
1675486174952,54988.0
1675486475271,54988.0
1675486775068,54988.0
1675487076819,54988.0
1675487375454,54989.0
1675487675316,54989.0
1675487975401,54989.0
1675488275433,54989.0
1675488575308,54989.0
1675488875663,54989.0
1675489175584,54989.0
1675489475717,54989.0
1675489775687,54989.0
1675490075733,54989.0
1675490375600,54989.0
1675490677721,54989.0
1675490976299,54990.0
1675491276094,54990.0
1675491575936,54990.0
1675491875995,54990.0
1675492176192,54990.0
1675492476191,54990.0
1675492776291,54990.0
1675493076262,54990.0
1675493376128,54990.0
1675493676220,54990.0
1675493976309,54990.0
1675494576719,54991.0
1675494876428,54991.0
1675495176507,54991.0
1675495476729,54992.0
1675495776717,54992.0
1675496076889,54992.0
1675496376727,54992.0
1675496676729,54992.0
1675496976975,54992.0
1675497276649,54992.0
1675497576875,54993.0
1675498177118,54994.0
1675498476941,54994.0
1675498777043,54994.0
1675499077002,54995.0
1675499376946,54995.0
1675499677263,54996.0
1675499977354,54996.0
1675500277176,54997.0
1675500577340,54997.0
1675500877296,54997.0
1675501177342,54998.0
1675501478875,54998.0
1675501777594,54998.0
1675502077455,54998.0
1675502377670,54999.0
1675502677710,54999.0
1675502977480,54999.0
1675503277583,54999.0
1675503577959,54999.0
1675503877910,54999.0
1675504177837,54999.0
1675504477909,54999.0
1675504778109,55000.0
1675505079784,55000.0
1675505378247,55000.0
1675505677983,55000.0
1675505978029,55000.0
1675506277957,55000.0
1675506578431,55000.0
1675506878298,55000.0
1675507178230,55000.0
1675507478411,55000.0
1675507778555,55000.0
1675508078584,55000.0
1675508378554,55000.0
1675508680053,55000.0
1675508978717,55000.0
1675509278840,55000.0
1675509578633,55000.0
1675509878840,55000.0
1675510178855,55000.0
1675510478884,55000.0
1675510778900,55001.0
1675511079131,55001.0
1675511378903,55002.0
1675511679297,55002.0
1675511979366,55002.0
1675512280838,55002.0
1675512579282,55002.0
1675512879080,55002.0
1675513179120,55002.0
1675513479321,55002.0
1675513779270,55002.0
1675514079206,55002.0
1675514379295,55002.0
1675514679518,55002.0
1675514979544,55002.0
1675515279482,55002.0
1675515579525,55002.0
1675515880958,55002.0
1675516179706,55002.0
1675516479696,55002.0
1675516779678,55002.0
1675517079677,55002.0
1675517379556,55002.0
1675517680056,55003.0
1675517979937,55003.0
1675518279873,55003.0
1675518580028,55003.0
1675518880055,55003.0
1675519180028,55003.0
1675519482133,55003.0
1675519780192,55003.0
1675520080198,55003.0
1675520380442,55003.0
1675520680304,55003.0
1675520980250,55003.0
1675521280520,55003.0
1675521580602,55003.0
1675521880615,55003.0
1675522180473,55003.0
1675522480587,55003.0
1675522780476,55003.0
1675523082092,55003.0
1675523380899,55004.0
1675523680728,55004.0
1675523980960,55004.0
1675524280704,55005.0
1675524580904,55005.0
1675524880972,55005.0
1675525180994,55005.0
1675525481067,55005.0
1675525781036,55005.0
1675526081302,55005.0
1675526381038,55005.0
1675526981483,55006.0
1675527281256,55006.0
1675527581281,55006.0
1675527881340,55006.0
1675528181451,55006.0
1675528481535,55006.0
1675528781931,55007.0
1675529081688,55007.0
1675529381746,55007.0
1675529681700,55007.0
1675529981653,55007.0
1675530283754,55007.0
1675530582003,55008.0
1675530882071,55008.0
1675531181938,55008.0
1675531481989,55008.0
1675531781917,55008.0
1675532082088,55008.0
1675532382152,55009.0
1675532682053,55009.0
1675532982103,55009.0
1675533282192,55010.0
1675533581980,55010.0
1675534182430,55010.0
1675534482126,55011.0
1675534782349,55011.0
1675535082383,55011.0
1675535382598,55011.0
1675535682632,55011.0
1675535982864,55011.0
1675536282700,55011.0
1675536582582,55012.0
1675536882673,55012.0
1675537182577,55012.0
1675537484197,55012.0
1675537783015,55012.0
1675538082923,55013.0
1675538382928,55013.0
1675538682909,55014.0
1675538983109,55014.0
1675539283189,55014.0
1675539583348,55014.0
1675539883343,55014.0
1675540184275,55014.0
1675540483344,55015.0
1675540783459,55015.0
1675541085564,55015.0
1675541383689,55015.0
1675541683491,55015.0
1675541983460,55016.0
1675542283555,55016.0
1675542583759,55016.0
1675542883780,55016.0
1675543183819,55016.0
1675543483774,55016.0
1675543783731,55017.0
1675544083895,55017.0
1675544383947,55017.0
1675544685246,55017.0
1675544984199,55017.0
1675545283987,55017.0
1675545584135,55017.0
1675545885215,55017.0
1675546184392,55018.0
1675546484172,55018.0
1675546784183,55018.0
1675547084224,55018.0
1675547384310,55018.0
1675547684388,55018.0
1675547984240,55018.0
1675548286605,55018.0
1675548584709,55018.0
1675548884608,55018.0
1675549184464,55019.0
1675549484586,55019.0
1675549784489,55019.0
1675550084709,55019.0
1675550384561,55019.0
1675550684945,55019.0
1675550984921,55019.0
1675551284766,55020.0
1675551584967,55020.0
1675551886069,55020.0
1675552185940,55021.0
1675552484903,55021.0
1675552785081,55021.0
1675553091671,55021.0
1675553391632,55022.0
1675553691574,55022.0
1675553991682,55022.0
1675554291904,55022.0
1675554591946,55022.0
1675554891843,55023.0
1675555192002,55023.0
1675555493989,55023.0
1675555792340,55023.0
1675556092373,55023.0
1675556392110,55023.0
1675556692060,55023.0
1675556992160,55023.0
1675557292189,55023.0
1675557593040,55023.0
1675557892289,55023.0
1675558192354,55023.0
1675558492444,55024.0
1675558792481,55024.0
1675559093850,55024.0
1675559392927,55024.0
1675559692570,55024.0
1675559992663,55024.0
1675560292754,55024.0
1675560592652,55024.0
1675560893793,55024.0
1675561192802,55024.0
1675561492947,55024.0
1675561793117,55024.0
1675562093003,55025.0
1675562393000,55025.0
1675562986792,55025.0
1675563286873,55025.0
1675563586988,55025.0
1675563886732,55025.0
1675564186719,55025.0
1675564486800,55025.0
1675564786844,55026.0
1675565087137,55026.0
1675565387095,55026.0
1675565686964,55026.0
1675565986908,55026.0
1675566288727,55026.0
1675566587191,55026.0
1675566887176,55026.0
1675567187148,55026.0
1675567487321,55026.0
1675567787364,55026.0
1675568087399,55026.0
1675568387341,55026.0
1675568687794,55026.0
1675568987465,55026.0
1675569287591,55026.0
1675569587735,55026.0
1675569888954,55026.0
1675570187620,55026.0
1675570487828,55027.0
1675570787725,55027.0
1675571087731,55027.0
1675571387720,55027.0
1675571687779,55027.0
1675571987921,55027.0
1675572287986,55028.0
1675572588213,55028.0
1675572888113,55028.0
1675573187944,55028.0
1675573489825,55028.0
1675573788626,55028.0
1675574088173,55028.0
1675574388313,55029.0
1675574688571,55029.0
1675574988240,55029.0
1675575288382,55029.0
1675575588404,55029.0
1675575888684,55029.0
1675576188776,55029.0
1675576488595,55029.0
1675576788566,55029.0
1675577090062,55029.0
1675577388755,55029.0
1675577688787,55029.0
1675577988822,55029.0
1675578288764,55029.0
1675578588740,55030.0
1675578889008,55030.0
1675579189131,55030.0
1675579489150,55030.0
1675579789391,55030.0
1675580089251,55030.0
1675580389218,55030.0
1675580690959,55030.0
1675580989603,55030.0
1675581289314,55030.0
1675581589280,55030.0
1675581889334,55030.0
1675582189490,55030.0
1675582489488,55031.0
1675582789588,55031.0
1675583089546,55031.0
1675583389622,55031.0
1675583689637,55031.0
1675583989723,55031.0
1675584291551,55031.0
1675584589834,55031.0
1675584889826,55032.0
1675585189878,55032.0
1675585489757,55033.0
1675585790249,55036.0
1675586089967,55037.0
1675586390215,55038.0
1675586690177,55038.0
1675586989999,55038.0
1675587290247,55038.0
1675587590194,55038.0
1675587891709,55038.0
1675588190293,55039.0
1675588490342,55040.0
1675588790365,55040.0
1675589090811,55040.0
1675589390510,55040.0
1675589690842,55041.0
1675589990548,55041.0
1675590290816,55041.0
1675590590869,55041.0
1675590890829,55041.0
1675591190641,55041.0
1675591493023,55041.0
1675591790908,55041.0
1675592091049,55041.0
1675592390912,55041.0
1675592690967,55041.0
1675592990813,55042.0
1675593291327,55042.0
1675593591202,55042.0
1675593891248,55042.0
1675594191186,55042.0
1675594491160,55042.0
1675594791120,55042.0
1675595092811,55043.0
1675595391553,55043.0
1675595691353,55043.0
1675595991494,55043.0
1675596291475,55043.0
1675596591350,55043.0
1675596891606,55044.0
1675597191589,55044.0
1675597491804,55045.0
1675597791826,55045.0
1675598091799,55045.0
1675598391903,55045.0
1675598992279,55045.0
1675599291966,55045.0
1675599591970,55046.0
1675599892026,55046.0
1675600192187,55046.0
1675600492246,55046.0
1675600792184,55046.0
1675601092253,55047.0
1675601392295,55047.0
1675601692241,55047.0
1675601992332,55047.0
1675602293931,55047.0
1675602592524,55047.0
1675602892369,55047.0
1675603192528,55047.0
1675603492537,55047.0
1675603792520,55047.0
1675604092669,55047.0
1675604392608,55047.0
1675604692897,55047.0
1675604992733,55047.0
1675605292984,55047.0
1675605592646,55047.0
1675605894818,55047.0
1675606192905,55048.0
1675606493069,55048.0
1675606793074,55048.0
1675607092935,55048.0
1675607393180,55048.0
1675607693077,55048.0
1675607993237,55048.0
1675608293085,55048.0
1675608593457,55048.0
1675608893140,55049.0
1675609193360,55049.0
1675609495321,55049.0
1675609793630,55049.0
1675610093431,55049.0
1675610393476,55049.0
1675610693464,55049.0
1675610993690,55049.0
1675611293811,55049.0
1675611593872,55049.0
1675611893799,55049.0
1675612193743,55049.0
1675612493728,55049.0
1675612793701,55049.0
1675613094261,55049.0
1675613393986,55050.0
1675613693969,55050.0
1675613993992,55050.0
1675614294124,55050.0
1675614594173,55050.0
1675614894195,55050.0
1675615194127,55052.0
1675615494258,55052.0
1675615794242,55052.0
1675616094251,55053.0
1675616394285,55053.0
1675616695886,55053.0
1675616994724,55053.0
1675617294476,55053.0
1675617594659,55053.0
1675617894712,55054.0
1675618194635,55054.0
1675618494866,55054.0
1675618794829,55054.0
1675619094825,55054.0
1675619394906,55055.0
1675619694847,55055.0
1675619994846,55055.0
1675620296618,55056.0
1675620595267,55056.0
1675620895034,55056.0
1675621195014,55056.0
1675621495127,55056.0
1675621795277,55056.0
1675622095499,55057.0
1675622395485,55058.0
1675622695516,55058.0
1675622995756,55058.0
1675623295553,55059.0
1675623595387,55059.0
1675624195849,55059.0
1675624495781,55060.0
1675624795728,55060.0
1675625096154,55060.0
1675625396053,55061.0
1675625695863,55061.0
1675625995949,55061.0
1675626296003,55061.0
1675626596233,55061.0
1675626895968,55061.0
1675627196041,55061.0
1675627497543,55062.0
1675627796252,55062.0
1675628096167,55062.0
1675628396216,55062.0
1675628696338,55062.0
1675628996376,55062.0
1675629296321,55063.0
1675629596733,55063.0
1675629896665,55063.0
1675630196519,55063.0
1675630496521,55063.0
1675630796442,55064.0
1675631098740,55064.0
1675631396759,55064.0
1675631696775,55064.0
1675631996721,55064.0
1675632296872,55064.0
1675632596720,55065.0
1675632897071,55065.0
1675633197070,55065.0
1675633497009,55065.0
1675633797038,55065.0
1675634097011,55065.0
1675634396950,55065.0
1675634699336,55065.0
1675635003992,55065.0
1675635303676,55066.0
1675635603697,55066.0
1675635903873,55066.0
1675636203666,55067.0
1675636505101,55067.0
1675636804104,55067.0
1675637104143,55067.0
1675637404031,55067.0
1675637704090,55067.0
1675638004077,55068.0
1675638305578,55068.0
1675638605317,55068.0
1675638904271,55069.0
1675639204416,55069.0
1675639504356,55069.0
1675639804395,55069.0
1675640104695,55069.0
1675640404602,55069.0
1675640704993,55070.0
1675641004696,55070.0
1675641304781,55070.0
1675641604657,55070.0
1675642205083,55070.0
1675642504878,55070.0
1675642805123,55070.0
1675643104873,55070.0
1675643404975,55070.0
1675643705158,55070.0
1675643998440,55070.0
1675644298630,55071.0
1675644598542,55071.0
1675644898629,55071.0
1675645198692,55071.0
1675645500232,55071.0
1675645798919,55071.0
1675646098767,55071.0
1675646398962,55071.0
1675646698849,55071.0
1675646998798,55071.0
1675647299180,55071.0
1675647599454,55072.0
1675647899403,55072.0
1675648199258,55072.0
1675648499227,55072.0
1675648799149,55072.0
1675649101237,55072.0
1675649399205,55072.0
1675649699489,55072.0
1675649999338,55072.0
1675650299338,55072.0
1675650599547,55072.0
1675650899704,55072.0
1675651199529,55072.0
1675651499601,55072.0
1675651799913,55072.0
1675652099677,55073.0
1675652399672,55073.0
1675653000196,55073.0
1675653299691,55073.0
1675653599837,55073.0
1675653899938,55074.0
1675654200141,55074.0
1675654500201,55074.0
1675654800426,55074.0
1675655100196,55074.0
1675655400297,55074.0
1675655700164,55074.0
1675656000688,55074.0
1675656302228,55074.0
1675656600889,55074.0
1675656900886,55074.0
1675657200435,55074.0
1675657500804,55075.0
1675657800837,55075.0
1675658101121,55075.0
1675658401051,55075.0
1675658701455,55075.0
1675659001248,55076.0
1675659301090,55076.0
1675659601840,55076.0
1675660203060,55076.0
1675660501155,55076.0
1675660801761,55076.0
1675661101490,55076.0
1675661401611,55076.0
1675661701715,55076.0
1675662001688,55076.0
1675662302599,55076.0
1675662602176,55076.0
1675662901829,55076.0
1675663203180,55076.0
1675663503750,55077.0
1675663802346,55077.0
1675664102112,55077.0
1675664401921,55077.0
1675664702167,55077.0
1675665002006,55077.0
1675665302630,55077.0
1675665602642,55077.0
1675665903111,55077.0
1675666202763,55077.0
1675666502825,55077.0
1675666803798,55077.0
1675667103603,55077.0
1675667402844,55077.0
1675667702557,55077.0
1675668002656,55078.0
1675668602974,55078.0
1675668902897,55078.0
1675669203145,55079.0
1675669503712,55079.0
1675669802881,55079.0
1675670103018,55079.0
1675670403792,55079.0
1675671003477,55080.0
1675671303558,55080.0
1675671603215,55080.0
1675671903738,55080.0
1675672203450,55080.0
1675672503597,55080.0
1675672804199,55080.0
1675673104336,55080.0
1675673404402,55080.0
1675673704307,55080.0
1675674604410,55082.0
1675674904199,55082.0
1675675204394,55082.0
1675675503789,55082.0
1675675803848,55082.0
1675676104292,55082.0
1675676403815,55083.0
1675676704243,55083.0
1675677004434,55083.0
1675677304255,55083.0
1675677605277,55083.0
1675677905630,55083.0
1675678206255,55084.0
1675678505865,55084.0
1675678804847,55084.0
1675679105068,55085.0
1675679405460,55086.0
1675679704998,55086.0
1675680005479,55086.0
1675680606042,55086.0
1675680905513,55087.0
1675681805272,55088.0
1675682105710,55089.0
1675682405468,55089.0
1675682705787,55089.0
1675683006245,55089.0
1675683306468,55089.0
1675683605876,55089.0
1675684206805,55090.0
1675684505662,55090.0
1675685405316,55090.0
1675685706448,55090.0
1675686005203,55090.0
1675686306899,55090.0
1675686606518,55091.0
1675686906961,55091.0
1675687807225,55091.0
1675688106862,55091.0
1675689607517,55091.0
1675689907168,55092.0
1675690807059,55092.0
1675691406324,55092.0
1675691707208,55092.0
1675692607522,55092.0
1675692908205,55092.0
1675693207678,55092.0
1675693507868,55093.0
1675694407679,55093.0
1675695007828,55093.0
1675695272837,55093.0
1675695572739,55094.0
1675695874486,55094.0
1675696173172,55094.0
1675696472931,55094.0
1675696773044,55094.0
1675697072902,55095.0
1675697373113,55095.0
1675697673295,55095.0
1675697973112,55095.0
1675698273270,55095.0
1675698573519,55095.0
1675698873136,55095.0
1675699173398,55095.0
1675699773606,55095.0
1675700073506,55096.0
1675700373546,55096.0
1675700673368,55096.0
1675700973593,55096.0
1675701273567,55096.0
1675701573827,55096.0
1675701873849,55096.0
1675702175780,55096.0
1675702474209,55097.0
1675702773785,55098.0
1675703075772,55098.0
1675703374024,55098.0
1675703674064,55098.0
1675703973699,55098.0
1675704273729,55098.0
1675704573721,55098.0
1675704874070,55098.0
1675705174072,55098.0
1675705474245,55098.0
1675705774226,55098.0
1675706074089,55099.0
1675706374109,55099.0
1675706974515,55100.0
1675707274408,55100.0
1675707574317,55100.0
1675707874313,55100.0
1675708174424,55101.0
1675708474516,55101.0
1675708774908,55101.0
1675709074680,55101.0
1675709374741,55101.0
1675709674508,55101.0
1675709974730,55101.0
1675710574869,55101.0
1675710875237,55101.0
1675711175057,55101.0
1675711474689,55101.0
1675711774929,55101.0
1675712074960,55101.0
1675712375094,55101.0
1675712675141,55102.0
1675712975080,55102.0
1675713275708,55102.0
1675713575175,55103.0
1675713877157,55104.0
1675714175355,55105.0
1675714475477,55105.0
1675714775326,55105.0
1675715075370,55105.0
1675715375577,55105.0
1675715675557,55106.0
1675715975594,55106.0
1675716275502,55106.0
1675716575564,55107.0
1675716875558,55107.0
1675717175710,55107.0
1675717477439,55107.0
1675717775835,55107.0
1675718075785,55107.0
1675718375833,55107.0
1675718675690,55107.0
1675718975838,55107.0
1675719275936,55107.0
1675719575926,55107.0
1675719876029,55108.0
1675720176206,55108.0
1675720476294,55108.0
1675720776083,55108.0
1675721376359,55108.0
1675721676284,55108.0
1675721976202,55108.0
1675722276146,55108.0
1675722582947,55108.0
1675722883057,55108.0
1675723183227,55108.0
1675723483223,55108.0
1675723783500,55108.0
1675724083000,55108.0
1675724383355,55108.0
1675724684651,55108.0
1675724984935,55108.0
1675725283547,55108.0
1675725583443,55109.0
1675725883237,55109.0
1675726183385,55109.0
1675726483586,55109.0
1675726783709,55109.0
1675727083568,55109.0
1675727383911,55109.0
1675727683576,55109.0
1675727983809,55109.0
1675728584024,55109.0
1675728883949,55109.0
1675729184332,55109.0
1675729484015,55109.0
1675729784057,55109.0
1675730083951,55109.0
1675730384227,55109.0
1675730684277,55109.0
1675730984331,55110.0
1675731284037,55110.0
1675731584265,55110.0
1675731885619,55110.0
1675732184467,55110.0
1675732477554,55110.0
1675732777822,55110.0
1675733077541,55110.0
1675733377694,55110.0
1675733678004,55110.0
1675733977818,55110.0
1675734278095,55111.0
1675734578026,55111.0
1675734877875,55111.0
1675735177902,55111.0
1675735480489,55111.0
1675735778465,55111.0
1675736078109,55111.0
1675736378350,55111.0
1675736678134,55111.0
1675736978469,55111.0
1675737278448,55111.0
1675737578518,55111.0
1675737878718,55111.0
1675738179208,55111.0
1675738478333,55111.0
1675738778508,55111.0
1675739378871,55112.0
1675739678513,55112.0
1675739978713,55112.0
1675740278638,55112.0
1675740578682,55112.0
1675740878788,55112.0
1675741178821,55112.0
1675741478797,55112.0
1675741778872,55112.0
1675742078675,55112.0
1675742378925,55113.0
1675742680557,55113.0
1675742979273,55113.0
1675743279084,55113.0
1675743579001,55115.0
1675743878871,55116.0
1675744179143,55116.0
1675744479162,55116.0
1675744779246,55116.0
1675745079220,55116.0
1675745379309,55116.0
1675745679120,55117.0
1675745979434,55117.0
1675746281000,55118.0
1675746579681,55118.0
1675746879307,55118.0
1675747179684,55118.0
1675747479225,55118.0
1675747779586,55119.0
1675748079579,55119.0
1675748379652,55119.0
1675748679586,55119.0
1675748979746,55119.0
1675749279541,55119.0
1675749579742,55119.0
1675750179993,55119.0
1675750479843,55119.0
1675750779866,55119.0
1675751079778,55119.0
1675751380158,55119.0
1675751680172,55119.0
1675751980240,55119.0
1675752280060,55120.0
1675752580311,55120.0
1675752880897,55120.0
1675753180132,55120.0
1675753482062,55120.0
1675753780550,55120.0
1675754080326,55120.0
1675754380357,55120.0
1675754680136,55120.0
1675754980519,55120.0
1675755280416,55120.0
1675755580628,55121.0
1675755880490,55121.0
1675756180641,55121.0
1675756480523,55121.0
1675756780748,55121.0
1675757381122,55121.0
1675757680983,55121.0
1675757980890,55121.0
1675758280871,55121.0
1675758581072,55121.0
1675758882179,55121.0
1675759181503,55122.0
1675759481302,55122.0
1675759781231,55122.0
1675760081344,55122.0
1675760381430,55122.0
1675760682980,55123.0
1675760981680,55123.0
1675761281427,55123.0
1675761581384,55123.0
1675761881422,55123.0
1675762181914,55124.0
1675762481566,55124.0
1675762781681,55125.0
1675763081797,55125.0
1675763381974,55125.0
1675763681824,55125.0
1675763981851,55125.0
1675764582034,55125.0
1675764882068,55125.0
1675765181974,55125.0
1675765481724,55125.0
1675765781849,55125.0
1675766081920,55125.0
1675766382211,55125.0
1675766682204,55126.0
1675766982412,55126.0
1675767281940,55126.0
1675767582200,55126.0
1675767883415,55126.0
1675768183311,55126.0
1675768482315,55126.0
1675768782263,55126.0
1675769082357,55126.0
1675769382366,55126.0
1675769682779,55126.0
1675769982483,55126.0
1675770282879,55126.0
1675770582731,55126.0
1675770882636,55126.0
1675771182736,55126.0
1675771484684,55126.0
1675771783363,55126.0
1675772082864,55126.0
1675772382750,55126.0
1675772682732,55126.0
1675772982688,55127.0
1675773282931,55127.0
1675773583031,55127.0
1675773883124,55127.0
1675774183116,55127.0
1675774482923,55127.0
1675774783063,55127.0
1675775383177,55127.0
1675775683297,55128.0
1675775983254,55128.0
1675776283290,55128.0
1675776583369,55128.0
1675776883334,55128.0
1675777183386,55128.0
1675777483516,55128.0
1675777783583,55128.0
1675778083448,55128.0
1675778383524,55128.0
1675778983742,55128.0
1675779283807,55128.0
1675779583771,55129.0
1675779883807,55129.0
1675780183851,55129.0
1675780484048,55129.0
1675780784167,55129.0
1675781084092,55129.0
1675781384245,55129.0
1675781683975,55130.0
1675781984093,55130.0
1675782286428,55130.0
1675782584850,55130.0
1675782884444,55130.0
1675783184473,55130.0
1675783484352,55130.0
1675783784557,55130.0
1675784084498,55131.0
1675784384702,55131.0
1675784684599,55131.0
1675784985610,55132.0
1675785284486,55132.0
1675785584762,55132.0
1675786184986,55133.0
1675786484696,55134.0
1675786784792,55134.0
1675787084666,55134.0
1675787384838,55134.0
1675787685185,55134.0
1675787984911,55135.0
1675788285091,55135.0
1675788585196,55135.0
1675788885134,55135.0
1675789184927,55135.0
1675789486775,55135.0
1675789785409,55135.0
1675790085209,55135.0
1675790385265,55135.0
1675790685191,55136.0
1675790985249,55136.0
1675791285546,55136.0
1675791585321,55136.0
1675791885596,55137.0
1675792185596,55137.0
1675792485351,55137.0
1675792785468,55137.0
1675793385619,55137.0
1675793685648,55137.0
1675793985756,55137.0
1675794285652,55137.0
1675794585579,55138.0
1675794886090,55138.0
1675795185855,55138.0
1675795486113,55138.0
1675795786032,55138.0
1675796085886,55138.0
1675796386127,55138.0
1675796688050,55138.0
1675796986179,55138.0
1675797286317,55138.0
1675797586462,55138.0
1675797886111,55138.0
1675798186422,55139.0
1675798486546,55139.0
1675798786440,55139.0
1675799086446,55139.0
1675799386583,55139.0
1675799686681,55140.0
1675799986527,55140.0
1675800586872,55141.0
1675800886944,55141.0
1675801186704,55141.0
1675801486917,55141.0
1675801786657,55141.0
1675802387208,55142.0
1675802687121,55142.0
1675802987212,55142.0
1675803286960,55142.0
1675803587227,55142.0
1675804187365,55142.0
1675804487401,55142.0
1675804787454,55142.0
1675805087123,55143.0
1675805387281,55143.0
1675805687310,55143.0
1675805994250,55143.0
1675806294170,55143.0
1675806594551,55143.0
1675806894161,55143.0
1675807194191,55143.0
1675807495488,55144.0
1675807794548,55144.0
1675808094503,55144.0
1675808394556,55144.0
1675808694313,55144.0
1675808994630,55144.0
1675809294521,55144.0
1675809594928,55144.0
1675809894789,55144.0
1675810194673,55144.0
1675810494527,55144.0
1675810795158,55144.0
1675811095641,55144.0
1675811396069,55145.0
1675811694860,55145.0
1675811994984,55145.0
1675812294833,55145.0
1675812594995,55145.0
1675812895005,55145.0
1675813195052,55145.0
1675813495181,55145.0
1675813795152,55145.0
1675814095162,55145.0
1675814395300,55145.0
1675814696789,55146.0
1675814995701,55146.0
1675815295433,55146.0
1675815595598,55146.0
1675815895325,55146.0
1675816188845,55147.0
1675816488948,55147.0
1675816789072,55147.0
1675817089019,55147.0
1675817388981,55147.0
1675817688864,55147.0
1675817989255,55147.0
1675818290820,55147.0
1675818589279,55147.0
1675818889130,55147.0
1675819189338,55147.0
1675819489174,55147.0
1675819789391,55147.0
1675820089330,55147.0
1675820389398,55147.0
1675820689478,55148.0
1675820989469,55148.0
1675821289261,55148.0
1675821589533,55148.0
1675821889937,55148.0
1675822189690,55148.0
1675822489746,55148.0
1675822789756,55148.0
1675823089801,55148.0
1675823389742,55148.0
1675823690001,55148.0
1675823990485,55148.0
1675824290157,55148.0
1675824589960,55148.0
1675824889929,55149.0
1675825190074,55149.0
1675825491490,55149.0
1675825790031,55149.0
1675826090273,55150.0
1675826390417,55150.0
1675826690380,55150.0
1675826990263,55150.0
1675827290403,55150.0
1675827590481,55150.0
1675827890629,55150.0
1675828190561,55151.0
1675828490417,55151.0
1675828790735,55151.0
1675829091308,55151.0
1675829390632,55151.0
1675829690558,55151.0
1675829990671,55151.0
1675830290669,55151.0
1675830590705,55151.0
1675830890829,55151.0
1675831190817,55151.0
1675831490939,55151.0
1675831791033,55151.0
1675832091017,55151.0
1675832391038,55151.0
1675832692626,55151.0
1675832991221,55151.0
1675833291241,55151.0
1675833591105,55151.0
1675833890974,55152.0
1675834191350,55152.0
1675834491257,55152.0
1675834791263,55152.0
1675835091276,55152.0
1675835391493,55152.0
1675835691248,55152.0
1675835991549,55152.0
1675836293188,55152.0
1675836591636,55152.0
1675836891406,55152.0
1675837191548,55152.0
1675837491401,55153.0
1675837791629,55153.0
1675838091785,55153.0
1675838391768,55153.0
1675838691939,55153.0
1675838992136,55153.0
1675839292134,55153.0
1675839592894,55153.0
1675839893686,55154.0
1675840191856,55154.0
1675840492289,55154.0
1675840792244,55154.0
1675841092095,55155.0
1675841392209,55155.0
1675841692161,55158.0
1675841992560,55158.0
1675842292501,55158.0
1675842592782,55158.0
1675842892397,55158.0
1675843192446,55158.0
1675843494590,55158.0
1675843792808,55158.0
1675844092754,55158.0
1675844392702,55158.0
1675844692584,55158.0
1675844992734,55159.0
1675845292862,55159.0
1675845592967,55159.0
1675845892869,55159.0
1675846193220,55159.0
1675846492993,55159.0
1675846793061,55159.0
1675847094247,55162.0
1675847393271,55162.0
1675847692937,55162.0
1675847993075,55162.0
1675848293324,55163.0
1675848593292,55163.0
1675848894304,55163.0
1675849493881,55164.0
1675849793457,55164.0
1675850093370,55165.0
1675850393322,55165.0
1675850695830,55165.0
1675850994672,55165.0
1675851294100,55165.0
1675851593820,55165.0
1675851893666,55165.0
1675852193691,55166.0
1675852493796,55166.0
1675852793953,55166.0
1675853094193,55166.0
1675853394043,55166.0
1675853694108,55166.0
1675853993990,55166.0
1675854294300,55166.0
1675854594155,55166.0
1675854894003,55167.0
1675855194435,55167.0
1675855494278,55167.0
1675855794286,55167.0
1675856094929,55167.0
1675856394898,55167.0
1675856696123,55167.0
1675856995233,55167.0
1675857294635,55168.0
1675857594871,55168.0
1675857896262,55168.0
1675858195254,55168.0
1675858494863,55168.0
1675858795056,55168.0
1675859094638,55168.0
1675859394893,55168.0
1675859694831,55168.0
1675859994948,55168.0
1675860294986,55168.0
1675860595008,55168.0
1675860894868,55168.0
1675861195196,55169.0
1675861496600,55169.0
1675861794984,55169.0
1675862095262,55169.0
1675862395471,55169.0
1675862695226,55169.0
1675862994979,55169.0
1675863295966,55169.0
1675863595237,55169.0
1675863895366,55169.0
1675864195757,55169.0
1675864495177,55169.0
1675864795384,55170.0
1675865097613,55170.0
1675865395540,55170.0
1675865695489,55171.0
1675865995624,55172.0
1675866295547,55172.0
1675866595621,55172.0
1675866895754,55172.0
1675867195921,55172.0
1675867495761,55172.0
1675867796072,55172.0
1675868095827,55173.0
1675868395953,55173.0
1675868697215,55173.0
1675868996224,55173.0
1675869295867,55173.0
1675869596120,55173.0
1675869895946,55174.0
1675870196144,55174.0
1675870496283,55174.0
1675870796219,55174.0
1675871096275,55174.0
1675871396526,55174.0
1675871696246,55174.0
1675871996434,55174.0
1675872297891,55174.0
1675872596629,55174.0
1675872896417,55174.0
1675873196754,55174.0
1675873496610,55174.0
1675873796613,55175.0
1675874096742,55175.0
1675874396998,55175.0
1675874696706,55175.0
1675874997117,55175.0
1675875296999,55175.0
1675875596895,55176.0
1675875898102,55176.0
1675876197102,55176.0
1675876496908,55176.0
1675876797212,55176.0
1675877097026,55176.0
1675877397250,55177.0
1675877697876,55177.0
1675877997458,55177.0
1675878297661,55177.0
1675878597674,55177.0
1675878897399,55177.0
1675879197538,55177.0
1675879497741,55177.0
1675879797650,55177.0
1675880097394,55178.0
1675880397697,55178.0
1675880698046,55178.0
1675880997827,55178.0
1675881298209,55178.0
1675881598117,55178.0
1675881897908,55179.0
1675882198045,55179.0
1675882497824,55179.0
1675882797848,55179.0
1675883099953,55180.0
1675883398792,55180.0
1675883698154,55180.0
1675883998149,55180.0
1675884298027,55180.0
1675884598285,55180.0
1675884898276,55181.0
1675885198331,55181.0
1675885498528,55181.0
1675885798360,55181.0
1675886098223,55182.0
1675886398459,55182.0
1675886699561,55183.0
1675886998667,55183.0
1675887298502,55183.0
1675887598683,55184.0
1675887898631,55184.0
1675888198551,55184.0
1675888498854,55184.0
1675888798844,55185.0
1675889098923,55185.0
1675889398999,55186.0
1675889698891,55186.0
1675889998877,55186.0
1675890300428,55186.0
1675890599136,55186.0
1675890899113,55186.0
1675891199265,55186.0
1675891499131,55186.0
1675891799250,55186.0
1675892099220,55186.0
1675892406303,55186.0
1675892706239,55186.0
1675893006203,55187.0
1675893306128,55187.0
1675893606313,55187.0
1675893907451,55187.0
1675894206397,55187.0
1675894506531,55187.0
1675894806401,55187.0
1675895106428,55187.0
1675895406536,55187.0
1675895706594,55187.0
1675896006611,55187.0
1675896306715,55187.0
1675896606626,55187.0
1675896906588,55187.0
1675897207348,55187.0
1675897507899,55187.0
1675897808156,55187.0
1675898107048,55188.0
1675898406809,55188.0
1675898706965,55188.0
1675899006973,55188.0
1675899307340,55188.0
1675899607344,55188.0
1675899907401,55188.0
1675900207643,55188.0
1675900507329,55188.0
1675900807687,55188.0
1675901108309,55188.0
1675901407519,55188.0
1675901700943,55188.0
1675902000931,55188.0
1675902301168,55188.0
1675902601228,55188.0
1675902901164,55188.0
1675903201359,55188.0
1675903501496,55188.0
1675903800950,55188.0
1675904101065,55188.0
1675904402439,55189.0
1675904702850,55189.0
1675905001453,55189.0
1675905301499,55189.0
1675905601679,55189.0
1675905901188,55189.0
1675906201711,55189.0
1675906501992,55189.0
1675906801531,55189.0
1675907102637,55189.0
1675907401856,55189.0
1675907701558,55189.0
1675908003526,55189.0
1675908303022,55190.0
1675908601942,55190.0
1675908901861,55190.0
1675909201883,55190.0
1675909502031,55190.0
1675909802122,55190.0
1675910102200,55190.0
1675910401995,55190.0
1675910702308,55190.0
1675911002792,55190.0
1675911302459,55190.0
1675911603276,55191.0
1675911904054,55191.0
1675912202423,55191.0
1675912502528,55191.0
1675912802656,55191.0
1675913103001,55191.0
1675913402624,55192.0
1675913703702,55192.0
1675914002832,55192.0
1675914303341,55193.0
1675914603648,55193.0
1675914902914,55194.0
1675915204728,55194.0
1675915503900,55195.0
1675915803158,55195.0
1675916102812,55195.0
1675916402972,55195.0
1675916702936,55195.0
1675917003107,55195.0
1675917303168,55195.0
1675917603168,55196.0
1675917903625,55197.0
1675918203260,55197.0
1675918503037,55197.0
1675918804475,55197.0
1675919104540,55197.0
1675919403614,55197.0
1675919703583,55198.0
1675920003902,55198.0
1675920303477,55198.0
1675920603561,55198.0
1675920903624,55198.0
1675921203913,55199.0
1675921504309,55199.0
1675921803829,55199.0
1675922103734,55200.0
1675922704745,55200.0
1675923004386,55200.0
1675923304267,55201.0
1675923604220,55201.0
1675923905616,55201.0
1675924205019,55201.0
1675924504883,55201.0
1675924804553,55201.0
1675925105855,55201.0
1675925404914,55202.0
1675925705692,55202.0
1675926305845,55202.0
1675926604848,55202.0
1675926905533,55203.0
1675927205372,55203.0
1675927504543,55203.0
1675927805806,55203.0
1675928105712,55203.0
1675928405309,55203.0
1675928706487,55203.0
1675929005844,55203.0
1675929304932,55203.0
1675929906247,55203.0
1675930205586,55203.0
1675930506832,55204.0
1675930805874,55204.0
1675931105683,55204.0
1675931406724,55204.0
1675931706438,55204.0
1675932606344,55205.0
1675932906276,55205.0
1675933806183,55205.0
1675934107378,55205.0
1675934406671,55205.0
1675934706206,55205.0
1675935307226,55205.0
1675935606601,55206.0
1675937406984,55207.0
1675940107010,55209.0
1675941608130,55211.0
1675942807683,55211.0
1675943408332,55211.0
1675943707210,55212.0
1675944607870,55212.0
1675945208478,55212.0
1675945507510,55212.0
1675947308096,55212.0
1675948208634,55213.0
1675948509179,55213.0
1675948808058,55213.0
1675949108979,55213.0
1675950008868,55213.0
1675950609435,55213.0
1675950908630,55213.0
1675951808697,55214.0
1675952109101,55214.0
1675952408975,55214.0
1675952708388,55214.0
1675953009825,55214.0
1675953309280,55214.0
1675953608269,55214.0
1675953909505,55214.0
1675954208547,55214.0
1675954508822,55214.0
1675955409281,55214.0
1675955709480,55214.0
1675956009030,55215.0
1675956309034,55215.0
1675956609391,55215.0
1675956910077,55215.0
1675957209006,55215.0
1675957809303,55215.0
1675958109207,55215.0
1675959009160,55216.0
1675959310205,55216.0
1675959609271,55217.0
1675959909271,55217.0
1675960209720,55217.0
1675960510491,55218.0
1675960809878,55218.0
1675961110761,55218.0
1675961409640,55219.0
1675961709205,55219.0
1675962609592,55220.0
1675962910870,55220.0
1675963209973,55220.0
1675963509674,55220.0
1675964411103,55221.0
1675964711440,55221.0
1675965010283,55221.0
1675965309873,55221.0
1675966209757,55221.0
1675966510061,55221.0
1675966810407,55221.0
1675967109910,55221.0
1675967410540,55221.0
1675967711182,55221.0
1675968010510,55221.0
1675968310812,55221.0
1675968610233,55221.0
1675968910004,55222.0
1675969511307,55222.0
1675969810256,55222.0
1675970111352,55222.0
1675970410909,55222.0
1675970710617,55222.0
1675971011385,55222.0
1675971610713,55222.0
1675971911439,55222.0
1675972210874,55222.0
1675972510614,55222.0
1675973111521,55222.0
1675973410911,55222.0
1675973710897,55222.0
1675974011301,55222.0
1675974311850,55222.0
1675974611319,55222.0
1675974911653,55222.0
1675975211860,55223.0
1675975511844,55223.0
1675975811032,55223.0
1675976111544,55223.0
1675976412651,55223.0
1675976712581,55224.0
1675977011513,55224.0
1675977311506,55224.0
1675977611765,55224.0
1675978211809,55224.0
1675978512242,55225.0
1675978812124,55225.0
1675979419603,55225.0
1675979718494,55225.0
1675980319867,55226.0
1675980618964,55226.0
1675980919270,55226.0
1675981219439,55226.0
1675981518928,55226.0
1675981819595,55226.0
1675982119773,55226.0
1675982419012,55227.0
1675982719461,55227.0
1675983020245,55227.0
1675983319397,55227.0
1675984519717,55227.0
1675984819779,55227.0
1675985119443,55227.0
1675985419444,55227.0
1675985719853,55227.0
1675986020022,55227.0
1675986320593,55227.0
1675986619962,55227.0
1675986919583,55227.0
1675987221386,55227.0
1675987520043,55227.0
1675987820558,55228.0
1675988120854,55228.0
1675988420242,55228.0
1675988719839,55228.0
1675989013639,55228.0
1675989313182,55228.0
1675989613672,55228.0
1675989913664,55228.0
1675990213847,55228.0
1675990513681,55228.0
1675990815016,55228.0
1675991114511,55228.0
1675991413456,55229.0
1675991713615,55229.0
1675992013332,55229.0
1675992313639,55229.0
1675992614113,55229.0
1675992913728,55229.0
1675993213890,55229.0
1675993514217,55229.0
1675993813868,55230.0
1675994113882,55230.0
1675994414980,55230.0
1675994715063,55230.0
1675995014128,55230.0
1675995313971,55230.0
1675995613899,55230.0
1675995914154,55230.0
1675996214344,55230.0
1675996514721,55230.0
1675996814272,55230.0
1675997115620,55230.0
1675997413955,55230.0
1675997714233,55230.0
1675998614342,55230.0
1675998914906,55230.0
1675999214567,55231.0
1675999515605,55231.0
1675999814683,55231.0
1676000114926,55231.0
1676000415187,55231.0
1676000715515,55231.0
1676001015062,55231.0
1676001315391,55231.0
1676001616053,55231.0
1676001916418,55231.0
1676002214852,55231.0
1676002515348,55231.0
1676002815568,55231.0
1676003115916,55231.0
1676003415674,55231.0
1676003715453,55231.0
1676004015465,55231.0
1676004316079,55231.0
1676004615695,55231.0
1676004915770,55232.0
1676005516531,55232.0
1676005815695,55232.0
1676006115829,55232.0
1676006415697,55232.0
1676006716220,55232.0
1676007016034,55232.0
1676007316223,55233.0
1676007616596,55233.0
1676007916621,55233.0
1676008216230,55233.0
1676008516177,55233.0
1676009416550,55233.0
1676009716680,55233.0
1676010016498,55233.0
1676010617247,55234.0
1676010917391,55234.0
1676011217509,55234.0
1676011516515,55234.0
1676011816734,55234.0
1676012116661,55234.0
1676012717983,55235.0
1676013016847,55235.0
1676013316880,55235.0
1676013616680,55235.0
1676013918208,55235.0
1676014217853,55235.0
1676014518120,55235.0
1676014817133,55235.0
1676015117750,55236.0
1676015416985,55236.0
1676015717135,55236.0
1676016018363,55236.0
1676016318240,55236.0
1676016618311,55236.0
1676016917823,55236.0
1676017217671,55236.0
1676017517479,55236.0
1676017817705,55237.0
1676018117808,55237.0
1676018417694,55237.0
1676018718298,55237.0
1676019017288,55238.0
1676019317522,55238.0
1676020217594,55238.0
1676020518464,55238.0
1676020817820,55238.0
1676021718492,55238.0
1676022017993,55238.0
1676022318692,55239.0
1676022618193,55239.0
1676022919109,55239.0
1676023518541,55239.0
1676023818139,55239.0
1676024118584,55239.0
1676024418335,55239.0
1676024718146,55239.0
1676025019209,55239.0
1676025318708,55239.0
1676025618898,55239.0
1676025919618,55239.0
1676026218786,55239.0
1676026518562,55239.0
1676026820209,55239.0
1676027119779,55239.0
1676027418618,55239.0
1676027719310,55239.0
1676028018708,55239.0
1676028319201,55239.0
1676028619585,55239.0
1676028920090,55240.0
1676029219110,55240.0
1676029519947,55240.0
1676029819882,55240.0
1676030119410,55240.0
1676031019521,55240.0
1676031319778,55240.0
1676031619475,55240.0
1676031919314,55240.0
1676032220213,55240.0
1676032519925,55240.0
1676032820608,55240.0
1676033120427,55241.0
1676033419935,55241.0
1676033719974,55241.0
1676034320332,55241.0
1676034619512,55241.0
1676034920791,55241.0
1676035220123,55241.0
1676035520843,55241.0
1676035820911,55241.0
1676036120349,55242.0
1676036420629,55242.0
1676036721255,55242.0
1676037020398,55242.0
1676037320908,55242.0
1676037920943,55242.0
1676038220999,55242.0
1676038520405,55242.0
1676038820149,55242.0
1676039120224,55242.0
1676039721053,55243.0
1676040021665,55243.0
1676040321360,55243.0
1676040621575,55243.0
1676040920752,55243.0
1676041521904,55243.0
1676041820907,55243.0
1676042121173,55243.0
1676042420972,55243.0
1676042721445,55243.0
1676043021507,55243.0
1676043321381,55243.0
1676043621243,55244.0
1676043921725,55244.0
1676044221699,55244.0
1676044521054,55244.0
1676045121804,55244.0
1676045421141,55244.0
1676045721481,55244.0
1676046021471,55244.0
1676046621879,55244.0
1676046921837,55245.0
1676047221698,55245.0
1676047522105,55245.0
1676047821483,55245.0
1676048121860,55246.0
1676048722146,55246.0
1676049021922,55247.0
1676049322094,55247.0
1676049622235,55247.0
1676049922546,55248.0
1676050222150,55248.0
1676050522446,55249.0
1676050823595,55249.0
1676051123084,55249.0
1676051422168,55249.0
1676051722231,55249.0
1676052023230,55249.0
1676052322778,55250.0
1676052622560,55250.0
1676052922332,55250.0
1676053222569,55251.0
1676053523024,55251.0
1676053822709,55251.0
1676054122751,55251.0
1676054422823,55251.0
1676054723320,55251.0
1676055022562,55251.0
1676055322878,55251.0
1676055624397,55251.0
1676055924085,55251.0
1676056223246,55252.0
1676056522909,55252.0
1676056822964,55252.0
1676057122887,55253.0
1676057723261,55253.0
1676058023238,55253.0
1676058323845,55253.0
1676058623489,55253.0
1676058923391,55253.0
1676059524071,55253.0
1676059823419,55253.0
1676060123600,55253.0
1676060423687,55253.0
1676060723539,55253.0
1676061023840,55253.0
1676061323889,55254.0
1676061623886,55254.0
1676061924140,55254.0
1676062223998,55255.0
1676062523748,55255.0
1676062825032,55255.0
1676063124368,55255.0
1676063424594,55255.0
1676063723774,55256.0
1676064023745,55256.0
1676064324837,55256.0
1676064624573,55257.0
1676064925806,55257.0
1676065225152,55257.0
1676065524547,55257.0
1676065824409,55257.0
1676066124610,55257.0
1676066425750,55257.0
1676066732180,55258.0
1676067031646,55258.0
1676067331715,55258.0
1676067631597,55258.0
1676067931861,55258.0
1676068231738,55258.0
1676068532217,55258.0
1676068831868,55258.0
1676069131996,55258.0
1676069431892,55258.0
1676069732105,55258.0
1676070033096,55258.0
1676070332920,55258.0
1676070632609,55259.0
1676070932356,55259.0
1676071232831,55259.0
1676071532122,55259.0
1676071832233,55259.0
1676072132767,55259.0
1676072432538,55259.0
1676072732637,55259.0
1676073032488,55259.0
1676073332543,55259.0
1676073634198,55259.0
1676073933985,55260.0
1676074232856,55260.0
1676074533039,55260.0
1676074832706,55260.0
1676075132563,55260.0
1676075433588,55260.0
1676075732887,55260.0
1676076033426,55260.0
1676076332914,55260.0
1676076625835,55260.0
1676076925978,55260.0
1676077227256,55260.0
1676077526861,55260.0
1676077826473,55260.0
1676078126301,55260.0
1676078426351,55260.0
1676078726139,55260.0
1676079026697,55260.0
1676079326577,55260.0
1676079626675,55260.0
1676079926640,55260.0
1676080227234,55260.0
1676080526404,55260.0
1676080828215,55260.0
1676081127078,55260.0
1676081426893,55260.0
1676081726803,55260.0
1676082026567,55261.0
1676082327366,55261.0
1676082627142,55261.0
1676082927123,55261.0
1676083227158,55261.0
1676083527326,55261.0
1676083826984,55261.0
1676084127013,55261.0
1676084727463,55261.0
1676085027535,55261.0
1676085327335,55261.0
1676085627135,55261.0
1676085927421,55261.0
1676086227488,55261.0
1676086527583,55261.0
1676086827827,55261.0
1676087127840,55261.0
1676087427548,55261.0
1676087727615,55261.0
1676088328278,55261.0
1676088627750,55261.0
1676088927805,55261.0
1676089227831,55262.0
1676089527863,55262.0
1676089828227,55262.0
1676090128220,55262.0
1676090428079,55262.0
1676090728580,55262.0
1676091028280,55262.0
1676091328505,55262.0
1676091629947,55262.0
1676091929360,55262.0
1676092228362,55262.0
1676092528279,55262.0
1676092828797,55262.0
1676093128302,55262.0
1676093429229,55262.0
1676093728574,55262.0
1676094028859,55262.0
1676094328990,55262.0
1676094628491,55262.0
1676094928683,55262.0
1676095230211,55262.0
1676095529242,55262.0
1676095828993,55263.0
1676096129469,55263.0
1676096429015,55263.0
1676096729144,55263.0
1676097029201,55263.0
1676097329473,55263.0
1676097629577,55263.0
1676097929771,55263.0
1676098229415,55263.0
1676098529306,55263.0
1676098830946,55263.0
1676099130076,55263.0
1676099429378,55263.0
1676099729617,55263.0
1676100029577,55263.0
1676100329674,55263.0
1676100629594,55263.0
1676100929854,55263.0
1676101230134,55264.0
1676101530107,55264.0
1676101829788,55264.0
1676102129698,55264.0
1676102730700,55264.0
1676103029920,55265.0
1676103329937,55265.0
1676103629974,55267.0
1676103930182,55268.0
1676104230299,55268.0
1676104530707,55268.0
1676104830207,55268.0
1676105130493,55268.0
1676105430349,55268.0
1676105730194,55269.0
1676106331440,55269.0
1676106631065,55269.0
1676106930548,55272.0
1676107230558,55272.0
1676107530580,55272.0
1676107830528,55272.0
1676108130833,55272.0
1676108431077,55272.0
1676108731080,55272.0
1676109031005,55272.0
1676109331415,55272.0
1676109931573,55272.0
1676110231595,55272.0
1676110531374,55272.0
1676110830899,55272.0
1676111131170,55272.0
1676111430817,55273.0
1676111731245,55273.0
1676112031556,55273.0
1676112331744,55273.0
1676112631229,55273.0
1676112931405,55273.0
1676113532145,55273.0
1676113831427,55273.0
1676114131777,55273.0
1676114431549,55273.0
1676114731877,55273.0
1676115032036,55274.0
1676115331744,55274.0
1676115631865,55274.0
1676115931829,55274.0
1676116232095,55274.0
1676116532080,55274.0
1676116833351,55274.0
1676117132780,55274.0
1676117432689,55274.0
1676117732415,55274.0
1676118032404,55274.0
1676118332064,55274.0
1676118633343,55274.0
1676118932415,55274.0
1676119232291,55274.0
1676119532572,55274.0
1676119832974,55274.0
1676120132477,55274.0
1676120733610,55274.0
1676121032696,55274.0
1676121332738,55274.0
1676121632592,55275.0
1676121932924,55275.0
1676122233228,55275.0
1676122533113,55275.0
1676122832861,55275.0
1676123132997,55275.0
1676123432940,55275.0
1676123733277,55275.0
1676124333361,55275.0
1676124633586,55275.0
1676124933422,55275.0
1676125233375,55275.0
1676125533443,55275.0
1676125833597,55275.0
1676126133706,55275.0
1676126433400,55275.0
1676126733662,55275.0
1676127033888,55275.0
1676127333639,55275.0
1676127634593,55275.0
1676127934191,55275.0
1676128233641,55275.0
1676128533774,55275.0
1676128834003,55275.0
1676129133953,55275.0
1676129434073,55275.0
1676129734197,55275.0
1676130034166,55275.0
1676130333981,55275.0
1676130634056,55275.0
1676130933923,55275.0
1676131235337,55276.0
1676131535165,55276.0
1676131834072,55276.0
1676132134066,55276.0
1676132434068,55276.0
1676132734210,55276.0
1676133035069,55276.0
1676133334224,55276.0
1676133634662,55276.0
1676133934476,55276.0
1676134234467,55276.0
1676134534612,55277.0
1676135135315,55277.0
1676135434651,55277.0
1676135734581,55278.0
1676136035049,55278.0
1676136334795,55279.0
1676136634991,55279.0
1676136934942,55279.0
1676137235332,55280.0
1676137534884,55280.0
1676137835065,55280.0
1676138134971,55280.0
1676138436366,55281.0
1676138735267,55281.0
1676139035283,55281.0
1676139335450,55281.0
1676139635459,55281.0
1676139935194,55281.0
1676140235391,55281.0
1676140535574,55281.0
1676140835306,55281.0
1676141135499,55282.0
1676141435334,55282.0
1676141735441,55282.0
1676142036539,55282.0
1676142335969,55282.0
1676142636107,55282.0
1676142935673,55282.0
1676143235693,55282.0
1676277624051,55324.0
1676277650814,55324.0
1676277950789,55324.0
1676278250338,55324.0
1676278550706,55325.0
1676279150574,55325.0
1676279450342,55325.0
1676279750862,55325.0
1676280051025,55325.0
1676280351053,55325.0
1676280650758,55325.0
