1639054800000,0.01
1639058400000,0.0
1639058400000,0.0
1639062000000,0
1639062000000,0
1639065600000,0
1639065600000,0
1639069200000,0
1639069200000,0
1639072800000,0
1639072800000,0
1639076400000,0
1639076400000,0
1639080000000,0
1639080000000,0
1639083600000,0
1639083600000,0
1639087200000,0
1639087200000,0
1639090800000,0
1639090800000,0
1639094400000,0
1639094400000,0
1639098000000,0
1639098000000,0
1639101600000,0
1639101600000,0
1639105200000,0
1639105200000,0
1639108800000,0
1639108800000,0
1639112400000,0
1639112400000,0
1639116000000,0
1639116000000,0
1639119600000,0
1639119600000,0
1639123200000,0.01
1639123200000,0.02
1639126800000,0.03
1639126800000,0.03
1639129290470,0.04
1639131090548,0.04
1639132890567,0.07
1639134690731,0.07
1639136490837,0.03
1639138290733,0.03
1639140090687,0.02
1639141890746,0.02
1639143690768,0.0
1639145490889,0.0
1639147290846,0.0
1639149090942,0.0
1639150890841,0.0
1639152691134,0.0
1639154490943,0.0
1639156291038,0.0
1639158090986,0.0
1639159891186,0.0
1639161691037,0.0
1639163491105,0.0
1639165291161,0.0
1639167091313,0.0
1639168891245,0.0
1639170691396,0.0
1639172491307,0.0
1639174291487,0.0
1639176091426,0.0
1639177891553,0.0
1639179691621,0.0
1639181491625,0.0
1639183291502,0.0
1639185091699,0.0
1639186891579,0.0
1639188691616,0.0
1639190491748,0.0
1639192291787,0.0
1639194091782,0.0
1639195891823,0.0
1639197691811,0.0
1639199491893,0.0
1639201291984,0.0
1639203092047,0.0
1639204891968,0.0
1639206691965,0.0
1639208492033,0.01
1639210292173,0.01
1639212092084,0.03
1639213892195,0.03
1639215692275,0.04
1639217492276,0.04
1639219292269,0.03
1639221092278,0.03
1639222892357,0.03
1639224692328,0.03
1639226492391,0.03
1639228292467,0.03
1639230092501,0.0
1639231892467,0.0
1639233692408,0.0
1639235492516,0.0
1639237292461,0.0
1639239092600,0.0
1639240892478,0.0
1639242692639,0.0
1639244492650,0.0
1639246292677,0.0
1639248092620,0.0
1639249892771,0.0
1639251692789,0.0
1639253492748,0.0
1639255292657,0.0
1639257092830,0.0
1639258892839,0.0
1639260692789,0.0
1639262492831,0.0
1639264292909,0.0
1639266092990,0.0
1639267892985,0.0
1639269692987,0.0
1639271492998,0.0
1639273292939,0.0
1639275093127,0.0
1639276893009,0.0
1639278693050,0.0
1639280493138,0.0
1639282293174,0.0
1639284093187,0.0
1639285893167,0.0
1639287693100,0.0
1639289493342,0.0
1639291293344,0.0
1639293093376,0.0
1639294893307,0.0
1639296693340,0.0
1639298493436,0.01
1639300293429,0.01
1639302093392,0.02
1639303893457,0.02
1639305693483,0.02
1639307493525,0.02
1639309293362,0.01
1639311093552,0.01
1639312893485,0.01
1639314693615,0.01
1639316493523,0.0
1639318293667,0.0
1639320093609,0.0
1639321893594,0.0
1639323693546,0.0
1639325493782,0.0
1639327293674,0.0
1639329093755,0.0
1639330893616,0.0
1639334493709,0.0
1639336293797,0.0
1639338093699,0.0
1639339893796,0.0
1639341693821,0.0
1639343493847,0.0
1639345293812,0.0
1639347093844,0.0
1639348893867,0.0
1639350693914,0.0
1639352493911,0.0
1639354293981,0.0
1639356093974,0.0
1639357894047,0.0
1639359693909,0.0
1639361494015,0.0
1639363293971,0.0
1639365094063,0.0
1639366894150,0.0
1639368694001,0.0
1639370494034,0.0
1639372294131,0.0
1639374094025,0.0
1639375894109,0.0
1639377694122,0.0
1639379494109,0.0
1639381294042,0.01
1639383094088,0.01
1639384894179,0.03
1639386694348,0.03
1639388494087,0.03
1639390294215,0.03
1639392094091,0.02
1639393894255,0.02
1639395694252,0.01
1639397494305,0.01
1639399294284,0.0
1639401094310,0.0
1639402894241,0.0
1639404694258,0.0
1639406494210,0.0
1639408294302,0.0
1639410094243,0.0
1639411894318,0.0
1639413694413,0.0
1639415494330,0.0
1639417294320,0.0
1639419094395,0.0
1639420894326,0.0
1639422694343,0.0
1639424494352,0.0
1639426294322,0.0
1639428094288,0.0
1639429894347,0.0
1639431694422,0.0
1639433494337,0.0
1639435294471,0.0
1639437094497,0.0
1639438894512,0.0
1639440694497,0.0
1639442494453,0.0
1639444294505,0.0
1639446094478,0.0
1639447894430,0.0
1639449694387,0.0
1639451494492,0.0
1639453294476,0.0
1639455094478,0.0
1639456894528,0.0
1639458694640,0.0
1639460494577,0.0
1639462294611,0.0
1639464094478,0.0
1639465894498,0.0
1639467694569,0.01
1639469494563,0.01
1639471294568,0.03
1639473094588,0.03
1639474894776,0.03
1639476694605,0.03
1639478494555,0.03
1639480294977,0.03
1639482094762,0.04
1639483894856,0.04
1639485694489,0.03
1639487494610,0.03
1639489294549,0.0
1639491094604,0.0
1639492894565,0.0
1639494694591,0.0
1639496494646,0.0
1639498294735,0.0
1639500094713,0.0
1639501894866,0.0
1639503694802,0.0
1639505494966,0.0
1639507294907,0.0
1639509094899,0.0
1639510895000,0.0
1639512695123,0.0
1639514495042,0.0
1639516295205,0.0
1639518095223,0.0
1639519895347,0.0
1639521695310,0.0
1639523495447,0.0
1639525295403,0.0
1639527095412,0.0
1639528895525,0.0
1639530695535,0.0
1639532495675,0.0
1639534295686,0.0
1639536095782,0.0
1639537895846,0.0
1639539695793,0.0
1639541495938,0.0
1639543295819,0.0
1639545096027,0.0
1639546896030,0.0
1639548696066,0.0
1639550496103,0.0
1639552296074,0.0
1639554096102,0.01
1639555896303,0.01
1639557696144,0.03
1639559496277,0.03
1639561296266,0.03
1639563096376,0.03
1639564896467,0.04
1639566696587,0.04
1639568496551,0.03
1639570296729,0.03
1639572096632,0.02
1639573896878,0.02
1639575696598,0.0
1639577496822,0.0
1639579296785,0.0
1639581096825,0.0
1639582896811,0.0
1639584696952,0.0
1639586496934,0.0
1639588296992,0.0
1639590097064,0.0
1639591897080,0.0
1639593697092,0.0
1639595497197,0.0
1639597297132,0.0
1639599097137,0.0
1639600897254,0.0
1639602697306,0.0
1639604497305,0.0
1639606297434,0.0
1639608097476,0.0
1639609897527,0.0
1639611697464,0.0
1639613497589,0.0
1639615297522,0.0
1639617097637,0.0
1639618897682,0.0
1639620697616,0.0
1639622497749,0.0
1639624297842,0.0
1639626097824,0.0
1639627897828,0.0
1639629697903,0.0
1639631497993,0.0
1639633297967,0.0
1639635098125,0.0
1639636898076,0.0
1639638698685,0.0
1639640497988,0.02
1639642298587,0.02
1639644099602,0.03
1639645898276,0.03
1639647698289,0.03
1639649498320,0.03
1639651298319,0.03
1639653098310,0.03
1639654898457,0.03
1639656698511,0.03
1639658498396,0.02
1639660298427,0.02
1639662098546,0.0
1639663898584,0.0
1639665698471,0.0
1639667498827,0.0
1639669298616,0.0
1639671098615,0.0
1639672898614,0.0
1639674698652,0.0
1639676498610,0.0
1639678298682,0.0
1639680098757,0.0
1639681898813,0.0
1639683698794,0.0
1639685498766,0.0
1639687298868,0.0
1639689098806,0.0
1639690898781,0.0
1639692698812,0.0
1639694498932,0.0
1639696298943,0.0
1639698099029,0.0
1639699899052,0.0
1639701699000,0.0
1639703498996,0.0
1639705299084,0.0
1639707099049,0.0
1639708899006,0.0
1639710699062,0.0
1639712499098,0.0
1639714299137,0.0
1639716099121,0.0
1639717899198,0.0
1639719699265,0.0
1639721499307,0.0
1639723299347,0.0
1639725099349,0.0
1639726899176,0.01
1639728699179,0.01
1639730499232,0.03
1639732299375,0.03
1639734099151,0.03
1639735899372,0.03
1639737699307,0.03
1639739499370,0.03
1639741299377,0.03
1639743099420,0.03
1639744899462,0.02
1639746699537,0.02
1639748499397,0.0
1639750299617,0.0
1639752099482,0.0
1639753899502,0.0
1639755699559,0.0
1639757499578,0.0
1639759299524,0.0
1639761099674,0.0
1639762899628,0.0
1639764699628,0.0
1639766499696,0.0
1639768299715,0.0
1639770099596,0.0
1639771899720,0.0
1639773699779,0.0
1639775499743,0.0
1639777299784,0.0
1639779099825,0.0
1639780899829,0.0
1639782699815,0.0
1639784499834,0.0
1639786299927,0.0
1639788099790,0.0
1639789899860,0.0
1639791699856,0.0
1639793499898,0.0
1639795299921,0.0
1639797099989,0.0
1639798899974,0.0
1639800699898,0.0
1639802499878,0.0
1639804300061,0.0
1639806099974,0.0
1639807900048,0.0
1639809700043,0.0
1639811500028,0.0
1639813299989,0.02
1639815100099,0.02
1639816900039,0.03
1639818700165,0.03
1639820501057,0.03
1639822301714,0.03
1639824101132,0.03
1639825901162,0.03
1639827701516,0.03
1639829500936,0.03
1639831301364,0.02
1639833101308,0.02
1639834901247,0.01
1639836701245,0.01
1639838501305,0.0
1639840301040,0.0
1639842101268,0.0
1639843901663,0.0
1639845701580,0.0
1639847501802,0.0
1639849301151,0.0
1639851101490,0.0
1639852901709,0.0
1639854701439,0.0
1639856501549,0.0
1639858301157,0.0
1639860101270,0.0
1639861901387,0.0
1639863701679,0.0
1639865501439,0.0
1639867301746,0.0
1639869101164,0.0
1639870900458,0.0
1639872701140,0.0
1639874500960,0.0
1639876300497,0.0
1639878101402,0.0
1639879901500,0.0
1639881700987,0.0
1639883501213,0.0
1639885301475,0.0
1639887100822,0.0
1639888901040,0.0
1639890700596,0.0
1639892500555,0.0
1639894301658,0.0
1639896101579,0.0
1639897901544,0.0
1639899701513,0.02
1639901500657,0.02
1639903300497,0.03
1639905100696,0.03
1639906900732,0.03
1639908700522,0.03
1639910500688,0.03
1639912300522,0.03
1639914100538,0.03
1639915900665,0.03
1639917700646,0.03
1639919500608,0.03
1639921300665,0.01
1639923100623,0.01
1639924900627,0.0
1639926700916,0.0
1639928500715,0.0
1639930300557,0.0
1639932100787,0.0
1639933900690,0.0
1639935700686,0.0
1639937500709,0.0
1639939300722,0.0
1639941100624,0.0
1639942900683,0.0
1639944700713,0.0
1639946500650,0.0
1639948300596,0.0
1639950100588,0.0
1639951900687,0.0
1639953700784,0.0
1639955500743,0.0
1639957300783,0.0
1639959100841,0.0
1639960901020,0.0
1639962700935,0.0
1639964501026,0.0
1639966301020,0.0
1639968101104,0.0
1639969901228,0.0
1639971701188,0.0
1639973501369,0.0
1639975301250,0.0
1639977101235,0.0
1639978901317,0.0
1639980701460,0.0
1639982501355,0.0
1639984301512,0.0
1639986101603,0.02
1639987901563,0.02
1639989701551,0.03
1639991501532,0.03
1639993301618,0.03
1639995101745,0.03
1639996901767,0.03
1639998701731,0.03
1640000501818,0.03
1640002302020,0.03
1640004102213,0.03
1640005901914,0.03
1640007702075,0.01
1640009502190,0.01
1640011302034,0.0
1640013102291,0.0
1640014902219,0.0
1640016702286,0.0
1640018502194,0.0
1640020302392,0.0
1640022102412,0.0
1640023902526,0.0
1640025702467,0.0
1640027502371,0.0
1640029302509,0.0
1640031102612,0.0
1640032902528,0.0
1640034702625,0.0
1640036502563,0.0
1640038302655,0.0
1640040102623,0.0
1640041902814,0.0
1640043702804,0.0
1640045502886,0.0
1640047302864,0.0
1640049102973,0.0
1640050902866,0.0
1640052703105,0.0
1640054503096,0.0
1640056303075,0.0
1640058102987,0.0
1640059903130,0.0
1640061703080,0.0
1640063503194,0.0
1640065303187,0.0
1640067103315,0.0
1640068903192,0.0
1640070703406,0.0
1640072503278,0.01
1640074303485,0.01
1640076103460,0.03
1640077903495,0.03
1640079703488,0.04
1640081503669,0.04
1640083303573,0.03
1640085103711,0.03
1640086903535,0.03
1640088703758,0.03
1640090503713,0.03
1640092303769,0.03
1640094103768,0.0
1640095903826,0.0
1640097703842,0.0
1640099503921,0.0
1640101303861,0.0
1640103103890,0.0
1640104903905,0.0
1640106704039,0.0
1640108504053,0.0
1640110304011,0.0
1640112104167,0.0
1640113904135,0.0
1640115704130,0.0
1640117504272,0.0
1640119304162,0.0
1640121104252,0.0
1640122904279,0.0
1640124704514,0.0
1640126504357,0.0
1640128304273,0.0
1640130104371,0.0
1640131904421,0.0
1640133704369,0.0
1640135504569,0.0
1640137304435,0.0
1640139104633,0.0
1640140904539,0.0
1640142704636,0.0
1640144504637,0.0
1640146304666,0.0
1640148104545,0.0
1640149904711,0.0
1640151704594,0.0
1640153504758,0.0
1640155304836,0.0
1640157104800,0.0
1640158904826,0.0
1640160704857,0.0
1640162504912,0.01
1640164304925,0.01
1640166104922,0.01
1640167904964,0.01
1640169704870,0.01
1640171504926,0.01
1640173305012,0.01
1640175105041,0.01
1640176905080,0.0
1640178705219,0.0
1640180505030,0.0
1640182305220,0.0
1640184105158,0.0
1640185905089,0.0
1640187705240,0.0
1640189505321,0.0
1640191305241,0.0
1640193105297,0.0
1640194905255,0.0
1640196705298,0.0
1640198505327,0.0
1640200305377,0.0
1640202105525,0.0
1640203905384,0.0
1640205705371,0.0
1640207505325,0.0
1640209305339,0.0
1640211105532,0.0
1640212905392,0.0
1640214705504,0.0
1640216505495,0.0
1640218305516,0.0
1640220105633,0.0
1640221905639,0.0
1640223705611,0.0
1640225505632,0.0
1640227305635,0.0
1640229105633,0.0
1640230905679,0.0
1640232705908,0.0
1640234505730,0.0
1640236305824,0.0
1640238105822,0.0
1640239905714,0.0
1640241705792,0.0
1640243505789,0.0
1640245305773,0.0
1640247105831,0.0
1640248905780,0.0
1640250705959,0.0
1640252505921,0.01
1640254305928,0.01
1640256105950,0.01
1640257905982,0.01
1640259706009,0.01
1640261505985,0.01
1640263306034,0.01
1640265106021,0.01
1640266905975,0.0
1640268705997,0.0
1640270506036,0.0
1640272306152,0.0
1640274105947,0.0
1640275906083,0.0
1640277706090,0.0
1640279506061,0.0
1640281306123,0.0
1640283106079,0.0
1640284906129,0.0
1640286706256,0.0
1640288506197,0.0
1640290306273,0.0
1640292106152,0.0
1640293906211,0.0
1640295706345,0.0
1640297506223,0.0
1640299306149,0.0
1640301106304,0.0
1640302906277,0.0
1640304706533,0.0
1640306506336,0.0
1640308306379,0.0
1640310106355,0.0
1640311906378,0.0
1640313706286,0.0
1640315506300,0.0
1640317306291,0.0
1640319106435,0.0
1640320906331,0.0
1640322706405,0.0
1640324506398,0.0
1640326306339,0.0
1640328106524,0.0
1640329906590,0.0
1640331706431,0.01
1640333506525,0.01
1640335306445,0.04
1640337106443,0.04
1640338906486,0.03
1640340706536,0.03
1640342506501,0.03
1640344306614,0.03
1640346106583,0.03
1640347906566,0.03
1640349706424,0.04
1640351506501,0.04
1640353306586,0.01
1640355106598,0.01
1640356906598,0.0
1640358706676,0.0
1640360506581,0.0
1640362306654,0.0
1640364106622,0.0
1640365906652,0.0
1640367706594,0.0
1640369506629,0.0
1640371306643,0.0
1640373106655,0.0
1640374906633,0.0
1640376706691,0.0
1640378506638,0.0
1640380306720,0.0
1640382106516,0.0
1640383906689,0.0
1640385706552,0.0
1640387506665,0.0
1640389306619,0.0
1640391106681,0.0
1640392906571,0.0
1640394706618,0.0
1640396506651,0.0
1640398306677,0.0
1640400106725,0.0
1640401906666,0.0
1640403706672,0.0
1640405506828,0.0
1640407306601,0.0
1640409106638,0.0
1640410906766,0.0
1640412706747,0.0
1640414506782,0.0
1640416306979,0.0
1640418106848,0.02
1640419906973,0.02
1640421706950,0.03
1640423507074,0.03
1640425307040,0.03
1640427107084,0.03
1640428907230,0.03
1640430707256,0.03
1640432507205,0.03
1640434307386,0.03
1640436107917,0.04
1640437907383,0.04
1640439707407,0.01
1640441507591,0.01
1640443307562,0.0
1640445107645,0.0
1640446907675,0.0
1640448707743,0.0
1640450507774,0.0
1640452307844,0.0
1640454107839,0.0
1640455907936,0.0
1640457708002,0.0
1640459507962,0.0
1640461307968,0.0
1640463108069,0.0
1640464908159,0.0
1640466708289,0.0
1640468508358,0.0
1640470308385,0.0
1640472108277,0.0
1640473908453,0.0
1640475708428,0.0
1640477508426,0.0
1640479308626,0.0
1640481108596,0.0
1640482908750,0.0
1640484708714,0.0
1640486508703,0.0
1640488308617,0.0
1640490108846,0.0
1640491908948,0.0
1640493708913,0.0
1640495509045,0.0
1640497308928,0.0
1640499108952,0.0
1640500908925,0.0
1640502709069,0.0
1640504509043,0.02
1640506309102,0.02
1640508109112,0.03
1640509909088,0.03
1640511709198,0.03
1640513509245,0.03
1640515309160,0.03
1640517109237,0.03
1640518909302,0.03
1640520709404,0.03
1640522509351,0.04
1640524309493,0.04
1640526109421,0.01
1640527909521,0.01
1640529709522,0.0
1640531509518,0.0
1640533309567,0.0
1640535109719,0.0
1640536909734,0.0
1640538709707,0.0
1640540509712,0.0
1640542309867,0.0
1640544109755,0.0
1640545909835,0.0
1640547709957,0.0
1640549509910,0.0
1640551309913,0.0
1640553109938,0.0
1640554910043,0.0
1640556710103,0.0
1640558510096,0.0
1640560310097,0.0
1640562110127,0.0
1640563910150,0.0
1640565710099,0.0
1640567510303,0.0
1640569310319,0.0
1640571110293,0.0
1640572910395,0.0
1640574710400,0.0
1640576510406,0.0
1640578310521,0.0
1640580110529,0.0
1640581910471,0.0
1640583710636,0.0
1640585510509,0.0
1640587310566,0.0
1640589110689,0.0
1640590910655,0.01
1640592710696,0.01
1640594510639,0.02
1640596310698,0.02
1640598110629,0.03
1640599910761,0.03
1640601710789,0.03
1640603510821,0.03
1640605310894,0.03
1640607110877,0.03
1640608910817,0.02
1640610710941,0.02
1640612510942,0.0
1640614311080,0.0
1640616111010,0.0
1640617910995,0.0
1640619711037,0.0
1640621511133,0.0
1640623311170,0.0
1640625111112,0.0
1640626911171,0.0
1640628711283,0.0
1640630511246,0.0
1640632311172,0.0
1640634111318,0.0
1640635911291,0.0
1640637711349,0.0
1640639511338,0.0
1640641311354,0.0
1640643111448,0.0
1640644911328,0.0
1640646711473,0.0
1640648511405,0.0
1640650311544,0.0
1640652111421,0.0
1640653911534,0.0
1640655711629,0.0
1640657511621,0.0
1640659311649,0.0
1640661111591,0.0
1640662911650,0.0
1640664711645,0.0
1640666511672,0.0
1640668311643,0.0
1640670111783,0.0
1640671911672,0.0
1640673711789,0.0
1640675511762,0.0
1640677311844,0.0
1640679111762,0.0
1640680911903,0.0
1640682711925,0.0
1640684511893,0.01
1640686311885,0.01
1640688111975,0.01
1640689911893,0.01
1640691711954,0.01
1640693511941,0.01
1640695311923,0.0
1640697111929,0.0
1640698912035,0.0
1640700712018,0.0
1640702512122,0.0
1640704312135,0.0
1640706112091,0.0
1640707912091,0.0
1640709712135,0.0
1640711512144,0.0
1640713312119,0.0
1640715112147,0.0
1640716912157,0.0
1640718712300,0.0
1640720512287,0.0
1640722312245,0.0
1640724112242,0.0
1640725912299,0.0
1640727712262,0.0
1640729512322,0.0
1640731312304,0.0
1640733112361,0.0
1640734912329,0.0
1640736712348,0.0
1640738512381,0.0
1640740312380,0.0
1640742112396,0.0
1640743912411,0.0
1640745712476,0.0
1640747512526,0.0
1640749312418,0.0
1640751112499,0.0
1640752912581,0.0
1640754712527,0.0
1640756512607,0.0
1640758312506,0.0
1640760112537,0.0
1640761912611,0.0
1640763712626,0.01
1640765512663,0.01
1640767312550,0.03
1640769112666,0.03
1640770912537,0.03
1640772712715,0.03
1640774512720,0.04
1640776312621,0.04
1640778112701,0.03
1640779912748,0.03
1640781712580,0.03
1640783512724,0.03
1640785312687,0.01
1640787112599,0.01
1640788912916,0.0
1640790712802,0.0
1640792512752,0.0
1640794312765,0.0
1640796112726,0.0
1640797912671,0.0
1640799712799,0.0
1640801512785,0.0
1640803312804,0.0
1640805112741,0.0
1640806912800,0.0
1640808712841,0.0
1640810512708,0.0
1640812312880,0.0
1640814112823,0.0
1640815912904,0.0
1640817712844,0.0
1640819512781,0.0
1640821312871,0.0
1640823112872,0.0
1640824912900,0.0
1640826712871,0.0
1640828512862,0.0
1640830313124,0.0
1640832112863,0.0
1640833912951,0.0
1640835712799,0.0
1640837512920,0.0
1640839312929,0.0
1640841113021,0.0
1640842912820,0.0
1640844712847,0.0
1640846512846,0.0
1640848312991,0.0
1640850112869,0.0
1640851912848,0.0
1640853712977,0.01
1640855512880,0.01
1640857312808,0.03
1640859112970,0.03
1640860912928,0.03
1640862712943,0.03
1640864512981,0.03
1640866312906,0.03
1640868112969,0.03
1640869913039,0.03
1640871713114,0.01
1640873513169,0.01
1640875313217,0.0
1640877113365,0.0
1640878913280,0.0
1640880713461,0.0
1640882513277,0.0
1640884313391,0.0
1640886113470,0.0
1640887913604,0.0
1640889713564,0.0
1640891513566,0.0
1640893313580,0.0
1640895113724,0.0
1640896913707,0.0
1640898713887,0.0
1640900513717,0.0
1640902313861,0.0
1640904113807,0.0
1640905913838,0.0
1640907713949,0.0
1640909513997,0.0
1640911314092,0.0
1640913114032,0.0
1640914914138,0.0
1640916714162,0.0
1640918514128,0.0
1640920314296,0.0
1640922114280,0.0
1640923914262,0.0
1640925714413,0.0
1640927514404,0.0
1640929314461,0.0
1640931114581,0.0
1640932914484,0.0
1640934714676,0.0
1640936514649,0.0
1640938314557,0.0
1640940114689,0.0
1640941914805,0.0
1640943714798,0.01
1640945514773,0.01
1640947314880,0.01
1640949114845,0.02
1640950914847,0.02
1640952714873,0.02
1640954514969,0.02
1640956315009,0.02
1640958115069,0.01
1640959915098,0.01
1640961715164,0.0
1640963515133,0.0
1640965315154,0.0
1640967115114,0.0
1640968915260,0.0
1640970715253,0.0
1640972515323,0.0
1640974315330,0.0
1640976115422,0.0
1640977915390,0.0
1640979715430,0.0
1640981515458,0.0
1640983315517,0.0
1640985115524,0.0
1640986915576,0.0
1640988715633,0.0
1640990515678,0.0
1640992315695,0.0
1640994115729,0.0
1640995915733,0.0
1640997715823,0.0
1640999515899,0.0
1641001315895,0.0
1641003115938,0.0
1641004915958,0.0
1641006716047,0.0
1641008515945,0.0
1641010315955,0.0
1641012116060,0.0
1641013916160,0.0
1641015716155,0.0
1641017516259,0.0
1641019316232,0.0
1641021116296,0.0
1641022916286,0.01
1641024716251,0.01
1641026516288,0.02
1641028316468,0.02
1641030116347,0.03
1641031916325,0.02
1641033716387,0.02
1641035516357,0.02
1641037316360,0.01
1641039116565,0.01
1641040916543,0.01
1641042716650,0.01
1641044516622,0.0
1641046316583,0.0
1641048116533,0.0
1641049916811,0.0
1641051716631,0.0
1641053516896,0.0
1641055316904,0.0
1641057116852,0.0
1641058916865,0.0
1641060716972,0.0
1641062516887,0.0
1641064316901,0.0
1641066116966,0.0
1641067916910,0.0
1641069716971,0.0
1641071517060,0.0
1641073317028,0.0
1641075117063,0.0
1641076917115,0.0
1641078717175,0.0
1641080517093,0.0
1641082317145,0.0
1641084117131,0.0
1641085917196,0.0
1641087717222,0.0
1641089517217,0.0
1641091317242,0.0
1641093117260,0.0
1641094917187,0.0
1641096717341,0.0
1641098517314,0.0
1641100317428,0.0
1641102117398,0.0
1641103917440,0.0
1641105717487,0.0
1641107517484,0.0
1641109317367,0.01
1641111117531,0.01
1641112917485,0.03
1641114717484,0.03
1641116517519,0.03
1641118317492,0.03
1641120117512,0.04
1641121917620,0.05
1641123717538,0.01
1641125517561,0.01
1641127317616,0.0
1641129117673,0.0
1641130917664,0.0
1641132717697,0.0
1641134517678,0.0
1641136317779,0.0
1641138117686,0.0
1641139917774,0.0
1641141717854,0.0
1641143517819,0.0
1641145317772,0.0
1641147117906,0.0
1641148917858,0.0
1641150717788,0.0
1641152518003,0.0
1641154317927,0.0
1641156117824,0.0
1641157917947,0.0
1641159717979,0.0
1641161517989,0.0
1641163317903,0.0
1641165117907,0.0
1641166918014,0.0
1641168718104,0.0
1641170518054,0.0
1641172317971,0.0
1641174117981,0.0
1641175918018,0.0
1641177718137,0.0
1641179518164,0.0
1641181318116,0.0
1641183118240,0.0
1641184918167,0.0
1641186718253,0.0
1641188518111,0.0
1641190318261,0.0
1641192118208,0.0
1641193918275,0.0
1641195718081,0.01
1641197518292,0.01
1641199318125,0.01
1641201118301,0.01
1641202918349,0.03
1641204718266,0.03
1641206518324,0.04
1641208318419,0.04
1641210118252,0.03
1641211918368,0.03
1641213718386,0.02
1641215518421,0.02
1641217318314,0.01
1641219118474,0.01
1641220918406,0.0
1641222718502,0.0
1641224519175,0.0
1641226318318,0.0
1641229918302,0.0
1641231718374,0.0
1641233518326,0.0
1641235318459,0.0
1641237118369,0.0
1641238918570,0.0
1641240718494,0.0
1641242518448,0.0
1641244318524,0.0
1641246118473,0.0
1641247918383,0.0
1641249718374,0.0
1641251518430,0.0
1641253318525,0.0
1641255118527,0.0
1641256918518,0.0
1641258718568,0.0
1641260518533,0.0
1641262318628,0.0
1641264118533,0.0
1641265918516,0.0
1641267718612,0.0
1641269518544,0.0
1641271318499,0.0
1641273118656,0.0
1641274918620,0.0
1641276718588,0.0
1641278518556,0.0
1641280318798,0.0
1641282118514,0.01
1641283918525,0.01
1641285718593,0.03
1641287518605,0.03
1641289318629,0.04
1641291118535,0.04
1641292918545,0.07
1641294718692,0.07
1641296518560,0.03
1641298318650,0.03
1641300118672,0.02
1641301918616,0.02
1641303718613,0.01
1641305518624,0.01
1641307318586,0.0
1641309118563,0.0
1641310918660,0.0
1641312718682,0.0
1641314518621,0.0
1641316318669,0.0
1641318118630,0.0
1641319918646,0.0
1641321718628,0.0
1641323518704,0.0
1641325318770,0.0
1641327118795,0.0
1641328918870,0.0
1641330718761,0.0
1641332518847,0.0
1641334318890,0.0
1641336118911,0.0
1641337918943,0.0
1641339719035,0.0
1641341519069,0.0
1641343318995,0.0
1641345119160,0.0
1641346919224,0.0
1641348719366,0.0
1641350519327,0.0
1641352319305,0.0
1641354119422,0.0
1641355919509,0.0
1641357719484,0.0
1641359519559,0.0
1641361319494,0.0
1641363120818,0.0
1641364921106,0.0
1641366721263,0.0
1641368519717,0.01
1641370319922,0.01
1641372119852,0.03
1641373919847,0.03
1641375719859,0.04
1641377519947,0.04
1641379319988,0.06
1641381120114,0.06
1641382920103,0.03
1641384720211,0.03
1641386520158,0.03
1641388320134,0.03
1641390120328,0.01
1641391920347,0.01
1641393720437,0.0
1641395520510,0.0
1641397320357,0.0
1641399120359,0.0
1641400920411,0.0
1641402720401,0.0
1641404520408,0.0
1641406320665,0.0
1641408120604,0.0
1641409920721,0.0
1641411720601,0.0
1641413520845,0.0
1641415320716,0.0
1641417120930,0.0
1641418920859,0.0
1641420720929,0.0
1641422520930,0.0
1641424321057,0.0
1641426121014,0.0
1641427921876,0.0
1641429721869,0.0
1641431521178,0.0
1641433321240,0.0
1641435121328,0.0
1641436921243,0.0
1641438721255,0.0
1641440521322,0.0
1641442321322,0.0
1641444121393,0.0
1641445921535,0.0
1641447721549,0.0
1641449521479,0.0
1641451321406,0.0
1641453121482,0.0
1641454921480,0.02
1641456721639,0.02
1641458521532,0.03
1641460321635,0.03
1641462121673,0.03
1641463921607,0.03
1641465721795,0.05
1641467521772,0.05
1641469321871,0.03
1641471121853,0.03
1641472921948,0.03
1641474721914,0.03
1641476521967,0.02
1641478322013,0.02
1641480122012,0.0
1641481922071,0.0
1641483722092,0.0
1641485522208,0.0
1641487322190,0.0
1641489122302,0.0
1641490922219,0.0
1641492722263,0.0
1641494522262,0.0
1641496322369,0.0
1641498122328,0.0
1641499922452,0.0
1641501722439,0.0
1641503522373,0.0
1641505322484,0.0
1641507122406,0.0
1641508922600,0.0
1641510722559,0.0
1641512522548,0.0
1641514322624,0.0
1641516122652,0.0
1641517922687,0.0
1641519722732,0.0
1641521522795,0.0
1641523322755,0.0
1641525123004,0.0
1641526922844,0.0
1641528722870,0.0
1641530522917,0.0
1641532322975,0.0
1641534122977,0.0
1641535923041,0.0
1641537723040,0.0
1641539523000,0.0
1641541323069,0.0
1641543123117,0.0
1641544923124,0.01
1641546723043,0.01
1641548523136,0.03
1641550323220,0.03
1641552123121,0.06
1641553923243,0.04
1641555723170,0.02
1641557523273,0.02
1641559323144,0.01
1641561123219,0.01
1641562923327,0.0
1641564723234,0.0
1641566523391,0.0
1641568323350,0.0
1641570123364,0.0
1641571923484,0.0
1641573723491,0.0
1641575523451,0.0
1641577323507,0.0
1641579123419,0.0
1641580923464,0.0
1641582723480,0.0
1641584523642,0.0
1641586323601,0.0
1641588123725,0.0
1641589923796,0.0
1641591723708,0.0
1641593523720,0.0
1641595323751,0.0
1641597123744,0.0
1641598923770,0.0
1641600723752,0.0
1641602523849,0.0
1641604323862,0.0
1641606123772,0.0
1641607923826,0.0
1641609723826,0.0
1641611523954,0.0
1641613323772,0.0
1641615123906,0.0
1641616923790,0.0
1641618723898,0.0
1641620523826,0.0
1641622323871,0.0
1641624123912,0.0
1641625923951,0.0
1641627723966,0.01
1641629523948,0.01
1641631324063,0.03
1641633123918,0.03
1641634923930,0.03
1641636724078,0.03
1641638523976,0.03
1641640323998,0.07
1641642124123,0.03
1641643925060,0.03
1641645724073,0.04
1641647524254,0.04
1641649324046,0.01
1641651124262,0.01
1641652924078,0.0
1641654724197,0.0
1641656524079,0.0
1641658324199,0.0
1641660124119,0.0
1641661924263,0.0
1641663724263,0.0
1641665524419,0.0
1641667324369,0.0
1641669124279,0.0
1641670924297,0.0
1641672724269,0.0
1641674524287,0.0
1641676324239,0.0
1641678124351,0.0
1641679924437,0.0
1641681724301,0.0
1641683524274,0.0
1641685324329,0.0
1641687124414,0.0
1641688924428,0.0
1641690724415,0.0
1641692524410,0.0
1641694324513,0.0
1641696124362,0.0
1641697924403,0.0
1641699724348,0.0
1641701524453,0.0
1641703324489,0.0
1641705124518,0.0
1641706924363,0.0
1641708724708,0.0
1641710524491,0.0
1641712324534,0.0
1641714124534,0.0
1641715924471,0.0
1641717724539,0.0
1641719524610,0.0
1641721324526,0.01
1641723124520,0.01
1641724924525,0.01
1641726724641,0.01
1641728524468,0.01
1641730324620,0.01
1641732124629,0.0
1641733924578,0.0
1641735724624,0.0
1641737524615,0.0
1641739324628,0.0
1641741124636,0.0
1641742924604,0.0
1641744724688,0.0
1641746524594,0.0
1641748324625,0.0
1641750124641,0.0
1641751924646,0.0
1641753724598,0.0
1641755524691,0.0
1641757324697,0.0
1641759124554,0.0
1641760924616,0.0
1641762724583,0.0
1641764524561,0.0
1641766324699,0.0
1641768124591,0.0
1641769924632,0.0
1641771724631,0.0
1641773524627,0.0
1641775324593,0.0
1641777124807,0.0
1641778924680,0.0
1641780724733,0.0
1641782524834,0.0
1641784324887,0.0
1641786124893,0.0
1641787924943,0.0
1641789724928,0.0
1641791525031,0.0
1641793325093,0.0
1641795125202,0.0
1641796925104,0.0
1641798725271,0.0
1641800525221,0.01
1641802325358,0.01
1641804125333,0.03
1641805925455,0.03
1641807725488,0.07
1641809525554,0.07
1641811325569,0.07
1641813125673,0.07
1641814925688,0.06
1641816725693,0.06
1641818525645,0.03
1641820325885,0.03
1641822125773,0.02
1641823925967,0.02
1641825725864,0.0
1641827525963,0.0
1641829325987,0.0
1641831126113,0.0
1641832926306,0.0
1641834726131,0.0
1641836526222,0.0
1641838326359,0.0
1641840126271,0.0
1641841926327,0.0
1641843726492,0.0
1641845526454,0.0
1641847326533,0.0
1641849126453,0.0
1641850926598,0.0
1641852726609,0.0
1641854526602,0.0
1641856326600,0.0
1641858126687,0.0
1641859926686,0.0
1641861726758,0.0
1641863526935,0.0
1641865326883,0.0
1641867126863,0.0
1641868926980,0.0
1641870727060,0.0
1641872526983,0.0
1641874327106,0.0
1641876127112,0.0
1641877927266,0.0
1641879727152,0.0
1641881527131,0.0
1641883327230,0.0
1641885127368,0.0
1641886927287,0.0
1641888727265,0.0
1641890527302,0.01
1641892327478,0.01
1641894127499,0.03
1641895927553,0.03
1641897727545,0.02
1641899527514,0.02
1641901327471,0.02
1641903127792,0.02
1641904927635,0.01
1641906727719,0.01
1641908527767,0.0
1641910327821,0.0
1641912128053,0.0
1641913927933,0.0
1641915727869,0.0
1641917527919,0.0
1641919328011,0.0
1641921128095,0.0
1641922927993,0.0
1641924728162,0.0
1641926528144,0.0
1641928328270,0.0
1641930128204,0.0
1641931928280,0.0
1641933728286,0.0
1641935528246,0.0
1641937328289,0.0
1641939128467,0.0
1641940928319,0.0
1641942728551,0.0
1641944528404,0.0
1641946328576,0.0
1641948128424,0.0
1641949928545,0.0
1641951728590,0.0
1641953528622,0.0
1641955328555,0.0
1641957128745,0.0
1641958928696,0.0
1641960728741,0.0
1641962528772,0.0
1641964328848,0.0
1641966128745,0.0
1641967928763,0.0
1641969728906,0.0
1641971529028,0.0
1641973328992,0.02
1641975129018,0.02
1641976928996,0.03
1641978729097,0.03
1641980529118,0.07
1641982330132,0.07
1641984129167,0.07
1641985929185,0.07
1641987729171,0.06
1641989529358,0.06
1641991329222,0.03
1641993129337,0.03
1641994929220,0.01
1641996729475,0.01
1641998529358,0.0
1642000329330,0.0
1642002129340,0.0
1642003929487,0.0
1642005729422,0.0
1642007529508,0.0
1642009329631,0.0
1642011129544,0.0
1642012929535,0.0
1642014729586,0.0
1642016529538,0.0
1642018329680,0.0
1642020129592,0.0
1642021929841,0.0
1642023729848,0.0
1642025529780,0.0
1642027329701,0.0
1642029129803,0.0
1642030929768,0.0
1642032729890,0.0
1642034529718,0.0
1642036329829,0.0
1642038129847,0.0
1642039929969,0.0
1642041729872,0.0
1642043529969,0.0
1642045329904,0.0
1642047129953,0.0
1642048929976,0.0
1642050729975,0.0
1642052530057,0.0
1642054330014,0.0
1642056129967,0.0
1642057929967,0.0
1642059730140,0.01
1642061532432,0.01
1642063330117,0.02
1642065130160,0.02
1642066930221,0.05
1642068730074,0.05
1642069936417,0.06
1642071736542,0.06
1642073536454,0.06
1642075336878,0.06
1642077136494,0.02
1642078936821,0.02
1642080736620,0.01
1642082536815,0.01
1642084336620,0.0
1642086137085,0.0
1642087936789,0.0
1642089737035,0.0
1642091536961,0.0
1642093337022,0.0
1642095136934,0.0
1642096937339,0.0
1642098736982,0.0
1642100537194,0.0
1642102337238,0.0
1642104137287,0.0
1642105937200,0.0
1642107738026,0.0
1642109537402,0.0
1642111337395,0.0
1642113137422,0.0
1642114937601,0.0
1642116737522,0.0
1642118537744,0.0
1642120337625,0.0
1642122137711,0.0
1642123937883,0.0
1642125737817,0.0
1642127537895,0.0
1642129337837,0.0
1642131138001,0.0
1642132938035,0.0
1642134737856,0.0
1642136538023,0.0
1642138337919,0.0
1642140138158,0.0
1642141938120,0.0
1642143738128,0.0
1642145538130,0.02
1642147338302,0.02
1642149138170,0.03
1642150938791,0.03
1642152738354,0.05
1642154538549,0.05
1642156338329,0.05
1642158138803,0.05
1642159938488,0.05
1642161738912,0.05
1642163538551,0.03
1642165338656,0.03
1642167138667,0.02
1642168938888,0.02
1642170738687,0.0
1642172538985,0.0
1642174338702,0.0
1642176138937,0.0
1642177938891,0.0
1642179739116,0.0
1642181538881,0.0
1642183339090,0.0
1642185139016,0.0
1642186939309,0.0
1642188739124,0.0
1642190539234,0.0
1642192339112,0.0
1642194139355,0.0
1642195939158,0.0
1642197739402,0.0
1642199539288,0.0
1642201339716,0.0
1642203139365,0.0
1642204939560,0.0
1642206739412,0.0
1642208539679,0.0
1642210339549,0.0
1642212139748,0.0
1642213939573,0.0
1642215739612,0.0
1642217539620,0.0
1642219339813,0.0
1642221139591,0.0
1642222939778,0.0
1642224739749,0.0
1642226539837,0.0
1642228339708,0.0
1642230139824,0.0
1642231939872,0.01
1642233740099,0.01
1642235539987,0.03
1642237339971,0.03
1642239140038,0.07
1642240940093,0.07
1642242740151,0.07
1642244540168,0.07
1642246340129,0.06
1642248140158,0.06
1642249940225,0.03
1642251740321,0.03
1642253540274,0.01
1642255340285,0.01
1642257140315,0.0
1642258940426,0.0
1642260740333,0.0
1642262540416,0.0
1642264340387,0.0
1642266140591,0.0
1642267940356,0.0
1642269740574,0.0
1642271540620,0.0
1642273340620,0.0
1642275140607,0.0
1642276940684,0.0
1642278740612,0.0
1642280540802,0.0
1642282340654,0.0
1642284140766,0.0
1642285940681,0.0
1642287741005,0.0
1642289540666,0.0
1642291340801,0.0
1642293140812,0.0
1642294941096,0.0
1642296740867,0.0
1642298540944,0.0
1642300340897,0.0
1642302141014,0.0
1642303941035,0.0
1642305740956,0.0
1642307540920,0.0
1642309341267,0.0
1642311141190,0.0
1642312941301,0.0
1642314741133,0.0
1642316541156,0.0
1642318341161,0.01
1642320141363,0.01
1642321941143,0.02
1642323741392,0.02
1642325541193,0.05
1642327341433,0.05
1642329141296,0.06
1642330941346,0.06
1642332741322,0.06
1642334541420,0.06
1642336341262,0.03
1642338141493,0.03
1642339941438,0.02
1642341741716,0.02
1642343541441,0.0
1642345341689,0.0
1642347141379,0.0
1642348941451,0.0
1642350741515,0.0
1642352541512,0.0
1642354341570,0.0
1642356141779,0.0
1642357941532,0.0
1642359741601,0.0
1642361541625,0.0
1642363341674,0.0
1642365141699,0.0
1642366941750,0.0
1642368741704,0.0
1642370541708,0.0
1642372341687,0.0
1642374141965,0.0
1642375941580,0.0
1642377741779,0.0
1642379541760,0.0
1642381341843,0.0
1642383141741,0.0
1642384941734,0.0
1642386741769,0.0
1642388541951,0.0
1642390341781,0.0
1642392141890,0.0
1642393941840,0.0
1642395741961,0.0
1642397541865,0.0
1642399341923,0.0
1642401141850,0.0
1642402942180,0.0
1642404741823,0.02
1642406542024,0.02
1642408341964,0.03
1642410142185,0.03
1642411941922,0.05
1642413742370,0.05
1642415542077,0.05
1642417342089,0.05
1642419142043,0.05
1642420942260,0.05
1642422741973,0.03
1642424542099,0.03
1642426341961,0.02
1642428142130,0.02
1642429942083,0.0
1642431742150,0.0
1642433541987,0.0
1642435342216,0.0
1642437142075,0.0
1642438942259,0.0
1642440742023,0.0
1642442542123,0.0
1642444342055,0.0
1642446142163,0.0
1642447942024,0.0
1642449742217,0.0
1642451542090,0.0
1642453342367,0.0
1642455142218,0.0
1642456942326,0.0
1642458742196,0.0
1642460542383,0.0
1642462342184,0.0
1642464142252,0.0
1642465942110,0.0
1642467742527,0.0
1642469542231,0.0
1642471342329,0.0
1642473142240,0.0
1642474942254,0.0
1642476742227,0.0
1642478542200,0.0
1642480342268,0.0
1642482142414,0.0
1642483942268,0.0
1642485742422,0.0
1642487542330,0.0
1642489342334,0.0
1642491142173,0.01
1642492942387,0.01
1642494742407,0.03
1642496542621,0.03
1642498342324,0.07
1642500142406,0.07
1642501942233,0.07
1642503742396,0.07
1642505542354,0.06
1642507342511,0.06
1642509142325,0.03
1642510942313,0.03
1642512742317,0.02
1642514542345,0.02
1642516342343,0.0
1642518142404,0.0
1642519942384,0.0
1642521742499,0.0
1642523542346,0.0
1642525342501,0.0
1642527142656,0.0
1642528942702,0.0
1642530742681,0.0
1642532542629,0.0
1642534342723,0.0
1642536142868,0.0
1642537942812,0.0
1642539743031,0.0
1642541542930,0.0
1642543343087,0.0
1642545143033,0.0
1642546943311,0.0
1642548743129,0.0
1642550543221,0.0
1642552343110,0.0
1642554143216,0.0
1642555943359,0.0
1642557743456,0.0
1642559543307,0.0
1642561343581,0.0
1642563143505,0.0
1642564943479,0.0
1642566743581,0.0
1642568543637,0.0
1642570343562,0.0
1642572143795,0.0
1642573943686,0.0
1642575743788,0.0
1642577543728,0.01
1642579343959,0.01
1642581143909,0.02
1642582944561,0.02
1642586544344,0.03
1642588343993,0.04
1642590144222,0.04
1642591944190,0.03
1642593744281,0.03
1642595544220,0.01
1642597344281,0.01
1642599144323,0.01
1642600944297,0.01
1642602744469,0.0
1642604544577,0.0
1642606344509,0.0
1642608144512,0.0
1642609944524,0.0
1642611744590,0.0
1642613544626,0.0
1642615344645,0.0
1642617144592,0.0
1642618944786,0.0
1642620744722,0.0
1642622544838,0.0
1642624344742,0.0
1642626144859,0.0
1642627944867,0.0
1642629744907,0.0
1642631544939,0.0
1642633345271,0.0
1642635145051,0.0
1642636945275,0.0
1642638744986,0.0
1642640545175,0.0
1642642345206,0.0
1642644145341,0.0
1642645945153,0.0
1642647745277,0.0
1642649545224,0.0
1642651345424,0.0
1642653145338,0.0
1642654945591,0.0
1642656745415,0.0
1642658545585,0.0
1642660345515,0.0
1642662145646,0.0
1642663945647,0.02
1642665745661,0.02
1642667545693,0.03
1642669345670,0.03
1642671145671,0.05
1642672945846,0.05
1642674745729,0.04
1642676546062,0.04
1642678345779,0.05
1642680146044,0.05
1642681254083,0.05
1642683053784,0.03
1642684853871,0.03
1642686654040,0.02
1642688453931,0.02
1642690253991,0.0
1642692054084,0.0
1642693854031,0.0
1642695654461,0.0
1642697454274,0.0
1642699254320,0.0
1642701054268,0.0
1642702854695,0.0
1642704654365,0.0
1642706454541,0.0
1642708254503,0.0
1642710054695,0.0
1642711854639,0.0
1642713654699,0.0
1642715454690,0.0
1642717254773,0.0
1642719054634,0.0
1642720854837,0.0
1642722654844,0.0
1642724454985,0.0
1642726254889,0.0
1642728055201,0.0
1642729855065,0.0
1642731655052,0.0
1642733454934,0.0
1642735255197,0.0
1642737055153,0.0
1642738855166,0.0
1642740655114,0.0
1642742455312,0.0
1642744255310,0.0
1642746055519,0.0
1642747855399,0.0
1642749655454,0.0
1642751455416,0.02
1642753255533,0.02
1642755055420,0.03
1642756855959,0.03
1642758655751,0.06
1642760455602,0.06
1642762255560,0.06
1642764055850,0.06
1642765855763,0.07
1642767655733,0.07
1642769455716,0.04
1642771255925,0.04
1642773056051,0.02
1642774856097,0.02
1642776656123,0.0
1642778456031,0.0
1642780256113,0.0
1642782056228,0.0
1642783856241,0.0
1642785656128,0.0
1642787456164,0.0
1642789257938,0.0
1642791056289,0.0
1642792856252,0.0
1642794656339,0.0
1642798256531,0.0
1642800056511,0.0
1642801856477,0.0
1642803656688,0.0
1642805456510,0.0
1642807256748,0.0
1642809056644,0.0
1642810856589,0.0
1642812656651,0.0
1642814456852,0.0
1642816256874,0.0
1642818057424,0.0
1642819856937,0.0
1642821656987,0.0
1642823456921,0.0
1642825257014,0.0
1642827056870,0.0
1642828856979,0.0
1642830656967,0.0
1642832457072,0.0
1642834257084,0.0
1642836057133,0.0
1642837857085,0.01
1642839657331,0.01
1642841457315,0.02
1642843257078,0.02
1642845057168,0.06
1642846857334,0.06
1642848657304,0.06
1642850457330,0.06
1642852257340,0.05
1642854057418,0.05
1642855857596,0.03
1642857657537,0.03
1642859457601,0.02
1642861257454,0.01
1642863057532,0.0
1642864857509,0.0
1642866657478,0.0
1642868457559,0.0
1642870257651,0.0
1642872057549,0.0
1642873857674,0.0
1642875657694,0.0
1642877457661,0.0
1642879257803,0.0
1642881057857,0.0
1642882857733,0.0
1642884657818,0.0
1642886457938,0.0
1642888257804,0.0
1642890057856,0.0
1642891858120,0.0
1642893658615,0.0
1642895458020,0.0
1642897257995,0.0
1642899058638,0.0
1642900858495,0.0
1642902658350,0.0
1642904458421,0.0
1642906258352,0.0
1642908058394,0.0
1642909858269,0.0
1642911658325,0.0
1642913458339,0.0
1642915258490,0.0
1642917058569,0.0
1642918858463,0.0
1642920658521,0.0
1642922458364,0.0
1642924258399,0.02
1642926058441,0.02
1642927858440,0.03
1642929658554,0.03
1642931458600,0.07
1642933258567,0.07
1642935059092,0.06
1642936858940,0.06
1642938661132,0.05
1642940458584,0.05
1642942258691,0.03
1642944058984,0.03
1642945858665,0.02
1642947658983,0.02
1642949458734,0.0
1642951258849,0.0
1642953058822,0.0
1642954858793,0.0
1642956658809,0.0
1642958458732,0.0
1642960258858,0.0
1642962058862,0.0
1642963858885,0.0
1642965658940,0.0
1642967458866,0.0
1642969258961,0.0
1642971058810,0.0
1642972858973,0.0
1642974658984,0.0
1642976458913,0.0
1642978259128,0.0
1642980058917,0.0
1642981858999,0.0
1642983659140,0.0
1642985459010,0.0
1642987259118,0.0
1642989059102,0.0
1642990859094,0.0
1642992659124,0.0
1642994459117,0.0
1642996259199,0.0
1642998059324,0.0
1642999859164,0.0
1643001659172,0.0
1643003459318,0.0
1643005259201,0.0
1643007059209,0.0
1643008859309,0.0
1643010659363,0.01
1643012459475,0.01
1643014259424,0.02
1643016059335,0.02
1643017859344,0.05
1643019659508,0.05
1643021459375,0.06
1643023259303,0.06
1643025059584,0.05
1643026859524,0.05
1643028660434,0.04
1643030459668,0.04
1643032259573,0.01
1643034059422,0.01
1643035859397,0.0
1643037659569,0.0
1643039459461,0.0
1643041259369,0.0
1643043059446,0.0
1643044859561,0.0
1643046659388,0.0
1643048459353,0.0
1643050259571,0.0
1643052059502,0.0
1643053859508,0.0
1643055659528,0.0
1643057459675,0.0
1643059259438,0.0
1643061059650,0.0
1643062859517,0.0
1643064659618,0.0
1643066459554,0.0
1643068259735,0.0
1643070059530,0.0
1643071859770,0.0
1643073659634,0.0
1643075459761,0.0
1643077259669,0.0
1643079059644,0.0
1643080859690,0.0
1643082659720,0.0
1643084459709,0.0
1643086259734,0.0
1643088059831,0.0
1643089859729,0.0
1643091659649,0.0
1643093459713,0.0
1643095259852,0.0
1643097059759,0.03
1643098859656,0.03
1643100659769,0.03
1643102459734,0.03
1643104259721,0.04
1643106059701,0.04
1643107859907,0.04
1643109659907,0.04
1643111459734,0.04
1643113259703,0.04
1643115059872,0.05
1643116859823,0.05
1643118659822,0.04
1643120459861,0.04
1643122259754,0.0
1643124059715,0.0
1643125859842,0.0
1643127659874,0.0
1643129459677,0.0
1643131259942,0.0
1643133059855,0.0
1643134859989,0.0
1643136659879,0.0
1643138459948,0.0
1643140259956,0.0
1643142060127,0.0
1643143859915,0.0
1643145660346,0.0
1643147460216,0.0
1643149260114,0.0
1643151060334,0.0
1643152860287,0.0
1643154660420,0.0
1643156460399,0.0
1643158260335,0.0
1643160060665,0.0
1643161860442,0.0
1643163660487,0.0
1643165460670,0.0
1643167260570,0.0
1643169060916,0.0
1643170860770,0.0
1643172660707,0.0
1643174460745,0.0
1643176260960,0.0
1643178060781,0.0
1643179861098,0.0
1643181660970,0.0
1643183461235,0.03
1643185261113,0.03
1643187061042,0.07
1643188861128,0.06
1643190661841,0.06
1643192461480,0.06
1643194261378,0.05
1643196061385,0.05
1643197861298,0.06
1643199661208,0.06
1643201461480,0.06
1643203261459,0.06
1643205061545,0.02
1643206861541,0.02
1643208661880,0.0
1643210461562,0.0
1643212261741,0.0
1643214061735,0.0
1643215861666,0.0
1643217661870,0.0
1643219461801,0.0
1643221261978,0.0
1643223061923,0.0
1643224861952,0.0
1643226662067,0.0
1643228462084,0.0
1643230262064,0.0
1643232062146,0.0
1643233862077,0.0
1643235662251,0.0
1643237462236,0.0
1643239262200,0.0
1643241062336,0.0
1643242862315,0.0
1643244662345,0.0
1643246462372,0.0
1643248262448,0.0
1643250062554,0.0
1643251862560,0.0
1643253662602,0.0
1643255462894,0.0
1643257262580,0.0
1643259062736,0.0
1643260862806,0.0
1643262662753,0.0
1643264462934,0.0
1643266262717,0.0
1643268062837,0.0
1643269862837,0.03
1643271662932,0.03
1643273462954,0.07
1643275263147,0.07
1643277063017,0.06
1643278862923,0.06
1643280663079,0.06
1643282463221,0.06
1643284263178,0.06
1643286063382,0.06
1643287863102,0.07
1643289663280,0.07
1643291463563,0.02
1643293263344,0.03
1643295063317,0.0
1643296863442,0.0
1643298663457,0.0
1643300463457,0.0
1643302263369,0.0
1643304063558,0.0
1643305863451,0.0
1643307663465,0.0
1643309463645,0.0
1643311263660,0.0
1643313063712,0.0
1643314863724,0.0
1643316663674,0.0
1643318463637,0.0
1643320263896,0.0
1643322063787,0.0
1643323863893,0.0
1643325663881,0.0
1643327463932,0.0
1643329263785,0.0
1643331064124,0.0
1643332863968,0.0
1643334663986,0.0
1643336463859,0.0
1643338263883,0.0
1643340063909,0.0
1643341864211,0.0
1643343664005,0.0
1643345464175,0.0
1643347264086,0.0
1643349064328,0.0
1643350864212,0.0
1643352664247,0.0
1643354464223,0.0
1643356264277,0.04
1643358064355,0.04
1643359864320,0.05
1643361664549,0.05
1643363464389,0.04
1643365264697,0.04
1643367064411,0.04
1643368864670,0.04
1643370664432,0.04
1643372464843,0.04
1643374264361,0.05
1643376064569,0.05
1643377864531,0.03
1643379664640,0.03
1643381464659,0.01
1643383264661,0.01
1643385064643,0.0
1643386864763,0.0
1643388664721,0.0
1643390464829,0.0
1643392264622,0.0
1643394064778,0.0
1643395864641,0.0
1643397664894,0.0
1643399464824,0.0
1643401265016,0.0
1643403064753,0.0
1643404864993,0.0
1643406664735,0.0
1643408464984,0.0
1643410264789,0.0
1643412064914,0.0
1643413864956,0.0
1643415664879,0.0
1643417464882,0.0
1643419265100,0.0
1643421064951,0.0
1643422865013,0.0
1643424665053,0.0
1643426465051,0.0
1643428265084,0.0
1643430065107,0.0
1643431864968,0.0
1643433665092,0.0
1643435465297,0.0
1643437265104,0.0
1643439065144,0.0
1643440865201,0.0
1643442665170,0.0
1643444465316,0.0
1643446265211,0.07
1643448065090,0.07
1643449865363,0.06
1643451665293,0.06
1643453465240,0.09
1643455265326,0.09
1643457065289,0.06
1643458865337,0.06
1643460665311,0.06
1643462465238,0.06
1643464265318,0.01
1643466065341,0.01
1643467865390,0.0
1643469665384,0.0
1643471465354,0.0
1643473265281,0.0
1643475065389,0.0
1643476865492,0.0
1643478665471,0.0
1643480465447,0.0
1643482265448,0.0
1643484065510,0.0
1643485865419,0.0
1643487665548,0.0
1643489466816,0.0
1643491265527,0.0
1643493065458,0.0
1643494865601,0.0
1643496665437,0.0
1643498465474,0.0
1643500265444,0.0
1643502065564,0.0
1643503865543,0.0
1643505665462,0.0
1643507465734,0.0
1643509265637,0.0
1643511065749,0.0
1643512865604,0.0
1643514665703,0.0
1643516465546,0.0
1643518265606,0.0
1643520065644,0.0
1643521865662,0.0
1643523665541,0.0
1643525465711,0.0
1643527265684,0.0
1643529065659,0.03
1643530865738,0.03
1643532665870,0.05
1643534465664,0.05
1643536265610,0.04
1643538065665,0.04
1643539865759,0.06
1643541665766,0.06
1643543465601,0.04
1643545265634,0.04
1643547065791,0.05
1643548866110,0.05
1643550665787,0.03
1643552465803,0.03
1643554265833,0.01
1643556065773,0.01
1643557865786,0.0
1643559665972,0.0
1643561465806,0.0
1643563265906,0.0
1643565065948,0.0
1643566865733,0.0
1643568665853,0.0
1643570465793,0.0
1643572265913,0.0
1643574065842,0.0
1643575865858,0.0
1643577665726,0.0
1643579465787,0.0
1643581265757,0.0
1643583065926,0.0
1643584865846,0.0
1643586665878,0.0
1643588465900,0.0
1643590265872,0.0
1643592065995,0.0
1643593865906,0.0
1643595666065,0.0
1643597466136,0.0
1643599266241,0.0
1643601066264,0.0
1643602866313,0.0
1643604666363,0.0
1643606466461,0.0
1643608266327,0.0
1643610066528,0.0
1643611866512,0.0
1643613666494,0.0
1643615466577,0.02
1643617266677,0.02
1643619066690,0.06
1643620866725,0.06
1643622666756,0.06
1643624466912,0.06
1643626267048,0.05
1643628067039,0.05
1643629866990,0.06
1643631667259,0.06
1643633467055,0.05
1643635267064,0.06
1643637067131,0.01
1643638867338,0.01
1643640667311,0.01
1643642467206,0.01
1643644267371,0.0
1643646067501,0.0
1643647867486,0.0
1643649667569,0.0
1643651467621,0.0
1643653267654,0.0
1643655067719,0.0
1643656867708,0.0
1643658667711,0.0
1643660467641,0.0
1643662267840,0.0
1643664067732,0.0
1643665868100,0.0
1643667667826,0.0
1643669467902,0.0
1643671267978,0.0
1643673068145,0.0
1643674868104,0.0
1643676668245,0.0
1643678468238,0.0
1643680268152,0.0
1643682068278,0.0
1643683868307,0.0
1643685668414,0.0
1643687468481,0.0
1643689268441,0.0
1643691068550,0.0
1643692868372,0.0
1643694668607,0.0
1643696468592,0.0
1643698268838,0.0
1643700068673,0.0
1643701868780,0.01
1643703668782,0.01
1643705468834,0.03
1643707268856,0.03
1643709068956,0.04
1643710868782,0.04
1643712668942,0.08
1643714469228,0.08
1643716269017,0.08
1643718068997,0.08
1643719869202,0.05
1643721669064,0.04
1643723469061,0.01
1643725269044,0.01
1643727069099,0.0
1643728869318,0.0
1643730669123,0.0
1643732469173,0.0
1643734269263,0.0
1643736069418,0.0
1643737869496,0.0
1643739669505,0.0
1643741469465,0.0
1643743269441,0.0
1643745069558,0.0
1643746869552,0.0
1643748669566,0.0
1643750469493,0.0
1643752269563,0.0
1643754069719,0.0
1643755869651,0.0
1643757669665,0.0
1643759469824,0.0
1643761269839,0.0
1643763069822,0.0
1643764869880,0.0
1643766669880,0.0
1643768469856,0.0
1643770270638,0.0
1643772069817,0.0
1643773870002,0.0
1643775670071,0.0
1643777470107,0.0
1643779270086,0.0
1643781070144,0.0
1643782869998,0.0
1643784670215,0.01
1643786470213,0.01
1643788270219,0.04
1643790070242,0.04
1643791870628,0.05
1643793670619,0.05
1643795471353,0.08
1643797270291,0.08
1643799070357,0.07
1643800870369,0.07
1643802670403,0.08
1643804470297,0.08
1643806270427,0.05
1643808070495,0.05
1643809870494,0.03
1643811670501,0.03
1643813470493,0.01
1643815270627,0.01
1643817070627,0.0
1643818870736,0.0
1643820670507,0.0
1643822470814,0.0
1643824270765,0.0
1643826070659,0.0
1643827870717,0.0
1643829670799,0.0
1643831470852,0.0
1643833271843,0.0
1643835070802,0.0
1643836870781,0.0
1643838670869,0.0
1643840471899,0.0
1643842270822,0.0
1643844070912,0.0
1643845870990,0.0
1643847670900,0.0
1643849470969,0.0
1643851271022,0.0
1643853070964,0.0
1643854871013,0.0
1643856671078,0.0
1643860271072,0.0
1643862070988,0.0
1643863871138,0.0
1643865671155,0.0
1643867471200,0.0
1643869271191,0.0
1643871071288,0.0
1643872871133,0.0
1643874671251,0.0
1643876471190,0.0
1643878271599,0.02
1643880071341,0.02
1643881871332,0.0
1643883671282,0.0
1643885471384,0.0
1643887271380,0.0
1643889071372,0.0
1643890871337,0.0
1643892671429,0.02
1643894471472,0.02
1643896271541,0.01
1643898071505,0.01
1643899871496,0.0
1643901671572,0.0
1643903471601,0.0
1643905271546,0.0
1643907071403,0.0
1643908871600,0.0
1643910671439,0.0
1643912471512,0.0
1643914271462,0.0
1643916071554,0.0
1643917871458,0.0
1643919671583,0.0
1643921471628,0.0
1643923271635,0.0
1643925071607,0.0
1643926871520,0.0
1643928671662,0.0
1643930471843,0.0
1643932271670,0.0
1643934071743,0.0
1643935871660,0.0
1643937671704,0.0
1643939471678,0.0
1643941271651,0.0
1643943071711,0.0
1643944871741,0.0
1643946671750,0.0
1643948471682,0.0
1643950271657,0.0
1643952071700,0.0
1643953871823,0.0
1643955671749,0.0
1643957471792,0.0
1643959271871,0.0
1643961071813,0.0
1643962871877,0.0
1643964671790,0.02
1643966472448,0.02
1643968271867,0.0
1643970071925,0.0
1643971871765,0.0
1643973671795,0.0
1643975471714,0.0
1643977271826,0.0
1643979071856,0.02
1643980871815,0.02
1643982671880,0.01
1643986271854,0.0
1643988071856,0.0
1643989871769,0.0
1643991671926,0.0
1643993471963,0.0
1643995271892,0.0
1643997071833,0.0
1643998871925,0.0
1644000671939,0.0
1644002471964,0.0
1644004271862,0.0
1644006072018,0.0
1644007872117,0.0
1644009671998,0.0
1644011472043,0.0
1644013271911,0.0
1644015071881,0.0
1644016871980,0.0
1644018672035,0.0
1644020472102,0.0
1644024072025,0.0
1644025871999,0.0
1644027672030,0.0
1644029472027,0.0
1644031271935,0.0
1644033071892,0.0
1644034871980,0.0
1644036671982,0.0
1644038472062,0.0
1644040272062,0.0
1644042072175,0.0
1644043872118,0.01
1644045672249,0.01
1644047472274,0.03
1644049272350,0.03
1644051072425,0.07
1644052872774,0.07
1644054672583,0.09
1644056472404,0.09
1644058272566,0.09
1644060072659,0.09
1644061872805,0.09
1644063672688,0.09
1644065472753,0.06
1644067272911,0.06
1644069072790,0.02
1644070873017,0.02
1644072672818,0.0
1644074472939,0.0
1644076273118,0.0
1644078073088,0.0
1644079873169,0.0
1644081673220,0.0
1644083473104,0.0
1644085273252,0.0
1644087073221,0.0
1644088873195,0.0
1644090673248,0.0
1644092473338,0.0
1644094273325,0.0
1644096073415,0.0
1644097873510,0.0
1644099673643,0.0
1644101473656,0.0
1644103273564,0.0
1644105073606,0.0
1644106873755,0.0
1644108673748,0.0
1644110473750,0.0
1644112273890,0.0
1644114073956,0.0
1644115873973,0.0
1644117674109,0.0
1644119474038,0.0
1644121274019,0.0
1644123074047,0.0
1644124874108,0.0
1644126674103,0.0
1644128474206,0.0
1644130274282,0.01
1644132074227,0.01
1644133874422,0.03
1644135674479,0.03
1644137474399,0.06
1644139274487,0.06
1644141074588,0.07
1644142874494,0.07
1644144674617,0.09
1644146474643,0.09
1644148274597,0.02
1644150074692,0.02
1644151874662,0.06
1644153674682,0.06
1644155474687,0.04
1644157274710,0.03
1644159074648,0.01
1644160874675,0.01
1644162674873,0.0
1644164474958,0.0
1644166274916,0.0
1644168074989,0.0
1644169874990,0.0
1644171674904,0.0
1644173474983,0.0
1644175274955,0.0
1644177075120,0.0
1644178875088,0.0
1644180675181,0.0
1644182475102,0.0
1644184275221,0.0
1644186075216,0.0
1644187875169,0.0
1644189675229,0.0
1644191475314,0.0
1644193275197,0.0
1644195075350,0.0
1644196875278,0.0
1644198675444,0.0
1644200475299,0.0
1644202275421,0.0
1644204075453,0.0
1644205875414,0.0
1644207675415,0.0
1644209475486,0.0
1644211275482,0.0
1644213075572,0.0
1644214875665,0.0
1644216675713,0.01
1644218475968,0.01
1644220275784,0.03
1644222075718,0.03
1644223875698,0.04
1644225675795,0.04
1644227475821,0.06
1644229275796,0.06
1644231075894,0.06
1644232876004,0.06
1644234675827,0.05
1644236475918,0.05
1644238275963,0.04
1644241876045,0.03
1644243676001,0.03
1644245476138,0.02
1644247276003,0.02
1644249076106,0.0
1644250875979,0.0
1644252676203,0.0
1644254476195,0.0
1644256276107,0.0
1644258076172,0.0
1644259876188,0.0
1644263476250,0.0
1644265276301,0.0
1644267076291,0.0
1644268876316,0.0
1644270676325,0.0
1644272476420,0.0
1644274276378,0.0
1644276076351,0.0
1644277876368,0.0
1644281476442,0.0
1644283276600,0.0
1644285076539,0.0
1644286876498,0.0
1644288676533,0.0
1644290476536,0.0
1644292276532,0.0
1644294076708,0.0
1644295876669,0.0
1644297676709,0.0
1644299476742,0.0
1644301276698,0.0
1644303076686,0.01
1644304877029,0.01
1644306676814,0.03
1644310276880,0.05
1644312077142,0.05
1644313876735,0.07
1644315676860,0.07
1644317476950,0.05
1644319276807,0.05
1644321077248,0.06
1644322876926,0.06
1644324676909,0.05
1644326476957,0.05
1644328277006,0.03
1644330076946,0.03
1644331876919,0.02
1644333677027,0.02
1644335476991,0.0
1644337276972,0.0
1644339076905,0.0
1644340877146,0.0
1644342677045,0.0
1644344477100,0.0
1644346277053,0.0
1644348077131,0.0
1644349877140,0.0
1644351677089,0.0
1644353477156,0.0
1644355277139,0.0
1644357077226,0.0
1644358877253,0.0
1644360677300,0.0
1644362477229,0.0
1644364277197,0.0
1644366077290,0.0
1644367877270,0.0
1644369677191,0.0
1644371477272,0.0
1644373277426,0.0
1644375077278,0.0
1644376877333,0.0
1644378677346,0.0
1644380477450,0.0
1644382277361,0.0
1644384077406,0.0
1644385877335,0.0
1644387677237,0.0
1644389477395,0.02
1644391277317,0.02
1644393077284,0.03
1644394877368,0.03
1644396677509,0.06
1644398477368,0.06
1644400277519,0.08
1644402077408,0.08
1644403877583,0.08
1644405677372,0.08
1644407477413,0.07
1644409277365,0.07
1644411077595,0.05
1644412877609,0.06
1644414677522,0.03
1644416477587,0.03
1644418277486,0.01
1644420077533,0.01
1644421877480,0.0
1644423677578,0.0
1644425477555,0.0
1644427277579,0.0
1644429077522,0.0
1644430877532,0.0
1644432677522,0.0
1644434477563,0.0
1644436277637,0.0
1644438077460,0.0
1644439877564,0.0
1644441677568,0.0
1644443477636,0.0
1644445277506,0.0
1644447077592,0.0
1644448877558,0.0
1644450677706,0.0
1644452477735,0.0
1644454277542,0.0
1644456077668,0.0
1644457877670,0.0
1644459677514,0.0
1644461477623,0.0
1644463277612,0.0
1644465077714,0.0
1644466877633,0.0
1644468677507,0.0
1644470477708,0.0
1644472277751,0.0
1644474077592,0.0
1644475877680,0.01
1644477677676,0.02
1644479477666,0.03
1644481277551,0.03
1644483077688,0.04
1644484877687,0.04
1644486677555,0.08
1644488477769,0.08
1644490277633,0.05
1644492077770,0.05
1644493877785,0.07
1644495677876,0.07
1644497477769,0.05
1644499277811,0.05
1644501077935,0.07
1644502878093,0.07
1644504678087,0.02
1644506478157,0.02
1644508278174,0.0
1644510078153,0.0
1644511878267,0.0
1644513678322,0.0
1644515478388,0.0
1644517278398,0.0
1644519078565,0.0
1644520878897,0.0
1644522678524,0.0
1644524478625,0.0
1644526278667,0.0
1644528078664,0.0
1644529878752,0.0
1644531678708,0.0
1644533478813,0.0
1644535278873,0.0
1644537079030,0.0
1644538878915,0.0
1644540679111,0.0
1644542479094,0.0
1644544279179,0.0
1644546079246,0.0
1644547879107,0.0
1644549679313,0.0
1644551479292,0.0
1644553279327,0.0
1644555079387,0.0
1644556879455,0.0
1644558679616,0.0
1644560479437,0.0
1644562279464,0.02
1644564079632,0.02
1644565879621,0.03
1644567679521,0.03
1644569479664,0.04
1644571279702,0.04
1644573079749,0.05
1644574879763,0.05
1644576679876,0.05
1644578479947,0.05
1644580279850,0.05
1644582080018,0.05
1644583880021,0.06
1644585679942,0.06
1644587480064,0.05
1644589280308,0.05
1644591080228,0.02
1644592880276,0.02
1644594680317,0.0
1644596480344,0.0
1644598280352,0.0
1644600080400,0.0
1644601880437,0.0
1644603680355,0.0
1644605480400,0.0
1644607280708,0.0
1644609080573,0.0
1644610880543,0.0
1644612680706,0.0
1644614480700,0.0
1644616280628,0.0
1644618080662,0.0
1644619880669,0.0
1644621680701,0.0
1644623480862,0.0
1644625281079,0.0
1644627080833,0.0
1644628880923,0.0
1644630680786,0.0
1644632481161,0.0
1644634281018,0.0
1644636081144,0.0
1644637880959,0.0
1644639681089,0.0
1644641481164,0.0
1644643281111,0.0
1644645081237,0.0
1644646881285,0.0
1644648681214,0.01
1644650481247,0.01
1644652281107,0.02
1644654081159,0.02
1644655881191,0.03
1644657681355,0.03
1644659481367,0.05
1644661281275,0.05
1644663081439,0.04
1644664881583,0.04
1644666681467,0.01
1644668481585,0.01
1644670281488,0.02
1644672081551,0.03
1644673881567,0.01
1644675681598,0.01
1644677481542,0.0
1644679281624,0.0
1644681081655,0.0
1644682881740,0.0
1644684681720,0.0
1644686481788,0.0
1644688281909,0.0
1644690081996,0.0
1644691881915,0.0
1644693681900,0.0
1644695481848,0.0
1644697281883,0.0
1644699082005,0.0
1644700881919,0.0
1644702682101,0.0
1644704482100,0.0
1644706282075,0.0
1644708082083,0.0
1644709882272,0.0
1644711682175,0.0
1644713482239,0.0
1644715282236,0.0
1644717082221,0.0
1644718882315,0.0
1644720682510,0.0
1644722482289,0.0
1644724282364,0.0
1644726082419,0.0
1644727882461,0.0
1644729682407,0.0
1644731482417,0.0
1644733282464,0.0
1644735082615,0.0
1644736882505,0.0
1644738682683,0.04
1644740482437,0.04
1644742282533,0.07
1644744082438,0.07
1644745882665,0.07
1644747682707,0.07
1644749482515,0.05
1644751282795,0.05
1644753082763,0.05
1644754882751,0.05
1644756682872,0.02
1644758482743,0.02
1644760282838,0.02
1644762082801,0.02
1644763882798,0.0
1644765682762,0.0
1644767482868,0.0
1644769282925,0.0
1644771082907,0.0
1644772883013,0.0
1644774682767,0.0
1644776483050,0.0
1644778282958,0.0
1644780083097,0.0
1644781882996,0.0
1644783683113,0.0
1644785482977,0.0
1644787283071,0.0
1644789083041,0.0
1644790883113,0.0
1644792683172,0.0
1644794483194,0.0
1644796283227,0.0
1644798083226,0.0
1644799883297,0.0
1644801683320,0.0
1644803483291,0.0
1644805283253,0.0
1644807083170,0.0
1644808883317,0.0
1644810683259,0.0
1644812483315,0.0
1644814283208,0.0
1644816083324,0.0
1644817883358,0.0
1644819683256,0.0
1644821483295,0.0
1644823283248,0.0
1644825083306,0.01
1644826883314,0.01
1644828683364,0.0
1644830483309,0.0
1644832283438,0.0
1644834083488,0.0
1644835883421,0.0
1644837683483,0.0
1644839483362,0.02
1644841283486,0.02
1644843083409,0.07
1644844883476,0.07
1644846683473,0.04
1644848483259,0.04
1644850283571,0.01
1644852083549,0.01
1644853883405,0.0
1644855683457,0.0
1644857483489,0.0
1644859283322,0.0
1644861083360,0.0
1644862883422,0.0
1644864683422,0.0
1644866483504,0.0
1644868283392,0.0
1644870083460,0.0
1644871883616,0.0
1644873683476,0.0
1644875483522,0.0
1644877284133,0.0
1644879084483,0.0
1644880884443,0.0
1644882684215,0.0
1644884484197,0.0
1644886284250,0.0
1644888084439,0.0
1644889884241,0.0
1644891684711,0.0
1644893484180,0.0
1644895284137,0.0
1644897084116,0.0
1644898884247,0.0
1644900684238,0.0
1644902484343,0.0
1644904284522,0.0
1644906084388,0.0
1644907884195,0.01
1644909684327,0.01
1644911483716,0.07
1644913283607,0.07
1644915083663,0.09
1644916883622,0.09
1644918683778,0.08
1644920483643,0.08
1644922283569,0.11
1644924083606,0.11
1644925883692,0.08
1644927683671,0.08
1644929483673,0.08
1644931283646,0.09
1644933083635,0.06
1644934883749,0.06
1644936683654,0.02
1644938483561,0.02
1644940283513,0.0
1644942083554,0.0
1644943883545,0.0
1644945683714,0.0
1644947483583,0.0
1644949283707,0.0
1644951083668,0.0
1644952883907,0.0
1644954683909,0.0
1644956484375,0.0
1644958284092,0.0
1644960084203,0.0
1644961884108,0.0
1644963684275,0.0
1644965484341,0.0
1644967284386,0.0
1644969084397,0.0
1644970884324,0.0
1644972684409,0.0
1644974484423,0.0
1644976284503,0.0
1644978084431,0.0
1644979884493,0.0
1644981684595,0.0
1644983484730,0.0
1644985284683,0.0
1644987084751,0.0
1644988884823,0.0
1644990684905,0.0
1644992484997,0.0
1644994284922,0.02
1644996084999,0.02
1644997884933,0.07
1644999685088,0.07
1645001485020,0.0
1645003285126,0.0
1645005085293,0.0
1645006885257,0.0
1645008685447,0.0
1645010485324,0.0
1645012285348,0.0
1645014085636,0.0
1645019486101,0.03
1645021285550,0.03
1645023085558,0.01
1645024885733,0.01
1645026685803,0.0
1645028485818,0.0
1645030285675,0.0
1645032085775,0.0
1645033885868,0.0
1645035685932,0.0
1645037485933,0.0
1645039286499,0.0
1645041085952,0.0
1645042886014,0.0
1645044685988,0.0
1645046486120,0.0
1645048286226,0.0
1645050086223,0.0
1645051886308,0.0
1645053686226,0.0
1645055486361,0.0
1645057286315,0.0
1645059086417,0.0
1645060886459,0.0
1645062686594,0.0
1645064486611,0.0
1645066286633,0.0
1645068086668,0.0
1645069886706,0.0
1645071686559,0.0
1645073486707,0.0
1645075286785,0.0
1645077086791,0.0
1645078886896,0.0
1645080686854,0.01
1645082486813,0.01
1645084286857,0.04
1645086086949,0.04
1645087886991,0.09
1645089687033,0.09
1645091487122,0.08
1645093287155,0.08
1645095087259,0.11
1645096887259,0.11
1645098687190,0.09
1645100487237,0.1
1645102287366,0.08
1645104087256,0.08
1645105887417,0.06
1645107687281,0.06
1645109487396,0.02
1645111287497,0.02
1645113087452,0.0
1645114888551,0.0
1645116687425,0.0
1645118487478,0.0
1645120287613,0.0
1645122087688,0.0
1645123887654,0.0
1645125687706,0.0
1645127487695,0.0
1645129287766,0.0
1645131087742,0.0
1645132887830,0.0
1645134687793,0.0
1645136487897,0.0
1645138287893,0.0
1645140087876,0.0
1645141887971,0.0
1645143687885,0.0
1645145487977,0.0
1645147288013,0.0
1645149088090,0.0
1645150888147,0.0
1645152688170,0.0
1645154488028,0.0
1645156288027,0.0
1645158088142,0.0
1645159888215,0.0
1645161688136,0.0
1645163488299,0.0
1645165288338,0.0
1645167088345,0.03
1645168888467,0.03
1645170688464,0.07
1645172488457,0.07
1645174288466,0.09
1645176088376,0.09
1645177888472,0.11
1645179688572,0.11
1645181488685,0.1
1645183288598,0.1
1645185088605,0.0
1645186888620,0.0
1645188688638,0.0
1645189447701,0.0
1645191247466,0.02
1645193047514,0.02
1645194847598,0.0
1645196647644,0.0
1645198447628,0.0
1645200247725,0.0
1645202047654,0.0
1645203847747,0.0
1645205647736,0.0
1645207447828,0.0
1645209247911,0.0
1645211047897,0.0
1645212848031,0.0
1645214648074,0.0
1645216448104,0.0
1645218248194,0.0
1645220048384,0.0
1645221848372,0.0
1645223648260,0.0
1645225448535,0.0
1645227248307,0.0
1645229048422,0.0
1645230848528,0.0
1645232648785,0.0
1645234448630,0.0
1645236248722,0.0
1645238048764,0.0
1645239848821,0.0
1645241648689,0.0
1645243448901,0.0
1645245248946,0.0
1645247048874,0.0
1645248848896,0.0
1645250648981,0.0
1645252449011,0.03
1645254249110,0.03
1645256049066,0.06
1645257849066,0.06
1645259649044,0.09
1645261449251,0.09
1645263249188,0.11
1645265049367,0.11
1645266849331,0.11
1645268649381,0.11
1645270449447,0.11
1645272249655,0.11
1645274049521,0.04
1645275849546,0.04
1645277649522,0.02
1645279449682,0.02
1645281249691,0.01
1645283049729,0.01
1645284849715,0.0
1645286649850,0.0
1645288449818,0.0
1645290249801,0.0
1645292049924,0.0
1645293849895,0.0
1645295649991,0.0
1645297450014,0.0
1645299249961,0.0
1645301050221,0.0
1645302850141,0.0
1645304650183,0.0
1645306450246,0.0
1645308250283,0.0
1645310050286,0.0
1645311850425,0.0
1645313650331,0.0
1645315450527,0.0
1645317250494,0.0
1645319050514,0.0
1645320850495,0.0
1645322650633,0.0
1645324450518,0.0
1645326250713,0.0
1645328050664,0.0
1645329850753,0.0
1645331650751,0.0
1645333450811,0.0
1645335250780,0.0
1645337050844,0.0
1645338850850,0.03
1645340650798,0.03
1645342450973,0.06
1645344250971,0.07
1645346050970,0.04
1645347850950,0.04
1645349651065,0.0
1645351451164,0.0
1645353251052,0.0
1645355051113,0.0
1645356851272,0.0
1645358651371,0.0
1645360451274,0.0
1645362251349,0.0
1645364051258,0.05
1645365851371,0.05
1645367651297,0.01
1645369451394,0.01
1645371251291,0.0
1645373051486,0.0
1645374851516,0.0
1645376651419,0.0
1645378451575,0.0
1645380251524,0.0
1645382051605,0.0
1645383851603,0.0
1645385651835,0.0
1645387451649,0.0
1645389251732,0.0
1645391051668,0.0
1645392851726,0.0
1645394651617,0.0
1645396451845,0.0
1645398251929,0.0
1645400051722,0.0
1645401851820,0.0
1645403651749,0.0
1645405451859,0.0
1645407251842,0.0
1645409051965,0.0
1645410851855,0.0
1645412652025,0.0
1645414452071,0.0
1645416252011,0.0
1645418052066,0.0
1645419852157,0.0
1645421652079,0.0
1645423452247,0.0
1645425252108,0.01
1645427052234,0.01
1645428852249,0.03
1645430652439,0.03
1645432452184,0.04
1645434252276,0.04
1645436052250,0.11
1645437852479,0.11
1645439652271,0.11
1645441452393,0.11
1645443252325,0.11
1645445052520,0.11
1645446852376,0.09
1645448652543,0.09
1645450452381,0.06
1645452252527,0.06
1645454052510,0.03
1645455852705,0.03
1645457652553,0.0
1645459452774,0.0
1645461252647,0.0
1645463052688,0.0
1645464852526,0.0
1645466652608,0.0
1645468452691,0.0
1645470252735,0.0
1645472052716,0.0
1645473852807,0.0
1645475652750,0.0
1645477452804,0.0
1645479252738,0.0
1645481052863,0.0
1645482852758,0.0
1645484653031,0.0
1645486452893,0.0
1645488252856,0.0
1645490052840,0.0
1645491852845,0.0
1645493652920,0.0
1645495452961,0.0
1645497252863,0.0
1645499053038,0.0
1645500852984,0.0
1645502653040,0.0
1645504452989,0.0
1645506252939,0.0
1645508053091,0.0
1645509853032,0.0
1645511652924,0.04
1645513453145,0.04
1645515253034,0.06
1645517053033,0.06
1645518853086,0.09
1645520653212,0.09
1645522453124,0.11
1645524253120,0.11
1645526053043,0.11
1645527853243,0.11
1645529653154,0.1
1645531453203,0.1
1645533253229,0.0
1645535053191,0.0
1645536853220,0.02
1645538653187,0.02
1645540453212,0.01
1645542253187,0.01
1645544053210,0.0
1645545853333,0.0
1645547653247,0.0
1645549453275,0.0
1645551253212,0.0
1645553053295,0.0
1645554853342,0.0
1645556653353,0.0
1645558453247,0.0
1645560253434,0.0
1645562053329,0.0
1645563853337,0.0
1645565653350,0.0
1645567453401,0.0
1645569253382,0.0
1645571053308,0.0
1645572853279,0.0
1645574653281,0.0
1645576453387,0.0
1645578253402,0.0
1645580053431,0.0
1645581853384,0.0
1645583653410,0.0
1645585453575,0.0
1645587253481,0.0
1645589053446,0.0
1645590853317,0.0
1645592653591,0.0
1645594453389,0.0
1645596253475,0.0
1645598053438,0.04
1645599853402,0.04
1645601653445,0.06
1645603453426,0.06
1645605253391,0.07
1645607053554,0.07
1645608853512,0.09
1645610653745,0.09
1645612453696,0.1
1645614253518,0.1
1645616053457,0.1
1645617853513,0.1
1645619653380,0.09
1645621453395,0.09
1645623253468,0.07
1645625053666,0.07
1645626853508,0.03
1645628653444,0.03
1645630453485,0.01
1645632253566,0.01
1645634053444,0.0
1645635853585,0.0
1645637653587,0.0
1645639453783,0.0
1645641253748,0.0
1645643053905,0.0
1645644853896,0.0
1645646654050,0.0
1645648453952,0.0
1645650254029,0.0
1645652053925,0.0
1645653854040,0.0
1645655654051,0.0
1645657454348,0.0
1645659254220,0.0
1645661054358,0.0
1645662854325,0.0
1645664654388,0.0
1645666454424,0.0
1645668254423,0.0
1645670054512,0.0
1645671854559,0.0
1645673654543,0.0
1645675454743,0.0
1645677254757,0.0
1645679054798,0.0
1645680854699,0.0
1645682654834,0.0
1645684454739,0.01
1645686254870,0.01
1645688054852,0.04
1645689854991,0.04
1645691654881,0.01
1645693455276,0.01
1645695255167,0.04
1645697055108,0.04
1645698855113,0.01
1645700655318,0.01
1645702455279,0.0
1645704255195,0.0
1645706055172,0.0
1645707855384,0.0
1645709655418,0.02
1645711455504,0.02
1645713255384,0.01
1645715055436,0.01
1645716855461,0.0
1645718655696,0.0
1645720455660,0.0
1645722255623,0.0
1645724055636,0.0
1645725855890,0.0
1645727655707,0.0
1645729456134,0.0
1645731255912,0.0
1645733055918,0.0
1645734855956,0.0
1645736656158,0.0
1645738456084,0.0
1645740256216,0.0
1645742056004,0.0
1645743856213,0.0
1645745656106,0.0
1645747456177,0.0
1645749256272,0.0
1645751056278,0.0
1645752856338,0.0
1645754656510,0.0
1645756456470,0.0
1645758256458,0.0
1645760056463,0.0
1645761856566,0.0
1645763656491,0.0
1645765456555,0.0
1645767256625,0.0
1645769056564,0.0
1645770856742,0.03
1645772656733,0.03
1645774456628,0.06
1645776256860,0.06
1645778056823,0.09
1645779856892,0.09
1645781656827,0.09
1645783456922,0.09
1645785256947,0.1
1645787056995,0.1
1645788856897,0.09
1645790656938,0.09
1645792457013,0.08
1645794257018,0.08
1645796056997,0.04
1645797857074,0.04
1645799657140,0.03
1645801457117,0.03
1645803257148,0.01
1645805057363,0.01
1645806857082,0.0
1645808657388,0.0
1645810457213,0.0
1645812257385,0.0
1645814057353,0.0
1645815857291,0.0
1645817657433,0.0
1645819457422,0.0
1645821257375,0.0
1645823057520,0.0
1645824857536,0.0
1645826657667,0.0
1645828457492,0.0
1645830257565,0.0
1645832057646,0.0
1645833857681,0.0
1645835657721,0.0
1645837457719,0.0
1645839257742,0.0
1645841057799,0.0
1645842857700,0.0
1645844657676,0.0
1645846457869,0.0
1645848257964,0.0
1645850057914,0.0
1645851857842,0.0
1645853657895,0.01
1645855457991,0.01
1645857257977,0.03
1645859058035,0.03
1645860858018,0.04
1645862658062,0.04
1645864458036,0.05
1645866258052,0.05
1645868057962,0.06
1645869858175,0.06
1645871658078,0.05
1645873458022,0.05
1645875258053,0.06
1645877058158,0.06
1645878858267,0.07
1645880658339,0.07
1645882458210,0.06
1645884258280,0.06
1645886058339,0.03
1645887858352,0.03
1645889658325,0.01
1645891458488,0.01
1645893258265,0.0
1645895058376,0.0
1645896858388,0.0
1645898658477,0.0
1645900458404,0.0
1645902258381,0.0
1645904058528,0.0
1645905858576,0.0
1645907658419,0.0
1645909458684,0.0
1645911258612,0.0
1645913058623,0.0
1645914858522,0.0
1645916658797,0.0
1645918458672,0.0
1645920258648,0.0
1645922058673,0.0
1645923858766,0.0
1645925658647,0.0
1645927458786,0.0
1645929258753,0.0
1645931058742,0.0
1645932858782,0.0
1645934658850,0.0
1645936458837,0.0
1645938258904,0.0
1645940058838,0.01
1645941858855,0.01
1645943658985,0.03
1645945458978,0.03
1645947258971,0.04
1645949058967,0.04
1645950858846,0.07
1645952658960,0.07
1645954458941,0.06
1645956258914,0.06
1645958058906,0.05
1645959859056,0.05
1645963459103,0.06
1645965259100,0.07
1645967060073,0.07
1645968859004,0.07
1645970659098,0.07
1645972458987,0.03
1645974259038,0.03
1645976059097,0.01
1645977859133,0.01
1645979659079,0.0
1645981459155,0.0
1645983259223,0.0
1645985059261,0.0
1645986859148,0.0
1645988659118,0.0
1645990459328,0.0
1645992259261,0.0
1645994059135,0.0
1645995859217,0.0
1645997659320,0.0
1645999459292,0.0
1646001259256,0.0
1646003059563,0.0
1646004859168,0.0
1646006659261,0.0
1646008459234,0.0
1646010259447,0.0
1646012059305,0.0
1646013859359,0.0
1646015659240,0.0
1646017459391,0.0
1646019259240,0.0
1646021059367,0.0
1646022859277,0.0
1646024659481,0.0
1646026459422,0.01
1646028259520,0.01
1646030059457,0.03
1646031859447,0.03
1646033659415,0.06
1646035459560,0.06
1646037259347,0.07
1646039059541,0.07
1646040859396,0.06
1646042659544,0.06
1646044459560,0.09
1646046259597,0.09
1646048059537,0.06
1646049859629,0.06
1646051659436,0.07
1646053459601,0.07
1646055259520,0.06
1646057059607,0.06
1646058859561,0.03
1646060659642,0.03
1646062459483,0.01
1646064259670,0.01
1646066059477,0.0
1646067859625,0.0
1646069659448,0.0
1646071459647,0.0
1646073259645,0.0
1646075059716,0.0
1646076860064,0.0
1646078659666,0.0
1646080459601,0.0
1646082259584,0.0
1646084059618,0.0
1646085859759,0.0
1646087659713,0.0
1646089459851,0.0
1646091260448,0.0
1646093060103,0.0
1646094859987,0.0
1646096659961,0.0
1646098459950,0.0
1646100260141,0.0
1646102060091,0.0
1646103860105,0.0
1646105660267,0.0
1646107460262,0.0
1646109260317,0.0
1646111060356,0.0
1646112860430,0.0
1646114660450,0.0
1646116460455,0.01
1646118260571,0.01
1646120060684,0.0
1646121860683,0.0
1646123661911,0.0
1646125460828,0.0
1646127260717,0.0
1646129060869,0.0
1646130860933,0.02
1646132660883,0.02
1646134460893,0.01
1646136261152,0.02
1646138060956,0.1
1646139861083,0.1
1646141661131,0.08
1646143461311,0.08
1646145261217,0.03
1646147061357,0.03
1646148861304,0.01
1646150661340,0.01
1646152462731,0.0
1646154261383,0.0
1646156061359,0.0
1646157861452,0.0
1646159661464,0.0
1646161461567,0.0
1646163261612,0.0
1646165061674,0.0
1646166861556,0.0
1646168661788,0.0
1646170461665,0.0
1646172261898,0.0
1646174061699,0.0
1646175861877,0.0
1646177661945,0.0
1646179461977,0.0
1646181262041,0.0
1646183062122,0.0
1646184862071,0.0
1646186662195,0.0
1646188462203,0.0
1646190262272,0.0
1646192062144,0.0
1646193862306,0.0
1646195662338,0.0
1646197462368,0.0
1646199262419,0.01
1646201062384,0.01
1646202862531,0.03
1646204662422,0.03
1646206462482,0.08
1646208262573,0.08
1646210062603,0.09
1646211862679,0.09
1646213662596,0.07
1646215463174,0.07
1646217262739,0.09
1646219062671,0.1
1646220862876,0.05
1646222662836,0.05
1646224462860,0.07
1646226262851,0.07
1646228063023,0.05
1646229863045,0.05
1646231662989,0.03
1646233463100,0.03
1646235262978,0.02
1646237063177,0.02
1646238863148,0.0
1646240663255,0.0
1646242463145,0.0
1646244264329,0.0
1646246063363,0.0
1646247863401,0.0
1646249663374,0.0
1646251463356,0.0
1646253263385,0.0
1646255063494,0.0
1646256863542,0.0
1646258663563,0.0
1646260463584,0.0
1646262263764,0.0
1646264063647,0.0
1646265863701,0.0
1646267663675,0.0
1646269463765,0.0
1646271263686,0.0
1646273063817,0.0
1646274863870,0.0
1646276663878,0.0
1646278463773,0.0
1646280263854,0.0
1646282063959,0.0
1646283864101,0.0
1646285663978,0.01
1646287463952,0.01
1646289263964,0.04
1646291064197,0.04
1646292864063,0.08
1646294664099,0.08
