1639054800000,1.4
1639058400000,1.4
1639058400000,1.6
1639062000000,1.4
1639062000000,1.5
1639065600000,1.1
1639065600000,1
1639069200000,1.3
1639069200000,1.3
1639072800000,1.1
1639072800000,1.5
1639076400000,1.6
1639076400000,1.8
1639080000000,1.6
1639080000000,1.6
1639083600000,1.5
1639083600000,1.5
1639087200000,1.5
1639087200000,1.5
1639090800000,1.2
1639090800000,1.3
1639094400000,1.2
1639094400000,1.2
1639098000000,0.9
1639098000000,0.9
1639101600000,0.8
1639101600000,0.8
1639105200000,1.3
1639105200000,1.3
1639108800000,1.4
1639108800000,1.4
1639112400000,1.4
1639112400000,1.4
1639116000000,1.5
1639116000000,1.5
1639119600000,1.5
1639119600000,1.5
1639123200000,1.4
1639123200000,1.4
1639126800000,1.5
1639126800000,1.5
1639129290470,1.7
1639131090548,1.7
1639132890567,1.7
1639134690731,1.7
1639136490837,1.5
1639138290733,1.6
1639140090687,1.8
1639141890746,1.8
1639143690768,1.8
1639145490889,1.8
1639147290846,1.6
1639149090942,1.6
1639150890841,1.4
1639152691134,1.4
1639154490943,1.3
1639156291038,1.3
1639158090986,1.3
1639159891186,1.3
1639161691037,1.3
1639163491105,1.3
1639165291161,1.0
1639167091313,1.0
1639168891245,0.9
1639170691396,0.9
1639172491307,0.9
1639174291487,0.7
1639176091426,0.6
1639177891553,0.6
1639179691621,0.7
1639181491625,0.7
1639183291502,0.7
1639185091699,0.7
1639186891579,0.7
1639188691616,0.7
1639190491748,0.8
1639192291787,0.8
1639194091782,0.9
1639195891823,0.9
1639197691811,1.0
1639199491893,1.0
1639201291984,1.2
1639203092047,1.0
1639204891968,1.3
1639206691965,0.8
1639208492033,1.1
1639210292173,1.1
1639212092084,0.8
1639213892195,0.7
1639215692275,0.9
1639217492276,0.7
1639219292269,1.0
1639221092278,1.0
1639222892357,2.2
1639224692328,2.2
1639226492391,1.8
1639228292467,1.8
1639230092501,0.9
1639231892467,0.9
1639233692408,0.5
1639235492516,0.2
1639237292461,0.0
1639239092600,0.0
1639240892478,0.1
1639242692639,0.1
1639244492650,1.8
1639246292677,1.6
1639248092620,1.4
1639249892771,1.4
1639251692789,0.3
1639253492748,0.3
1639255292657,-0.1
1639257092830,-0.1
1639258892839,0.0
1639260692789,0.0
1639262492831,0.9
1639264292909,0.9
1639266092990,1.7
1639267892985,0.8
1639269692987,0.7
1639271492998,0.7
1639273292939,0.4
1639275093127,0.4
1639276893009,0.7
1639278693050,0.7
1639280493138,1.1
1639282293174,1.1
1639284093187,1.3
1639285893167,1.3
1639287693100,1.5
1639289493342,1.5
1639291293344,1.6
1639293093376,1.4
1639294893307,1.6
1639296693340,1.6
1639298493436,1.9
1639300293429,1.9
1639302093392,2.2
1639303893457,2.2
1639305693483,2.3
1639307493525,2.3
1639309293362,2.6
1639311093552,2.6
1639312893485,2.9
1639314693615,2.9
1639316493523,3.2
1639318293667,3.2
1639320093609,3.4
1639321893594,3.4
1639323693546,3.5
1639325493782,3.3
1639327293674,3.3
1639329093755,3.3
1639330893616,3.3
1639334493709,3.3
1639336293797,3.3
1639338093699,3.2
1639339893796,3.2
1639341693821,3.5
1639343493847,3.5
1639345293812,3.3
1639347093844,3.3
1639348893867,3.1
1639350693914,3.1
1639352493911,3.0
1639354293981,3.0
1639356093974,3.3
1639357894047,3.3
1639359693909,3.2
1639361494015,3.2
1639363293971,3.6
1639365094063,3.6
1639366894150,3.7
1639368694001,3.7
1639370494034,4.1
1639372294131,4.1
1639374094025,4.0
1639375894109,4.0
1639377694122,4.0
1639379494109,4.0
1639381294042,4.3
1639383094088,4.3
1639384894179,4.5
1639386694348,4.5
1639388494087,5.1
1639390294215,5.1
1639392094091,5.6
1639393894255,5.6
1639395694252,6.6
1639397494305,6.6
1639399294284,7.2
1639401094310,7.2
1639402894241,8.0
1639404694258,8.0
1639406494210,8.5
1639408294302,8.5
1639410094243,8.2
1639411894318,8.2
1639413694413,7.9
1639415494330,7.9
1639417294320,7.7
1639419094395,8.0
1639420894326,8.0
1639422694343,8.0
1639424494352,7.8
1639426294322,7.8
1639428094288,7.2
1639429894347,7.2
1639431694422,7.0
1639433494337,7.1
1639435294471,7.0
1639437094497,6.8
1639438894512,6.8
1639440694497,6.8
1639442494453,7.0
1639444294505,7.0
1639446094478,7.0
1639447894430,7.0
1639449694387,6.8
1639451494492,6.4
1639453294476,5.9
1639455094478,5.6
1639456894528,5.6
1639458694640,5.7
1639460494577,5.8
1639462294611,5.5
1639464094478,5.1
1639465894498,4.8
1639467694569,4.9
1639469494563,3.7
1639471294568,3.6
1639473094588,3.9
1639474894776,4.6
1639476694605,4.9
1639478494555,5.6
1639480294977,5.6
1639482094762,6.2
1639483894856,6.2
1639485694489,6.1
1639487494610,6.1
1639489294549,6.3
1639491094604,6.3
1639492894565,6.0
1639494694591,6.0
1639496494646,5.9
1639498294735,5.9
1639500094713,5.6
1639501894866,5.6
1639503694802,5.6
1639505494966,5.5
1639507294907,5.7
1639509094899,6.0
1639510895000,6.4
1639512695123,6.7
1639514495042,6.9
1639516295205,6.9
1639518095223,7.1
1639519895347,7.1
1639521695310,7.4
1639523495447,7.4
1639525295403,7.8
1639527095412,7.8
1639528895525,7.9
1639530695535,7.9
1639532495675,7.9
1639534295686,7.9
1639536095782,7.7
1639537895846,7.7
1639539695793,7.6
1639541495938,7.6
1639543295819,7.7
1639545096027,7.9
1639546896030,8.1
1639548696066,8.1
1639550496103,8.3
1639552296074,8.3
1639554096102,8.3
1639555896303,8.3
1639557696144,8.5
1639559496277,8.5
1639561296266,8.5
1639563096376,8.5
1639564896467,8.7
1639566696587,8.7
1639568496551,9.0
1639570296729,9.0
1639572096632,9.0
1639573896878,9.0
1639575696598,9.0
1639577496822,8.9
1639579296785,8.9
1639581096825,8.9
1639582896811,8.8
1639584696952,8.8
1639586496934,8.7
1639588296992,8.7
1639590097064,8.6
1639591897080,8.6
1639593697092,8.4
1639595497197,8.4
1639597297132,8.4
1639599097137,8.4
1639600897254,8.5
1639602697306,8.5
1639604497305,8.5
1639606297434,8.5
1639608097476,8.5
1639609897527,8.5
1639611697464,7.9
1639613497589,7.9
1639615297522,7.0
1639617097637,7.0
1639618897682,6.0
1639620697616,6.0
1639622497749,5.8
1639624297842,5.8
1639626097824,6.0
1639627897828,6.0
1639629697903,7.0
1639631497993,7.0
1639633297967,7.0
1639635098125,7.0
1639636898076,6.4
1639638698685,6.4
1639640497988,5.8
1639642298587,5.8
1639644099602,5.9
1639645898276,5.9
1639647698289,6.9
1639649498320,6.9
1639651298319,8.0
1639653098310,8.0
1639654898457,8.4
1639656698511,8.2
1639658498396,8.0
1639660298427,8.0
1639662098546,7.3
1639663898584,7.3
1639665698471,6.8
1639667498827,6.8
1639669298616,6.7
1639671098615,6.7
1639672898614,6.7
1639674698652,6.7
1639676498610,6.5
1639678298682,6.4
1639680098757,6.4
1639681898813,6.3
1639683698794,6.2
1639685498766,6.2
1639687298868,6.1
1639689098806,6.1
1639690898781,6.0
1639692698812,6.1
1639694498932,5.7
1639696298943,5.7
1639698099029,5.6
1639699899052,5.6
1639701699000,5.7
1639703498996,5.7
1639705299084,6.0
1639707099049,6.0
1639708899006,6.0
1639710699062,5.9
1639712499098,5.9
1639714299137,5.8
1639716099121,5.7
1639717899198,5.7
1639719699265,5.8
1639721499307,5.5
1639723299347,5.6
1639725099349,5.5
1639726899176,5.5
1639728699179,5.5
1639730499232,5.8
1639732299375,5.8
1639734099151,5.6
1639735899372,5.6
1639737699307,6.3
1639739499370,7.0
1639741299377,8.2
1639743099420,8.2
1639744899462,8.4
1639746699537,8.4
1639748499397,7.2
1639750299617,7.2
1639752099482,6.3
1639753899502,6.3
1639755699559,5.7
1639757499578,5.9
1639759299524,5.9
1639761099674,6.7
1639762899628,6.4
1639764699628,6.7
1639766499696,6.5
1639768299715,6.2
1639770099596,6.7
1639771899720,7.1
1639773699779,5.7
1639775499743,5.3
1639777299784,4.6
1639779099825,3.7
1639780899829,3.9
1639782699815,5.4
1639784499834,5.1
1639786299927,5.1
1639788099790,5.2
1639789899860,5.2
1639791699856,5.8
1639793499898,5.8
1639795299921,5.6
1639797099989,5.6
1639798899974,6.1
1639800699898,6.3
1639802499878,6.8
1639804300061,6.8
1639806099974,6.0
1639807900048,6.0
1639809700043,5.2
1639811500028,5.2
1639813299989,5.4
1639815100099,5.4
1639816900039,5.8
1639818700165,5.8
1639820501057,6.9
1639822301714,6.9
1639824101132,7.7
1639825901162,7.7
1639827701516,7.8
1639829500936,7.5
1639831301364,7.4
1639833101308,7.4
1639834901247,7.0
1639836701245,7.0
1639838501305,6.5
1639840301040,6.5
1639842101268,6.5
1639843901663,6.5
1639845701580,6.8
1639847501802,6.8
1639849301151,6.7
1639851101490,6.7
1639852901709,6.6
1639854701439,6.6
1639856501549,6.9
1639858301157,6.9
1639860101270,6.9
1639861901387,7.0
1639863701679,7.0
1639865501439,7.0
1639867301746,6.9
1639869101164,6.9
1639870900458,6.6
1639872701140,6.6
1639874500960,6.5
1639876300497,6.5
1639878101402,6.5
1639879901500,6.5
1639881700987,6.5
1639883501213,6.5
1639885301475,6.6
1639887100822,6.5
1639888901040,6.8
1639890700596,6.6
1639892500555,6.6
1639894301658,6.6
1639896101579,6.5
1639897901544,6.4
1639899701513,6.5
1639901500657,6.8
1639903300497,6.7
1639905100696,6.7
1639906900732,6.6
1639908700522,6.6
1639910500688,6.3
1639912300522,6.5
1639914100538,6.8
1639915900665,6.8
1639917700646,6.2
1639919500608,6.2
1639921300665,4.9
1639923100623,4.9
1639924900627,3.9
1639926700916,3.9
1639928500715,3.4
1639930300557,3.5
1639932100787,2.7
1639933900690,2.7
1639935700686,2.2
1639937500709,2.2
1639939300722,2.0
1639941100624,2.0
1639942900683,2.0
1639944700713,2.0
1639946500650,2.1
1639948300596,2.1
1639950100588,2.1
1639951900687,2.1
1639953700784,1.7
1639955500743,1.7
1639957300783,1.3
1639959100841,1.3
1639960901020,1.4
1639962700935,1.8
1639964501026,1.8
1639966301020,1.8
1639968101104,1.8
1639969901228,1.7
1639971701188,1.5
1639973501369,1.6
1639975301250,1.6
1639977101235,1.6
1639978901317,1.5
1639980701460,1.5
1639982501355,1.4
1639984301512,1.4
1639986101603,0.7
1639987901563,0.7
1639989701551,1.3
1639991501532,1.1
1639993301618,2.2
1639995101745,2.2
1639996901767,3.1
1639998701731,2.6
1640000501818,3.3
1640002302020,3.2
1640004102213,3.3
1640005901914,3.2
1640007702075,2.7
1640009502190,2.6
1640011302034,1.9
1640013102291,1.9
1640014902219,1.4
1640016702286,1.4
1640018502194,1.4
1640020302392,1.4
1640022102412,0.8
1640023902526,0.8
1640025702467,0.6
1640027502371,0.6
1640029302509,0.0
1640031102612,0.0
1640032902528,-0.2
1640034702625,-0.4
1640036502563,-0.7
1640038302655,-0.9
1640040102623,-1.1
1640041902814,-1.5
1640043702804,-2.0
1640045502886,-2.0
1640047302864,-2.0
1640049102973,-1.9
1640050902866,-2.0
1640052703105,-2.0
1640054503096,-1.5
1640056303075,-1.5
1640058102987,-1.6
1640059903130,-1.7
1640061703080,-0.3
1640063503194,-0.3
1640065303187,0.9
1640067103315,0.9
1640068903192,0.4
1640070703406,0.4
1640072503278,0.3
1640074303485,-1.2
1640076103460,-0.7
1640077903495,-0.5
1640079703488,0.3
1640081503669,0.3
1640083303573,0.3
1640085103711,0.3
1640086903535,0.9
1640088703758,0.9
1640090503713,1.1
1640092303769,1.1
1640094103768,1.1
1640095903826,1.1
1640097703842,1.1
1640099503921,1.1
1640101303861,0.4
1640103103890,0.5
1640104903905,-0.5
1640106704039,-0.8
1640108504053,-1.0
1640110304011,-1.0
1640112104167,-0.6
1640113904135,-0.6
1640115704130,-0.4
1640117504272,-0.4
1640119304162,-0.7
1640121104252,-0.7
1640122904279,-0.7
1640124704514,0.0
1640126504357,0.2
1640128304273,0.6
1640130104371,0.8
1640131904421,0.6
1640133704369,0.8
1640135504569,1.0
1640137304435,0.8
1640139104633,0.8
1640140904539,1.2
1640142704636,1.2
1640144504637,1.4
1640146304666,1.0
1640148104545,1.2
1640149904711,1.8
1640151704594,1.5
1640153504758,1.5
1640155304836,1.2
1640157104800,1.2
1640158904826,1.3
1640160704857,1.3
1640162504912,1.3
1640164304925,1.1
1640166104922,1.4
1640167904964,1.4
1640169704870,1.7
1640171504926,1.7
1640173305012,1.7
1640175105041,1.7
1640176905080,1.5
1640178705219,1.6
1640180505030,1.4
1640182305220,1.9
1640184105158,1.9
1640185905089,1.9
1640187705240,2.2
1640189505321,2.2
1640191305241,2.1
1640193105297,2.1
1640194905255,2.0
1640196705298,2.0
1640198505327,1.9
1640200305377,1.9
1640202105525,2.1
1640203905384,2.1
1640205705371,2.5
1640207505325,2.8
1640209305339,3.1
1640211105532,3.2
1640212905392,3.2
1640214705504,2.6
1640216505495,1.6
1640218305516,1.6
1640220105633,1.9
1640221905639,1.9
1640223705611,2.3
1640225505632,2.9
1640227305635,2.9
1640229105633,2.9
1640230905679,2.3
1640232705908,2.3
1640234505730,1.9
1640236305824,1.9
1640238105822,1.7
1640239905714,1.8
1640241705792,1.6
1640243505789,1.6
1640245305773,1.3
1640247105831,1.2
1640248905780,1.1
1640250705959,1.1
1640252505921,1.0
1640254305928,1.0
1640256105950,1.0
1640257905982,1.0
1640259706009,1.0
1640261505985,1.0
1640263306034,1.1
1640265106021,1.1
1640266905975,1.1
1640268705997,1.3
1640270506036,1.1
1640272306152,1.2
1640274105947,1.0
1640275906083,1.0
1640277706090,0.8
1640279506061,0.8
1640281306123,0.8
1640283106079,0.8
1640284906129,0.1
1640286706256,0.1
1640288506197,-0.4
1640290306273,-0.4
1640292106152,0.7
1640293906211,0.7
1640295706345,0.9
1640297506223,0.9
1640299306149,0.2
1640301106304,0.2
1640302906277,0.6
1640304706533,0.5
1640306506336,1.0
1640308306379,1.2
1640310106355,1.7
1640311906378,1.6
1640313706286,1.1
1640315506300,1.1
1640317306291,1.0
1640319106435,1.0
1640320906331,0.5
1640322706405,0.5
1640324506398,-0.2
1640326306339,-0.2
1640328106524,-0.7
1640329906590,-0.7
1640331706431,-0.9
1640333506525,-0.9
1640335306445,-1.3
1640337106443,-1.3
1640338906486,-1.5
1640340706536,-1.5
1640342506501,-2.0
1640344306614,-2.0
1640346106583,-2.7
1640347906566,-2.7
1640349706424,-2.9
1640351506501,-3.3
1640353306586,-3.1
1640355106598,-3.1
1640356906598,-3.7
1640358706676,-3.7
1640360506581,-4.0
1640362306654,-4.0
1640364106622,-3.9
1640365906652,-3.9
1640367706594,-4.2
1640369506629,-4.2
1640371306643,-4.5
1640373106655,-4.6
1640374906633,-4.8
1640376706691,-4.8
1640378506638,-5.1
1640380306720,-5.1
1640382106516,-5.0
1640383906689,-5.0
1640385706552,-5.4
1640387506665,-5.4
1640389306619,-5.1
1640391106681,-5.1
1640392906571,-3.9
1640394706618,-3.9
1640396506651,-4.0
1640398306677,-4.0
1640400106725,-3.6
1640401906666,-3.6
1640403706672,-3.7
1640405506828,-3.5
1640407306601,-3.8
1640409106638,-4.1
1640410906766,-4.2
1640412706747,-4.7
1640414506782,-5.3
1640416306979,-5.4
1640418106848,-6.2
1640419906973,-6.3
1640421706950,-5.8
1640423507074,-5.1
1640425307040,-3.0
1640427107084,-3.0
1640428907230,-0.8
1640430707256,-0.8
1640432507205,-0.4
1640434307386,-0.4
1640436107917,-0.3
1640437907383,-0.3
1640439707407,-1.3
1640441507591,-1.1
1640443307562,-2.3
1640445107645,-2.3
1640446907675,-3.2
1640448707743,-2.8
1640450507774,-3.1
1640452307844,-3.1
1640454107839,-3.2
1640455907936,-3.2
1640457708002,-3.1
1640459507962,-3.1
1640461307968,-3.2
1640463108069,-2.9
1640464908159,-3.2
1640466708289,-3.2
1640468508358,-3.4
1640470308385,-3.4
1640472108277,-3.8
1640473908453,-3.8
1640475708428,-4.2
1640477508426,-4.2
1640479308626,-4.5
1640481108596,-4.5
1640482908750,-4.6
1640484708714,-4.6
1640486508703,-4.8
1640488308617,-4.8
1640490108846,-5.4
1640491908948,-5.4
1640493708913,-5.7
1640495509045,-5.7
1640497308928,-5.7
1640499108952,-5.7
1640500908925,-6.0
1640502709069,-6.0
1640504509043,-5.9
1640506309102,-6.1
1640508109112,-5.6
1640509909088,-5.6
1640511709198,-4.0
1640513509245,-4.4
1640515309160,-2.7
1640517109237,-2.7
1640518909302,-1.9
1640520709404,-1.9
1640522509351,-1.4
1640524309493,-1.4
1640526109421,-1.5
1640527909521,-1.5
1640529709522,-2.9
1640531509518,-3.2
1640533309567,-4.3
1640535109719,-4.1
1640536909734,-4.9
1640538709707,-4.3
1640540509712,-4.0
1640542309867,-4.0
1640544109755,-4.1
1640545909835,-4.1
1640547709957,-4.3
1640549509910,-4.3
1640551309913,-4.7
1640553109938,-4.8
1640554910043,-5.2
1640556710103,-5.4
1640558510096,-5.5
1640560310097,-5.6
1640562110127,-5.5
1640563910150,-5.6
1640565710099,-6.0
1640567510303,-5.8
1640569310319,-6.2
1640571110293,-6.2
1640572910395,-6.2
1640574710400,-6.2
1640576510406,-5.2
1640578310521,-5.7
1640580110529,-5.4
1640581910471,-5.4
1640583710636,-4.7
1640585510509,-5.0
1640587310566,-3.7
1640589110689,-3.6
1640590910655,-2.6
1640592710696,-2.8
1640594510639,-2.7
1640596310698,-2.7
1640598110629,-1.7
1640599910761,-1.7
1640601710789,-1.0
1640603510821,-1.0
1640605310894,-0.7
1640607110877,-0.7
1640608910817,-0.5
1640610710941,-0.5
1640612510942,-0.5
1640614311080,-0.5
1640616111010,-0.5
1640617910995,-0.5
1640619711037,0.1
1640621511133,0.1
1640623311170,0.5
1640625111112,0.5
1640626911171,0.5
1640628711283,0.5
1640630511246,0.7
1640632311172,0.6
1640634111318,0.7
1640635911291,0.7
1640637711349,0.5
1640639511338,0.5
1640641311354,0.4
1640643111448,0.5
1640644911328,0.3
1640646711473,0.5
1640648511405,0.5
1640650311544,0.6
1640652111421,0.4
1640653911534,0.4
1640655711629,0.4
1640657511621,0.3
1640659311649,0.2
1640661111591,0.2
1640662911650,0.2
1640664711645,0.2
1640666511672,0.4
1640668311643,0.4
1640670111783,0.6
1640671911672,0.6
1640673711789,0.7
1640675511762,0.7
1640677311844,0.7
1640679111762,0.7
1640680911903,0.7
1640682711925,0.7
1640684511893,0.8
1640686311885,0.8
1640688111975,1.0
1640689911893,1.0
1640691711954,1.0
1640693511941,1.0
1640695311923,1.0
1640697111929,1.0
1640698912035,0.9
1640700712018,0.9
1640702512122,1.0
1640704312135,1.0
1640706112091,1.0
1640707912091,1.0
1640709712135,1.1
1640711512144,1.1
1640713312119,1.1
1640715112147,1.1
1640716912157,1.2
1640718712300,1.1
1640720512287,1.3
1640722312245,1.3
1640724112242,1.3
1640725912299,1.3
1640727712262,1.3
1640729512322,1.2
1640731312304,1.3
1640733112361,1.1
1640734912329,1.2
1640736712348,1.3
1640738512381,1.4
1640740312380,1.4
1640742112396,1.5
1640743912411,1.5
1640745712476,1.3
1640747512526,1.3
1640749312418,1.2
1640751112499,1.4
1640752912581,1.7
1640754712527,1.7
1640756512607,1.8
1640758312506,1.8
1640760112537,1.9
1640761912611,1.9
1640763712626,1.8
1640765512663,1.8
1640767312550,1.7
1640769112666,1.7
1640770912537,1.8
1640772712715,1.8
1640774512720,2.1
1640776312621,2.1
1640778112701,2.2
1640779912748,2.2
1640781712580,2.2
1640783512724,2.2
1640785312687,2.1
1640787112599,2.1
1640788912916,1.8
1640790712802,1.8
1640792512752,1.8
1640794312765,2.0
1640796112726,1.9
1640797912671,1.9
1640799712799,1.7
1640801512785,1.7
1640803312804,1.7
1640805112741,1.7
1640806912800,1.9
1640808712841,1.9
1640810512708,2.1
1640812312880,2.1
1640814112823,2.2
1640815912904,2.1
1640817712844,2.3
1640819512781,2.2
1640821312871,2.5
1640823112872,2.5
1640824912900,2.7
1640826712871,2.7
1640828512862,3.0
1640830313124,3.0
1640832112863,3.4
1640833912951,3.4
1640835712799,4.3
1640837512920,4.3
1640839312929,5.3
1640841113021,5.3
1640842912820,6.4
1640844712847,6.4
1640846512846,7.3
1640848312991,7.3
1640850112869,7.4
1640851912848,7.4
1640853712977,6.6
1640855512880,6.6
1640857312808,6.8
1640859112970,6.8
1640860912928,7.0
1640862712943,7.1
1640864512981,7.6
1640866312906,7.5
1640868112969,7.9
1640869913039,7.8
1640871713114,7.5
1640873513169,7.5
1640875313217,7.9
1640877113365,7.9
1640878913280,8.7
1640880713461,8.7
1640882513277,8.6
1640884313391,8.3
1640886113470,8.6
1640887913604,8.6
1640889713564,8.6
1640891513566,8.8
1640893313580,8.9
1640895113724,8.9
1640896913707,8.6
1640898713887,8.6
1640900513717,8.2
1640902313861,8.2
1640904113807,7.9
1640905913838,7.9
1640907713949,7.7
1640909513997,7.7
1640911314092,7.7
1640913114032,7.7
1640914914138,8.2
1640916714162,8.2
1640918514128,8.1
1640920314296,8.1
1640922114280,8.0
1640923914262,8.0
1640925714413,7.8
1640927514404,7.8
1640929314461,7.8
1640931114581,7.8
1640932914484,7.7
1640934714676,7.7
1640936514649,7.8
1640938314557,7.8
1640940114689,8.0
1640941914805,8.0
1640943714798,8.1
1640945514773,8.2
1640947314880,8.3
1640949114845,8.6
1640950914847,8.9
1640952714873,9.0
1640954514969,8.9
1640956315009,8.9
1640958115069,7.8
1640959915098,7.8
1640961715164,7.6
1640963515133,7.6
1640965315154,7.1
1640967115114,7.5
1640968915260,7.4
1640970715253,7.5
1640972515323,7.4
1640974315330,7.7
1640976115422,7.3
1640977915390,6.9
1640979715430,6.6
1640981515458,6.6
1640983315517,6.4
1640985115524,6.4
1640986915576,6.3
1640988715633,6.3
1640990515678,6.4
1640992315695,6.4
1640994115729,6.4
1640995915733,6.4
1640997715823,6.2
1640999515899,6.2
1641001315895,6.1
1641003115938,6.5
1641004915958,6.3
1641006716047,6.3
1641008515945,6.2
1641010315955,6.2
1641012116060,6.1
1641013916160,6.1
1641015716155,5.7
1641017516259,5.7
1641019316232,5.6
1641021116296,5.6
1641022916286,5.2
1641024716251,5.2
1641026516288,5.4
1641028316468,5.4
1641030116347,5.3
1641031916325,5.3
1641033716387,5.4
1641035516357,5.4
1641037316360,5.4
1641039116565,5.3
1641040916543,5.3
1641042716650,5.2
1641044516622,5.1
1641046316583,5.1
1641048116533,5.2
1641049916811,5.3
1641051716631,5.5
1641053516896,5.9
1641055316904,6.4
1641057116852,6.4
1641058916865,7.0
1641060716972,7.0
1641062516887,8.0
1641064316901,8.0
1641066116966,8.7
1641067916910,8.2
1641069716971,8.8
1641071517060,8.8
1641073317028,8.9
1641075117063,9.0
1641076917115,9.0
1641078717175,9.0
1641080517093,8.8
1641082317145,8.8
1641084117131,8.9
1641085917196,8.9
1641087717222,8.8
1641089517217,8.9
1641091317242,8.8
1641093117260,8.8
1641094917187,8.9
1641096717341,8.9
1641098517314,8.8
1641100317428,8.7
1641102117398,8.7
1641103917440,8.7
1641105717487,8.6
1641107517484,8.6
1641109317367,8.5
1641111117531,8.5
1641112917485,8.5
1641114717484,8.5
1641116517519,8.4
1641118317492,8.4
1641120117512,8.3
1641121917620,8.5
1641123717538,8.4
1641125517561,8.4
1641127317616,8.1
1641129117673,8.1
1641130917664,8.4
1641132717697,8.4
1641134517678,8.3
1641136317779,8.3
1641138117686,8.2
1641139917774,8.1
1641141717854,8.1
1641143517819,8.1
1641145317772,7.8
1641147117906,7.8
1641148917858,7.6
1641150717788,7.4
1641152518003,7.3
1641154317927,7.5
1641156117824,7.5
1641157917947,7.5
1641159717979,7.5
1641161517989,7.4
1641163317903,7.3
1641165117907,7.1
1641166918014,7.3
1641168718104,7.2
1641170518054,7.3
1641172317971,7.3
1641174117981,7.8
1641175918018,7.8
1641177718137,7.4
1641179518164,7.4
1641181318116,7.4
1641183118240,7.4
1641184918167,7.6
1641186718253,7.6
1641188518111,7.5
1641190318261,7.4
1641192118208,7.4
1641193918275,7.4
1641195718081,7.4
1641197518292,7.4
1641199318125,7.5
1641201118301,7.5
1641202918349,7.5
1641204718266,7.6
1641206518324,7.6
1641208318419,7.6
1641210118252,7.6
1641211918368,7.6
1641213718386,7.6
1641215518421,7.7
1641217318314,7.6
1641219118474,7.6
1641220918406,7.7
1641222718502,7.7
1641224519175,7.6
1641226318318,7.6
1641229918302,7.2
1641231718374,7.2
1641233518326,7.2
1641235318459,5.8
1641237118369,5.8
1641238918570,5.0
1641240718494,5.1
1641242518448,4.5
1641244318524,4.5
1641246118473,4.0
1641247918383,4.0
1641249718374,3.4
1641251518430,3.4
1641253318525,2.2
1641255118527,2.2
1641256918518,1.9
1641258718568,2.1
1641260518533,1.8
1641262318628,1.8
1641264118533,1.5
1641265918516,1.7
1641267718612,1.3
1641269518544,1.2
1641271318499,1.2
1641273118656,1.0
1641274918620,2.0
1641276718588,2.0
1641278518556,2.3
1641280318798,1.5
1641282118514,2.0
1641283918525,2.0
1641285718593,1.4
1641287518605,1.4
1641289318629,1.8
1641291118535,1.8
1641292918545,2.3
1641294718692,2.1
1641296518560,2.6
1641298318650,2.6
1641300118672,2.3
1641301918616,2.3
1641303718613,2.5
1641305518624,2.5
1641307318586,3.1
1641309118563,3.1
1641310918660,2.6
1641312718682,2.6
1641314518621,2.2
1641316318669,2.2
1641318118630,1.7
1641319918646,1.7
1641321718628,1.6
1641323518704,1.6
1641325318770,1.5
1641327118795,1.9
1641328918870,1.7
1641330718761,1.7
1641332518847,1.2
1641334318890,1.2
1641336118911,2.2
1641337918943,2.2
1641339719035,2.5
1641341519069,2.5
1641343318995,2.2
1641345119160,2.2
1641346919224,2.1
1641348719366,2.8
1641350519327,2.5
1641352319305,2.1
1641354119422,1.7
1641355919509,1.7
1641357719484,1.6
1641359519559,2.3
1641361319494,2.4
1641363120818,2.4
1641364921106,2.5
1641366721263,2.5
1641368519717,2.4
1641370319922,2.5
1641372119852,1.8
1641373919847,1.8
1641375719859,2.5
1641377519947,2.4
1641379319988,2.6
1641381120114,2.6
1641382920103,2.5
1641384720211,2.5
1641386520158,2.3
1641388320134,2.6
1641390120328,1.9
1641391920347,1.6
1641393720437,0.7
1641395520510,0.7
1641397320357,0.1
1641399120359,0.1
1641400920411,0.2
1641402720401,0.2
1641404520408,0.7
1641406320665,0.7
1641408120604,0.8
1641409920721,0.8
1641411720601,0.6
1641413520845,0.6
1641415320716,0.5
1641417120930,0.5
1641418920859,0.5
1641420720929,0.5
1641422520930,-0.2
1641424321057,-0.2
1641426121014,-0.4
1641427921876,-0.4
1641429721869,-0.6
1641431521178,-0.6
1641433321240,-0.4
1641435121328,-0.4
1641436921243,-1.1
1641438721255,-1.2
1641440521322,-1.4
1641442321322,-1.4
1641444121393,-1.4
1641445921535,-1.6
1641447721549,-1.7
1641449521479,-1.7
1641451321406,-2.8
1641453121482,-3.0
1641454921480,-3.2
1641456721639,-3.2
1641458521532,-2.8
1641460321635,-2.5
1641462121673,-1.2
1641463921607,-1.3
1641465721795,0.4
1641467521772,0.4
1641469321871,1.2
1641471121853,0.8
1641472921948,0.9
1641474721914,0.6
1641476521967,0.2
1641478322013,0.2
1641480122012,-0.6
1641481922071,-0.3
1641483722092,-0.9
1641485522208,-0.9
1641487322190,-0.7
1641489122302,-0.7
1641490922219,-0.3
1641492722263,-0.3
1641494522262,0.4
1641496322369,0.4
1641498122328,-0.1
1641499922452,-0.1
1641501722439,-0.2
1641503522373,-0.2
1641505322484,0.0
1641507122406,-0.1
1641508922600,0.0
1641510722559,0.3
1641512522548,0.6
1641514322624,0.4
1641516122652,0.9
1641517922687,1.0
1641519722732,1.3
1641521522795,1.3
1641523322755,1.2
1641525123004,1.2
1641526922844,1.2
1641528722870,1.2
1641530522917,1.4
1641532322975,1.4
1641534122977,1.5
1641535923041,1.5
1641537723040,1.3
1641539523000,1.3
1641541323069,2.0
1641543123117,2.0
1641544923124,2.2
1641546723043,2.2
1641548523136,2.2
1641550323220,2.4
1641552123121,2.7
1641553923243,2.8
1641555723170,2.8
1641557523273,2.8
1641559323144,3.3
1641561123219,3.3
1641562923327,3.3
1641564723234,3.3
1641566523391,3.2
1641568323350,3.2
1641570123364,2.6
1641571923484,2.6
1641573723491,2.5
1641575523451,2.5
1641577323507,1.8
1641579123419,1.5
1641580923464,1.4
1641582723480,1.2
1641584523642,1.3
1641586323601,1.3
1641588123725,2.1
1641589923796,2.1
1641591723708,2.1
1641593523720,2.1
1641595323751,1.7
1641597123744,1.7
1641598923770,0.5
1641600723752,0.5
1641602523849,0.7
1641604323862,0.6
1641606123772,0.8
1641607923826,0.8
1641609723826,0.3
1641611523954,0.3
1641613323772,0.4
1641615123906,0.4
1641616923790,0.5
1641618723898,0.5
1641620523826,0.7
1641622323871,0.6
1641624123912,1.0
1641625923951,1.2
1641627723966,0.9
1641629523948,0.9
1641631324063,2.4
1641633123918,2.4
1641634923930,2.9
1641636724078,2.9
1641638523976,3.7
1641640323998,2.5
1641642124123,2.8
1641643925060,2.6
1641645724073,3.0
1641647524254,3.0
1641649324046,2.7
1641651124262,2.2
1641652924078,2.1
1641654724197,2.1
1641656524079,1.6
1641658324199,1.6
1641660124119,0.9
1641661924263,0.9
1641663724263,0.4
1641665524419,0.5
1641667324369,0.8
1641669124279,0.8
1641670924297,0.8
1641672724269,0.8
1641674524287,0.5
1641676324239,0.6
1641678124351,0.6
1641679924437,0.8
1641681724301,1.1
1641683524274,1.1
1641685324329,1.4
1641687124414,1.4
1641688924428,1.4
1641690724415,1.3
1641692524410,1.8
1641694324513,1.8
1641696124362,1.5
1641697924403,1.5
1641699724348,1.4
1641701524453,1.4
1641703324489,1.2
1641705124518,1.1
1641706924363,1.1
1641708724708,1.1
1641710524491,1.0
1641712324534,1.0
1641714124534,1.6
1641715924471,1.6
1641717724539,1.3
1641719524610,1.3
1641721324526,1.1
1641723124520,1.1
1641724924525,1.0
1641726724641,1.0
1641728524468,1.2
1641730324620,1.1
1641732124629,1.0
1641733924578,1.0
1641735724624,1.5
1641737524615,1.5
1641739324628,1.8
1641741124636,1.8
1641742924604,1.8
1641744724688,1.8
1641746524594,1.8
1641748324625,1.6
1641750124641,1.7
1641751924646,1.7
1641753724598,1.8
1641755524691,1.7
1641757324697,1.9
1641759124554,1.7
1641760924616,2.0
1641762724583,2.2
1641764524561,2.4
1641766324699,2.3
1641768124591,2.3
1641769924632,2.3
1641771724631,2.4
1641773524627,2.6
1641775324593,2.4
1641777124807,2.4
1641778924680,2.1
1641780724733,2.3
1641782524834,2.0
1641784324887,2.0
1641786124893,2.2
1641787924943,2.5
1641789724928,2.6
1641791525031,2.6
1641793325093,2.5
1641795125202,2.5
1641796925104,2.5
1641798725271,2.3
1641800525221,2.4
1641802325358,2.4
1641804125333,2.5
1641805925455,2.5
1641807725488,2.7
1641809525554,2.7
1641811325569,3.0
1641813125673,3.0
1641814925688,3.1
1641816725693,3.1
1641818525645,3.1
1641820325885,3.1
1641822125773,2.8
1641823925967,2.9
1641825725864,2.0
1641827525963,2.0
1641829325987,2.2
1641831126113,2.2
1641832926306,2.9
1641834726131,2.9
1641836526222,1.7
1641838326359,1.7
1641840126271,1.4
1641841926327,1.4
1641843726492,1.3
1641845526454,1.0
1641847326533,0.5
1641849126453,0.6
1641850926598,0.3
1641852726609,0.6
1641854526602,0.1
1641856326600,0.1
1641858126687,-0.1
1641859926686,0.1
1641861726758,0.7
1641863526935,1.1
1641865326883,2.1
1641867126863,2.1
1641868926980,2.3
1641870727060,2.3
1641872526983,1.1
1641874327106,1.1
1641876127112,1.3
1641877927266,1.2
1641879727152,1.2
1641881527131,1.2
1641883327230,1.3
1641885127368,1.3
1641886927287,1.3
1641888727265,1.3
1641890527302,1.9
1641892327478,1.9
1641894127499,2.6
1641895927553,2.4
1641897727545,2.6
1641899527514,2.6
1641901327471,2.7
1641903127792,2.7
1641904927635,2.9
1641906727719,2.9
1641908527767,2.8
1641910327821,2.8
1641912128053,2.8
1641913927933,3.0
1641915727869,3.0
1641917527919,3.0
1641919328011,2.6
1641921128095,2.6
1641922927993,2.9
1641924728162,2.9
1641926528144,3.4
1641928328270,3.4
1641930128204,3.8
1641931928280,3.8
1641933728286,3.9
1641935528246,3.9
1641937328289,4.0
1641939128467,4.0
1641940928319,3.9
1641942728551,3.9
1641944528404,3.2
1641946328576,2.7
1641948128424,2.9
1641949928545,2.1
1641951728590,2.2
1641953528622,2.2
1641955328555,2.0
1641957128745,2.1
1641958928696,2.0
1641960728741,2.0
1641962528772,2.2
1641964328848,2.2
1641966128745,2.8
1641967928763,2.8
1641969728906,3.4
1641971529028,3.4
1641973328992,3.6
1641975129018,3.3
1641976928996,3.9
1641978729097,3.9
1641980529118,4.6
1641982330132,4.6
1641984129167,5.2
1641985929185,5.2
1641987729171,6.5
1641989529358,6.5
1641991329222,7.2
1641993129337,7.2
1641994929220,6.9
1641996729475,6.9
1641998529358,6.9
1642000329330,6.9
1642002129340,7.3
1642003929487,7.3
1642005729422,7.3
1642007529508,7.3
1642009329631,7.4
1642011129544,7.4
1642012929535,7.6
1642014729586,7.3
1642016529538,7.4
1642018329680,7.4
1642020129592,7.4
1642021929841,7.4
1642023729848,7.9
1642025529780,7.9
1642027329701,8.0
1642029129803,8.0
1642030929768,8.2
1642032729890,8.4
1642034529718,8.3
1642036329829,7.9
1642038129847,7.9
1642039929969,7.9
1642041729872,7.8
1642043529969,7.8
1642045329904,7.8
1642047129953,7.8
1642048929976,7.5
1642050729975,7.5
1642052530057,7.2
1642054330014,7.3
1642056129967,7.2
1642057929967,7.2
1642059730140,7.3
1642061532432,7.3
1642063330117,7.6
1642065130160,7.6
1642066930221,8.2
1642068730074,8.4
1642069936417,8.7
1642071736542,8.8
1642073536454,9.0
1642075336878,8.6
1642077136494,8.7
1642078936821,8.6
1642080736620,8.1
1642082536815,8.1
1642084336620,7.6
1642086137085,7.6
1642087936789,7.1
1642089737035,7.1
1642091536961,7.3
1642093337022,7.3
1642095136934,7.5
1642096937339,7.8
1642098736982,7.6
1642100537194,7.6
1642102337238,8.2
1642104137287,8.2
1642105937200,8.3
1642107738026,8.3
1642109537402,7.8
1642111337395,7.8
1642113137422,7.8
1642114937601,7.8
1642116737522,8.3
1642118537744,8.3
1642120337625,8.8
1642122137711,8.8
1642123937883,8.7
1642125737817,9.2
1642127537895,9.1
1642129337837,9.1
1642131138001,8.2
1642132938035,8.2
1642134737856,7.4
1642136538023,7.6
1642138337919,6.7
1642140138158,6.7
1642141938120,6.2
1642143738128,6.2
1642145538130,5.8
1642147338302,5.8
1642149138170,5.8
1642150938791,5.8
1642152738354,6.2
1642154538549,6.2
1642156338329,6.4
1642158138803,6.4
1642159938488,6.2
1642161738912,6.2
1642163538551,6.1
1642165338656,6.3
1642167138667,6.0
1642168938888,6.0
1642170738687,5.1
1642172538985,5.1
1642174338702,4.2
1642176138937,4.2
1642177938891,3.8
1642179739116,4.0
1642181538881,3.5
1642183339090,3.6
1642185139016,3.3
1642186939309,3.3
1642188739124,3.0
1642190539234,2.8
1642192339112,2.4
1642194139355,2.1
1642195939158,1.7
1642197739402,1.7
1642199539288,1.6
1642201339716,1.8
1642203139365,1.2
1642204939560,1.2
1642206739412,0.4
1642208539679,0.4
1642210339549,0.3
1642212139748,0.3
1642213939573,0.2
1642215739612,0.1
1642217539620,0.4
1642219339813,0.4
1642221139591,0.5
1642222939778,0.4
1642224739749,0.7
1642226539837,0.7
1642228339708,0.6
1642230139824,0.3
1642231939872,0.4
1642233740099,0.4
1642235539987,0.9
1642237339971,0.9
1642239140038,1.7
1642240940093,1.7
1642242740151,2.5
1642244540168,2.5
1642246340129,3.3
1642248140158,3.3
1642249940225,4.3
1642251740321,4.3
1642253540274,4.3
1642255340285,4.3
1642257140315,4.0
1642258940426,4.1
1642260740333,3.9
1642262540416,3.9
1642264340387,4.0
1642266140591,4.2
1642267940356,4.4
1642269740574,4.3
1642271540620,4.4
1642273340620,4.4
1642275140607,4.6
1642276940684,4.7
1642278740612,4.8
1642280540802,4.9
1642282340654,5.0
1642284140766,4.9
1642285940681,5.1
1642287741005,5.1
1642289540666,5.2
1642291340801,5.2
1642293140812,5.1
1642294941096,5.1
1642296740867,5.2
1642298540944,5.2
1642300340897,4.8
1642302141014,4.8
1642303941035,4.6
1642305740956,4.5
1642307540920,4.4
1642309341267,4.3
1642311141190,4.3
1642312941301,4.4
1642314741133,4.4
1642316541156,4.5
1642318341161,4.5
1642320141363,4.5
1642321941143,4.6
1642323741392,4.7
1642325541193,4.8
1642327341433,4.9
1642329141296,5.2
1642330941346,5.2
1642332741322,6.4
1642334541420,6.4
1642336341262,6.6
1642338141493,6.6
1642339941438,6.4
1642341741716,6.4
1642343541441,6.5
1642345341689,6.5
1642347141379,5.4
1642348941451,5.4
1642350741515,5.1
1642352541512,5.1
1642354341570,5.0
1642356141779,5.0
1642357941532,4.9
1642359741601,4.9
1642361541625,5.2
1642363341674,5.2
1642365141699,5.5
1642366941750,5.5
1642368741704,6.1
1642370541708,6.1
1642372341687,7.0
1642374141965,6.5
1642375941580,7.3
1642377741779,7.3
1642379541760,7.0
1642381341843,7.2
1642383141741,5.6
1642384941734,5.5
1642386741769,4.6
1642388541951,4.8
1642390341781,5.3
1642392141890,5.3
1642393941840,5.2
1642395741961,5.2
1642397541865,4.2
1642399341923,4.2
1642401141850,3.2
1642402942180,3.4
1642404741823,3.1
1642406542024,2.8
1642408341964,3.2
1642410142185,3.2
1642411941922,4.0
1642413742370,4.0
1642415542077,4.7
1642417342089,4.7
1642419142043,4.8
1642420942260,4.8
1642422741973,4.7
1642424542099,4.7
1642426341961,4.3
1642428142130,4.3
1642429942083,3.8
1642431742150,3.8
1642433541987,3.1
1642435342216,3.1
1642437142075,2.8
1642438942259,2.8
1642440742023,2.3
1642442542123,2.3
1642444342055,2.1
1642446142163,2.0
1642447942024,2.2
1642449742217,2.2
1642451542090,2.1
1642453342367,2.1
1642455142218,2.2
1642456942326,2.2
1642458742196,2.4
1642460542383,2.4
1642462342184,2.4
1642464142252,2.4
1642465942110,2.4
1642467742527,1.8
1642469542231,1.8
1642471342329,1.8
1642473142240,0.7
1642474942254,0.7
1642476742227,0.6
1642478542200,0.6
1642480342268,0.8
1642482142414,1.0
1642483942268,2.4
1642485742422,2.4
1642487542330,4.7
1642489342334,4.7
1642491142173,6.1
1642492942387,6.1
1642494742407,6.0
1642496542621,6.0
1642498342324,7.0
1642500142406,7.0
1642501942233,6.6
1642503742396,6.6
1642505542354,7.1
1642507342511,6.8
1642509142325,6.8
1642510942313,6.5
1642512742317,5.7
1642514542345,5.7
1642516342343,5.0
1642518142404,5.0
1642519942384,5.4
1642521742499,5.4
1642523542346,6.2
1642525342501,6.2
1642527142656,6.0
1642528942702,6.0
1642530742681,6.2
1642532542629,6.1
1642534342723,5.8
1642536142868,5.8
1642537942812,5.6
1642539743031,5.6
1642541542930,5.3
1642543343087,5.3
1642545143033,4.8
1642546943311,4.8
1642548743129,4.6
1642550543221,4.6
1642552343110,4.7
1642554143216,4.7
1642555943359,4.9
1642557743456,4.9
1642559543307,5.1
1642561343581,5.1
1642563143505,5.4
1642564943479,5.3
1642566743581,5.5
1642568543637,5.5
1642570343562,6.0
1642572143795,6.0
1642573943686,6.3
1642575743788,6.3
1642577543728,6.0
1642579343959,6.0
1642581143909,5.8
1642582944561,5.8
1642586544344,5.6
1642588343993,5.8
1642590144222,5.8
1642591944190,5.9
1642593744281,5.9
1642595544220,6.0
1642597344281,6.0
1642599144323,5.9
1642600944297,6.0
1642602744469,6.5
1642604544577,6.5
1642606344509,6.6
1642608144512,6.6
1642609944524,5.3
1642611744590,5.3
1642613544626,4.8
1642615344645,4.8
1642617144592,3.1
1642618944786,3.3
1642620744722,1.6
1642622544838,1.6
1642624344742,2.1
1642626144859,2.5
1642627944867,1.9
1642629744907,1.9
1642631544939,1.3
1642633345271,1.3
1642635145051,0.9
1642636945275,0.9
1642638744986,0.6
1642640545175,0.7
1642642345206,1.4
1642644145341,1.4
1642645945153,1.2
1642647745277,1.2
1642649545224,1.6
1642651345424,1.6
1642653145338,1.9
1642654945591,1.6
1642656745415,1.6
1642658545585,1.6
1642660345515,1.6
1642662145646,1.6
1642663945647,1.4
1642665745661,1.3
1642667545693,1.3
1642669345670,1.3
1642671145671,1.6
1642672945846,1.6
1642674745729,1.9
1642676546062,1.9
1642678345779,2.2
1642680146044,2.2
1642681254083,2.3
1642683053784,2.2
1642684853871,2.2
1642686654040,1.7
1642688453931,1.8
1642690253991,1.6
1642692054084,1.8
1642693854031,1.4
1642695654461,1.4
1642697454274,1.2
1642699254320,1.1
1642701054268,1.1
1642702854695,0.9
1642704654365,0.8
1642706454541,0.7
1642708254503,0.5
1642710054695,0.5
1642711854639,0.3
1642713654699,0.3
1642715454690,0.3
1642717254773,0.2
1642719054634,0.1
1642720854837,0.1
1642722654844,-0.1
1642724454985,-0.1
1642726254889,-0.1
1642728055201,-0.5
1642729855065,-0.6
1642731655052,-0.6
1642733454934,-0.5
1642735255197,-0.5
1642737055153,-0.3
1642738855166,-0.3
1642740655114,-0.1
1642742455312,-0.6
1642744255310,-0.1
1642746055519,-0.1
1642747855399,0.5
1642749655454,-0.2
1642751455416,0.6
1642753255533,0.3
1642755055420,1.1
1642756855959,1.1
1642758655751,2.1
1642760455602,2.1
1642762255560,4.2
1642764055850,4.8
1642765855763,4.9
1642767655733,4.9
1642769455716,4.5
1642771255925,4.2
1642773056051,5.3
1642774856097,5.3
1642776656123,6.0
1642778456031,5.8
1642780256113,5.1
1642782056228,5.1
1642783856241,4.2
1642785656128,5.0
1642787456164,4.5
1642789257938,4.4
1642791056289,3.2
1642792856252,3.2
1642794656339,2.3
1642798256531,2.0
1642800056511,2.8
1642801856477,2.2
1642803656688,2.9
1642805456510,2.4
1642807256748,2.4
1642809056644,1.9
1642810856589,1.9
1642812656651,0.9
1642814456852,1.5
1642816256874,1.1
1642818057424,1.1
1642819856937,0.6
1642821656987,0.6
1642823456921,0.8
1642825257014,1.0
1642827056870,1.0
1642828856979,1.0
1642830656967,1.0
1642832457072,1.0
1642834257084,1.9
1642836057133,2.1
1642837857085,2.6
1642839657331,2.7
1642841457315,3.2
1642843257078,3.2
1642845057168,3.8
1642846857334,3.8
1642848657304,4.8
1642850457330,4.8
1642852257340,6.6
1642854057418,6.6
1642855857596,7.0
1642857657537,7.0
1642859457601,6.3
1642861257454,6.2
1642863057532,5.7
1642864857509,5.7
1642866657478,4.7
1642868457559,4.7
1642870257651,4.2
1642872057549,4.2
1642873857674,3.8
1642875657694,3.8
1642877457661,4.1
1642879257803,4.1
1642881057857,4.2
1642882857733,4.2
1642884657818,3.9
1642886457938,3.8
1642888257804,3.9
1642890057856,3.9
1642891858120,3.8
1642893658615,3.8
1642895458020,4.7
1642897257995,5.3
1642899058638,5.1
1642900858495,5.1
1642902658350,5.1
1642904458421,5.1
1642906258352,5.0
1642908058394,5.0
1642909858269,5.0
1642911658325,5.0
1642913458339,5.8
1642915258490,5.8
1642917058569,6.5
1642918858463,6.5
1642920658521,7.2
1642922458364,7.2
1642924258399,6.0
1642926058441,6.0
1642927858440,4.6
1642929658554,4.6
1642931458600,5.7
1642933258567,6.5
1642935059092,7.7
1642936858940,7.7
1642938661132,9.0
1642940458584,9.0
1642942258691,8.9
1642944058984,8.3
1642945858665,8.0
1642947658983,8.0
1642949458734,7.3
1642951258849,7.3
1642953058822,7.1
1642954858793,7.3
1642956658809,6.7
1642958458732,6.7
1642960258858,5.9
1642962058862,5.9
1642963858885,6.3
1642965658940,6.4
1642967458866,6.4
1642969258961,6.1
1642971058810,5.8
1642972858973,5.8
1642974658984,5.6
1642976458913,5.6
1642978259128,6.6
1642980058917,6.5
1642981858999,6.5
1642983659140,6.5
1642985459010,6.3
1642987259118,6.3
1642989059102,6.0
1642990859094,5.8
1642992659124,5.6
1642994459117,5.6
1642996259199,5.3
1642998059324,5.3
1642999859164,5.1
1643001659172,5.1
1643003459318,5.2
1643005259201,5.3
1643007059209,5.1
1643008859309,5.1
1643010659363,5.3
1643012459475,5.3
1643014259424,5.3
1643016059335,5.3
1643017859344,5.4
1643019659508,5.4
1643021459375,5.4
1643023259303,5.4
1643025059584,5.6
1643026859524,5.6
1643028660434,5.9
1643030459668,5.9
1643032259573,6.1
1643034059422,6.0
1643035859397,5.8
1643037659569,5.8
1643039459461,6.0
1643041259369,6.0
1643043059446,6.0
1643044859561,6.0
1643046659388,6.0
1643048459353,6.0
1643050259571,6.1
1643052059502,6.1
1643053859508,6.2
1643055659528,6.2
1643057459675,5.8
1643059259438,5.8
1643061059650,6.4
1643062859517,6.4
1643064659618,6.8
1643066459554,6.8
1643068259735,6.7
1643070059530,6.6
1643071859770,6.1
1643073659634,6.1
1643075459761,5.5
1643077259669,5.8
1643079059644,5.3
1643080859690,5.3
1643082659720,5.0
1643084459709,5.0
1643086259734,4.6
1643088059831,4.6
1643089859729,4.1
1643091659649,4.1
1643093459713,4.0
1643095259852,4.1
1643097059759,4.0
1643098859656,4.0
1643100659769,4.3
1643102459734,3.9
1643104259721,5.0
1643106059701,5.0
1643107859907,5.8
1643109659907,5.8
1643111459734,6.4
1643113259703,6.4
1643115059872,6.3
1643116859823,6.3
1643118659822,6.3
1643120459861,6.3
1643122259754,5.9
1643124059715,5.9
1643125859842,5.8
1643127659874,5.8
1643129459677,5.3
1643131259942,5.3
1643133059855,5.4
1643134859989,5.4
1643136659879,6.1
1643138459948,5.8
1643140259956,5.8
1643142060127,5.8
1643143859915,5.7
1643145660346,5.7
1643147460216,6.0
1643149260114,6.2
1643151060334,6.3
1643152860287,6.1
1643154660420,6.2
1643156460399,6.2
1643158260335,5.9
1643160060665,5.9
1643161860442,5.4
1643163660487,5.4
1643165460670,5.3
1643167260570,5.3
1643169060916,5.4
1643170860770,5.4
1643172660707,5.5
1643174460745,5.5
1643176260960,5.6
1643178060781,5.6
1643179861098,5.8
1643181660970,5.8
1643183461235,5.9
1643185261113,5.9
1643187061042,6.2
1643188861128,6.2
1643190661841,6.7
1643192461480,6.7
1643194261378,6.6
1643196061385,6.6
1643197861298,6.5
1643199661208,6.2
1643201461480,6.3
1643203261459,6.3
1643205061545,5.9
1643206861541,5.9
1643208661880,5.8
1643210461562,6.0
1643212261741,5.8
1643214061735,6.1
1643215861666,6.0
1643217661870,6.0
1643219461801,5.7
1643221261978,5.7
1643223061923,5.7
1643224861952,6.0
1643226662067,5.9
1643228462084,5.9
1643230262064,5.7
1643232062146,5.7
1643233862077,5.9
1643235662251,6.1
1643237462236,6.1
1643239262200,6.1
1643241062336,6.6
1643242862315,6.6
1643244662345,6.6
1643246462372,6.6
1643248262448,6.5
1643250062554,6.5
1643251862560,6.5
1643253662602,6.5
1643255462894,6.7
1643257262580,6.7
1643259062736,6.9
1643260862806,7.1
1643262662753,7.4
1643264462934,7.4
1643266262717,7.1
1643268062837,7.1
1643269862837,6.4
1643271662932,6.8
1643273462954,6.4
1643275263147,6.4
1643277063017,6.0
1643278862923,6.0
1643280663079,6.1
1643282463221,6.1
1643284263178,6.2
1643286063382,6.3
1643287863102,6.3
1643289663280,6.3
1643291463563,6.3
1643293263344,6.0
1643295063317,5.8
1643296863442,6.0
1643298663457,5.8
1643300463457,5.8
1643302263369,5.1
1643304063558,5.1
1643305863451,5.5
1643307663465,5.6
1643309463645,5.7
1643311263660,5.7
1643313063712,5.4
1643314863724,5.4
1643316663674,5.0
1643318463637,5.2
1643320263896,5.0
1643322063787,5.3
1643323863893,5.0
1643325663881,5.0
1643327463932,4.4
1643329263785,4.4
1643331064124,4.4
1643332863968,4.7
1643334663986,4.7
1643336463859,4.7
1643338263883,4.3
1643340063909,4.3
1643341864211,4.1
1643343664005,4.1
1643345464175,4.0
1643347264086,3.8
1643349064328,3.1
1643350864212,3.1
1643352664247,2.8
1643354464223,3.1
1643356264277,2.6
1643358064355,2.8
1643359864320,3.3
1643361664549,3.3
1643363464389,4.5
1643365264697,4.5
1643367064411,5.2
1643368864670,5.0
1643370664432,5.5
1643372464843,5.5
1643374264361,5.5
1643376064569,5.5
1643377864531,5.2
1643379664640,5.2
1643381464659,4.6
1643383264661,4.7
1643385064643,3.9
1643386864763,3.9
1643388664721,2.7
1643390464829,3.3
1643392264622,3.4
1643394064778,3.7
1643395864641,4.0
1643397664894,4.0
1643399464824,4.1
1643401265016,4.1
1643403064753,4.1
1643404864993,4.1
1643406664735,4.3
1643408464984,4.3
1643410264789,4.8
1643412064914,4.8
1643413864956,5.2
1643415664879,5.2
1643417464882,5.3
1643419265100,5.4
1643421064951,5.7
1643422865013,5.7
1643424665053,5.9
1643426465051,5.9
1643428265084,6.6
1643430065107,6.9
1643431864968,7.3
1643433665092,7.3
1643435465297,7.5
1643437265104,7.5
1643439065144,7.6
1643440865201,7.5
1643442665170,7.6
1643444465316,7.6
1643446265211,7.6
1643448065090,7.6
1643449865363,7.7
1643451665293,8.0
1643453465240,8.0
1643455265326,8.3
1643457065289,8.4
1643458865337,8.4
1643460665311,8.5
1643462465238,8.5
1643464265318,8.2
1643466065341,8.1
1643467865390,7.7
1643469665384,7.7
1643471465354,6.2
1643473265281,6.2
1643475065389,6.0
1643476865492,6.0
1643478665471,5.4
1643480465447,6.2
1643482265448,5.9
1643484065510,5.9
1643485865419,5.7
1643487665548,5.7
1643489466816,6.0
1643491265527,5.8
1643493065458,5.1
1643494865601,5.1
1643496665437,4.7
1643498465474,4.7
1643500265444,4.3
1643502065564,4.2
1643503865543,4.7
1643505665462,4.7
1643507465734,6.2
1643509265637,6.2
1643511065749,5.8
1643512865604,5.8
1643514665703,6.0
1643516465546,6.0
1643518265606,5.8
1643520065644,5.8
1643521865662,5.9
1643523665541,5.9
1643525465711,5.9
1643527265684,5.7
1643529065659,5.5
1643530865738,5.5
1643532665870,5.4
1643534465664,5.4
1643536265610,5.9
1643538065665,5.8
1643539865759,5.9
1643541665766,5.9
1643543465601,6.0
1643545265634,6.0
1643547065791,6.0
1643548866110,6.0
1643550665787,5.8
1643552465803,5.8
1643554265833,5.2
1643556065773,5.2
1643557865786,4.5
1643559665972,4.5
1643561465806,3.8
1643563265906,3.5
1643565065948,2.6
1643566865733,2.6
1643568665853,1.7
1643570465793,1.7
1643572265913,1.4
1643574065842,1.8
1643575865858,1.2
1643577665726,1.4
1643579465787,1.1
1643581265757,1.1
1643583065926,1.6
1643584865846,1.4
1643586665878,1.5
1643588465900,1.2
1643590265872,1.3
1643592065995,1.3
1643593865906,1.6
1643595666065,1.6
1643597466136,1.5
1643599266241,1.4
1643601066264,1.2
1643602866313,1.2
1643604666363,1.4
1643606466461,1.4
1643608266327,1.7
1643610066528,1.7
1643611866512,1.4
1643613666494,0.9
1643615466577,1.2
1643617266677,1.2
1643619066690,1.7
1643620866725,1.6
1643622666756,2.6
1643624466912,2.2
1643626267048,2.5
1643628067039,2.5
1643629866990,2.8
1643631667259,2.8
1643633467055,3.1
1643635267064,3.2
1643637067131,2.9
1643638867338,3.1
1643640667311,2.8
1643642467206,2.8
1643644267371,2.3
1643646067501,2.3
1643647867486,2.1
1643649667569,2.3
1643651467621,1.3
1643653267654,1.3
1643655067719,0.1
1643656867708,0.1
1643658667711,1.2
1643660467641,1.2
1643662267840,2.2
1643664067732,2.2
1643665868100,2.4
1643667667826,1.9
1643669467902,1.8
1643671267978,1.8
1643673068145,2.0
1643674868104,2.1
1643676668245,1.8
1643678468238,1.8
1643680268152,1.4
1643682068278,1.4
1643683868307,1.7
1643685668414,1.7
1643687468481,1.6
1643689268441,1.6
1643691068550,0.9
1643692868372,0.9
1643694668607,0.5
1643696468592,0.5
1643698268838,1.7
1643700068673,1.9
1643701868780,1.5
1643703668782,1.5
1643705468834,1.4
1643707268856,1.4
1643709068956,1.2
1643710868782,0.6
1643712668942,0.5
1643714469228,0.5
1643716269017,3.3
1643718068997,3.3
1643719869202,7.0
1643721669064,6.3
1643723469061,6.6
1643725269044,6.1
1643727069099,6.2
1643728869318,6.2
1643730669123,6.2
1643732469173,6.2
1643734269263,4.4
1643736069418,4.3
1643737869496,3.4
1643739669505,3.4
1643741469465,3.6
1643743269441,3.6
1643745069558,4.0
1643746869552,3.4
1643748669566,3.2
1643750469493,3.0
1643752269563,3.6
1643754069719,3.6
1643755869651,4.8
1643757669665,4.8
1643759469824,5.7
1643761269839,5.0
1643763069822,5.0
1643764869880,5.0
1643766669880,4.5
1643768469856,4.5
1643770270638,4.2
1643772069817,4.6
1643773870002,2.9
1643775670071,2.9
1643777470107,2.0
1643779270086,2.0
1643781070144,2.3
1643782869998,2.4
1643784670215,1.9
1643786470213,1.8
1643788270219,1.4
1643790070242,1.4
1643791870628,1.7
1643793670619,1.7
1643795471353,2.6
1643797270291,1.9
1643799070357,2.6
1643800870369,2.6
1643802670403,3.5
1643804470297,3.5
1643806270427,3.9
1643808070495,3.9
1643809870494,3.7
1643811670501,3.7
1643813470493,3.4
1643815270627,3.4
1643817070627,2.8
1643818870736,2.8
1643820670507,2.2
1643822470814,2.5
1643824270765,2.2
1643826070659,2.2
1643827870717,3.1
1643829670799,3.5
1643831470852,3.5
1643833271843,2.7
1643835070802,2.2
1643836870781,2.2
1643838670869,2.6
1643840471899,2.6
1643842270822,3.4
1643844070912,3.5
1643845870990,4.3
1643847670900,3.9
1643849470969,4.3
1643851271022,4.3
1643853070964,3.9
1643854871013,3.7
1643856671078,3.9
1643860271072,3.4
1643862070988,3.4
1643863871138,3.3
1643865671155,3.3
1643867471200,3.9
1643869271191,4.1
1643871071288,4.1
1643872871133,4.1
1643874671251,3.9
1643876471190,3.9
1643878271599,4.4
1643880071341,4.6
1643881871332,5.1
1643883671282,5.4
1643885471384,6.0
1643887271380,6.0
1643889071372,5.7
1643890871337,5.7
1643892671429,5.9
1643894471472,6.8
1643896271541,6.9
1643898071505,6.9
1643899871496,7.2
1643901671572,7.2
1643903471601,6.9
1643905271546,7.0
1643907071403,6.9
1643908871600,6.9
1643910671439,6.8
1643912471512,6.8
1643914271462,6.7
1643916071554,6.6
1643917871458,6.6
1643919671583,6.6
1643921471628,6.5
1643923271635,6.5
1643925071607,6.5
1643926871520,6.5
1643928671662,6.5
1643930471843,6.6
1643932271670,6.8
1643934071743,6.8
1643935871660,6.7
1643937671704,6.7
1643939471678,6.2
1643941271651,6.3
1643943071711,6.2
1643944871741,6.2
1643946671750,6.4
1643948471682,6.4
1643950271657,6.7
1643952071700,6.7
1643953871823,6.9
1643955671749,6.9
1643957471792,6.8
1643959271871,6.8
1643961071813,6.9
1643962871877,6.9
1643964671790,5.8
1643966472448,5.7
1643968271867,4.4
1643970071925,4.4
1643971871765,3.6
1643973671795,3.6
1643975471714,4.0
1643977271826,4.9
1643979071856,5.1
1643980871815,5.1
1643982671880,5.6
1643986271854,3.8
1643988071856,3.4
1643989871769,3.4
1643991671926,3.4
1643993471963,3.5
1643995271892,3.5
1643997071833,3.5
1643998871925,3.5
1644000671939,3.2
1644002471964,2.9
1644004271862,2.6
1644006072018,2.6
1644007872117,2.5
1644009671998,2.5
1644011472043,2.1
1644013271911,2.1
1644015071881,1.8
1644016871980,1.8
1644018672035,1.6
1644020472102,1.6
1644024072025,2.1
1644025871999,1.7
1644027672030,1.6
1644029472027,2.4
1644031271935,2.4
1644033071892,3.2
1644034871980,3.2
1644036671982,2.8
1644038472062,2.7
1644040272062,2.3
1644042072175,2.3
1644043872118,2.7
1644045672249,2.7
1644047472274,3.6
1644049272350,3.1
1644051072425,3.2
1644052872774,3.2
1644054672583,3.7
1644056472404,3.7
1644058272566,4.2
1644060072659,4.2
1644061872805,4.6
1644063672688,4.2
1644065472753,4.6
1644067272911,4.6
1644069072790,5.0
1644070873017,5.4
1644072672818,5.2
1644074472939,5.2
1644076273118,4.8
1644078073088,4.8
1644079873169,4.5
1644081673220,4.5
1644083473104,4.4
1644085273252,4.4
1644087073221,4.2
1644088873195,4.4
1644090673248,5.2
1644092473338,5.2
1644094273325,6.3
1644096073415,6.3
1644097873510,6.3
1644099673643,5.4
1644101473656,5.3
1644103273564,5.3
1644105073606,5.6
1644106873755,5.6
1644108673748,4.4
1644110473750,3.7
1644112273890,3.0
1644114073956,3.4
1644115873973,3.3
1644117674109,3.3
1644119474038,3.1
1644121274019,3.0
1644123074047,2.3
1644124874108,2.7
1644126674103,2.9
1644128474206,2.9
1644130274282,2.0
1644132074227,1.3
1644133874422,1.1
1644135674479,1.1
1644137474399,3.4
1644139274487,3.4
1644141074588,4.4
1644142874494,4.4
1644144674617,4.4
1644146474643,4.4
1644148274597,3.3
1644150074692,2.9
1644151874662,1.6
1644153674682,1.6
1644155474687,3.3
1644157274710,3.6
1644159074648,3.7
1644160874675,2.6
1644162674873,1.7
1644164474958,1.7
1644166274916,1.1
1644168074989,1.1
1644169874990,1.3
1644171674904,1.3
1644173474983,1.4
1644175274955,1.0
1644177075120,0.8
1644178875088,0.8
1644180675181,0.7
1644182475102,0.7
1644184275221,1.5
1644186075216,1.5
1644187875169,1.3
1644189675229,1.3
1644191475314,1.8
1644193275197,1.8
1644195075350,1.7
1644196875278,1.8
1644198675444,2.1
1644200475299,2.1
1644202275421,2.2
1644204075453,2.2
1644205875414,2.4
1644207675415,2.2
1644209475486,2.4
1644211275482,2.6
1644213075572,3.1
1644214875665,3.1
1644216675713,3.8
1644218475968,3.8
1644220275784,3.1
1644222075718,2.8
1644223875698,3.8
1644225675795,3.8
1644227475821,4.7
1644229275796,4.7
1644231075894,4.7
1644232876004,4.9
1644234675827,5.4
1644236475918,5.7
1644238275963,5.8
1644241876045,5.8
1644243676001,5.8
1644245476138,5.3
1644247276003,5.6
1644249076106,4.8
1644250875979,4.8
1644252676203,4.4
1644254476195,4.4
1644256276107,4.3
1644258076172,4.4
1644259876188,4.0
1644263476250,4.0
1644265276301,4.0
1644267076291,3.4
1644268876316,3.4
1644270676325,3.2
1644272476420,3.5
1644274276378,3.4
1644276076351,3.4
1644277876368,3.7
1644281476442,4.3
1644283276600,4.8
1644285076539,5.2
1644286876498,5.2
1644288676533,5.5
1644290476536,5.5
1644292276532,6.3
1644294076708,6.3
1644295876669,7.0
1644297676709,6.9
1644299476742,6.9
1644301276698,6.9
1644303076686,6.7
1644304877029,6.7
1644306676814,6.6
1644310276880,6.3
1644312077142,6.3
1644313876735,7.0
1644315676860,7.0
1644317476950,7.7
1644319276807,7.8
1644321077248,7.8
1644322876926,7.8
1644324676909,7.4
1644326476957,7.4
1644328277006,7.3
1644330076946,7.3
1644331876919,6.7
1644333677027,7.0
1644335476991,6.2
1644337276972,6.2
1644339076905,5.5
1644340877146,5.6
1644342677045,4.7
1644344477100,4.7
1644346277053,4.9
1644348077131,4.9
1644349877140,5.6
1644351677089,4.6
1644353477156,4.4
1644355277139,3.5
1644357077226,3.3
1644358877253,3.4
1644360677300,3.8
1644362477229,3.8
1644364277197,4.1
1644366077290,3.6
1644367877270,3.8
1644369677191,3.9
1644371477272,3.4
1644373277426,3.4
1644375077278,3.3
1644376877333,3.7
1644378677346,3.5
1644380477450,4.2
1644382277361,4.9
1644384077406,4.9
1644385877335,6.0
1644387677237,6.0
1644389477395,4.4
1644391277317,4.0
1644393077284,4.2
1644394877368,5.0
1644396677509,6.4
1644398477368,6.4
1644400277519,7.4
1644402077408,7.0
1644403877583,6.8
1644405677372,6.9
1644407477413,7.2
1644409277365,7.2
1644411077595,7.6
1644412877609,7.5
1644414677522,7.3
1644416477587,7.4
1644418277486,6.1
1644420077533,6.1
1644421877480,3.6
1644423677578,3.6
1644425477555,4.4
1644427277579,4.9
1644429077522,4.3
1644430877532,3.8
1644432677522,3.3
1644434477563,3.3
1644436277637,3.8
1644438077460,3.8
1644439877564,3.8
1644441677568,4.0
1644443477636,3.9
1644445277506,3.9
1644447077592,3.4
1644448877558,3.4
1644450677706,3.4
1644452477735,3.6
1644454277542,3.6
1644456077668,3.6
1644457877670,3.7
1644459677514,3.7
1644461477623,3.7
1644463277612,3.5
1644465077714,3.4
1644466877633,3.4
1644468677507,3.6
1644470477708,3.6
1644472277751,3.4
1644474077592,3.0
1644475877680,2.5
1644477677676,2.5
1644479477666,2.6
1644481277551,2.6
1644483077688,3.4
1644484877687,3.4
1644486677555,4.6
1644488477769,4.5
1644490277633,5.3
1644492077770,4.7
1644493877785,5.1
1644495677876,5.1
1644497477769,5.1
1644499277811,5.5
1644501077935,5.3
1644502878093,5.3
1644504678087,4.8
1644506478157,4.8
1644508278174,4.4
1644510078153,4.8
1644511878267,4.3
1644513678322,4.2
1644515478388,4.2
1644517278398,4.2
1644519078565,3.3
1644520878897,3.3
1644522678524,2.3
1644524478625,2.5
1644526278667,2.3
1644528078664,2.1
1644529878752,2.4
1644531678708,2.4
1644533478813,2.1
1644535278873,2.1
1644537079030,0.7
1644538878915,1.0
1644540679111,1.3
1644542479094,1.3
1644544279179,2.1
1644546079246,2.1
1644547879107,1.6
1644549679313,1.1
1644551479292,1.1
1644553279327,1.1
1644555079387,0.6
1644556879455,0.6
1644558679616,0.3
1644560479437,0.3
1644562279464,0.7
1644564079632,1.4
1644565879621,1.0
1644567679521,1.0
1644569479664,1.8
1644571279702,1.8
1644573079749,2.9
1644574879763,2.7
1644576679876,3.0
1644578479947,3.0
1644580279850,3.0
1644582080018,3.0
1644583880021,2.9
1644585679942,2.9
1644587480064,2.9
1644589280308,2.9
1644591080228,2.5
1644592880276,2.7
1644594680317,1.9
1644596480344,1.9
1644598280352,1.1
1644600080400,1.1
1644601880437,0.6
1644603680355,0.9
1644605480400,0.8
1644607280708,0.7
1644609080573,0.8
1644610880543,0.7
1644612680706,1.0
1644614480700,1.0
1644616280628,1.0
1644618080662,1.0
1644619880669,0.7
1644621680701,0.7
1644623480862,0.8
1644625281079,0.8
1644627080833,0.7
1644628880923,0.7
1644630680786,1.0
1644632481161,1.5
1644634281018,1.4
1644636081144,1.2
1644637880959,1.3
1644639681089,1.3
1644641481164,1.2
1644643281111,1.2
1644645081237,1.2
1644646881285,1.5
1644648681214,1.5
1644650481247,1.5
1644652281107,1.7
1644654081159,1.7
1644655881191,2.3
1644657681355,2.2
1644659481367,2.6
1644661281275,2.6
1644663081439,3.1
1644664881583,3.1
1644666681467,4.0
1644668481585,4.0
1644670281488,4.6
1644672081551,4.6
1644673881567,4.4
1644675681598,4.4
1644677481542,4.3
1644679281624,4.3
1644681081655,4.5
1644682881740,4.7
1644684681720,4.6
1644686481788,4.6
1644688281909,4.8
1644690081996,4.8
1644691881915,4.3
1644693681900,4.0
1644695481848,3.6
1644697281883,3.7
1644699082005,3.4
1644700881919,3.4
1644702682101,3.2
1644704482100,3.2
1644706282075,3.0
1644708082083,3.2
1644709882272,3.1
1644711682175,3.1
1644713482239,3.2
1644715282236,3.2
1644717082221,3.4
1644718882315,3.4
1644720682510,4.0
1644722482289,3.8
1644724282364,3.8
1644726082419,3.8
1644727882461,4.0
1644729682407,4.0
1644731482417,4.1
1644733282464,4.1
1644735082615,4.2
1644736882505,4.2
1644738682683,4.6
1644740482437,4.6
1644742282533,4.4
1644744082438,4.4
1644745882665,4.5
1644747682707,5.3
1644749482515,5.0
1644751282795,5.0
1644753082763,4.4
1644754882751,4.4
1644756682872,4.4
1644758482743,4.7
1644760282838,4.7
1644762082801,4.7
1644763882798,4.8
1644765682762,4.8
1644767482868,4.8
1644769282925,4.7
1644771082907,4.5
1644772883013,4.5
1644774682767,4.2
1644776483050,4.2
1644778282958,3.9
1644780083097,3.9
1644781882996,3.6
1644783683113,3.5
1644785482977,3.3
1644787283071,3.3
1644789083041,3.5
1644790883113,3.6
1644792683172,3.9
1644794483194,3.6
1644796283227,3.9
1644798083226,3.9
1644799883297,4.2
1644801683320,4.2
1644803483291,4.6
1644805283253,4.2
1644807083170,4.7
1644808883317,4.7
1644810683259,5.2
1644812483315,5.2
1644814283208,5.7
1644816083324,5.4
1644817883358,5.7
1644819683256,5.7
1644821483295,5.9
1644823283248,5.9
1644825083306,6.1
1644826883314,6.1
1644828683364,6.2
1644830483309,6.2
1644832283438,6.3
1644834083488,6.3
1644835883421,6.7
1644837683483,6.7
1644839483362,6.9
1644841283486,6.9
1644843083409,7.8
1644844883476,7.9
1644846683473,8.1
1644848483259,8.1
1644850283571,7.6
1644852083549,7.6
1644853883405,7.2
1644855683457,7.2
1644857483489,7.2
1644859283322,7.2
1644861083360,7.1
1644862883422,7.1
1644864683422,7.1
1644866483504,6.6
1644868283392,6.4
1644870083460,6.4
1644871883616,6.1
1644873683476,6.1
1644875483522,6.1
1644877284133,6.1
1644879084483,6.4
1644880884443,6.3
1644882684215,6.2
1644884484197,6.2
1644886284250,6.0
1644888084439,6.0
1644889884241,5.8
1644891684711,6.0
1644893484180,5.8
1644895284137,5.8
1644897084116,4.9
1644898884247,4.9
1644900684238,5.0
1644902484343,5.0
1644904284522,5.3
1644906084388,5.3
1644907884195,5.1
1644909684327,5.1
1644911483716,4.4
1644913283607,4.4
1644915083663,4.5
1644916883622,4.5
1644918683778,4.9
1644920483643,4.9
1644922283569,5.3
1644924083606,5.3
1644925883692,5.7
1644927683671,5.7
1644929483673,6.0
1644931283646,6.3
1644933083635,6.0
1644934883749,6.0
1644936683654,6.0
1644938483561,6.0
1644940283513,5.8
1644942083554,5.8
1644943883545,5.5
1644945683714,5.5
1644947483583,4.9
1644949283707,4.9
1644951083668,4.8
1644952883907,4.8
1644954683909,4.7
1644956484375,4.7
1644958284092,4.2
1644960084203,4.2
1644961884108,3.7
1644963684275,3.6
1644965484341,3.6
1644967284386,4.0
1644969084397,4.8
1644970884324,4.8
1644972684409,5.1
1644974484423,5.1
1644976284503,3.0
1644978084431,2.5
1644979884493,2.4
1644981684595,2.4
1644983484730,3.0
1644985284683,3.0
1644987084751,3.5
1644988884823,3.1
1644990684905,2.6
1644992484997,2.1
1644994284922,1.7
1644996084999,1.7
1644997884933,2.2
1644999685088,2.2
1645001485020,3.6
1645003285126,3.6
1645005085293,4.0
1645006885257,4.0
1645008685447,4.2
1645010485324,4.2
1645012285348,4.1
1645014085636,4.1
1645019486101,2.4
1645021285550,2.4
1645023085558,2.2
1645024885733,2.2
1645026685803,2.6
1645028485818,2.6
1645030285675,3.0
1645032085775,3.0
1645033885868,3.2
1645035685932,3.2
1645037485933,3.5
1645039286499,3.5
1645041085952,5.2
1645042886014,5.2
1645044685988,5.7
1645046486120,5.7
1645048286226,5.5
1645050086223,5.5
1645051886308,5.2
1645053686226,5.2
1645055486361,4.9
1645057286315,4.9
1645059086417,3.2
1645060886459,3.2
1645062686594,2.7
1645064486611,2.7
1645066286633,2.3
1645068086668,2.3
1645069886706,2.5
1645071686559,2.5
1645073486707,2.6
1645075286785,2.6
1645077086791,2.5
1645078886896,2.5
1645080686854,2.4
1645082486813,2.4
1645084286857,3.0
1645086086949,3.0
1645087886991,3.9
1645089687033,3.9
1645091487122,4.5
1645093287155,4.4
1645095087259,4.1
1645096887259,4.1
1645098687190,5.4
1645100487237,5.1
1645102287366,6.0
1645104087256,6.0
1645105887417,6.4
1645107687281,5.9
1645109487396,5.9
1645111287497,5.9
1645113087452,4.8
1645114888551,4.8
1645116687425,4.0
1645118487478,4.0
1645120287613,3.9
1645122087688,4.5
1645123887654,4.7
1645125687706,4.7
1645127487695,4.8
1645129287766,4.8
1645131087742,4.6
1645132887830,4.4
1645134687793,4.1
1645136487897,4.1
1645138287893,3.7
1645140087876,3.7
1645141887971,4.5
1645143687885,4.5
1645145487977,3.9
1645147288013,3.5
1645149088090,3.8
1645150888147,3.8
1645152688170,4.8
1645154488028,4.8
1645156288027,4.2
1645158088142,4.2
1645159888215,3.2
1645161688136,3.9
1645163488299,3.6
1645165288338,3.6
1645167088345,3.2
1645168888467,3.2
1645170688464,3.2
1645172488457,3.4
1645174288466,3.9
1645176088376,3.9
1645177888472,4.9
1645179688572,5.3
1645181488685,5.4
1645183288598,5.4
1645185088605,5.1
1645186888620,4.9
1645188688638,4.6
1645189447701,4.6
1645191247466,3.8
1645193047514,3.8
1645194847598,2.1
1645196647644,2.1
1645198447628,0.7
1645200247725,0.7
1645202047654,0.6
1645203847747,0.6
1645205647736,0.6
1645207447828,1.7
1645209247911,2.8
1645211047897,2.5
1645212848031,3.0
1645214648074,3.0
1645216448104,3.4
1645218248194,3.4
1645220048384,3.4
1645221848372,2.5
1645223648260,2.2
1645225448535,2.2
1645227248307,3.0
1645229048422,3.0
1645230848528,2.3
1645232648785,1.9
1645234448630,1.3
1645236248722,1.3
1645238048764,1.5
1645239848821,1.5
1645241648689,2.2
1645243448901,2.6
1645245248946,2.6
1645247048874,2.6
1645248848896,3.1
1645250648981,3.1
1645252449011,2.3
1645254249110,2.3
1645256049066,2.3
1645257849066,2.3
1645259649044,2.6
1645261449251,2.6
1645263249188,4.1
1645265049367,4.1
1645266849331,5.0
1645268649381,5.0
1645270449447,5.6
1645272249655,5.6
1645274049521,5.8
1645275849546,5.8
1645277649522,4.8
1645279449682,4.8
1645281249691,5.0
1645283049729,5.0
1645284849715,4.6
1645286649850,4.6
1645288449818,2.9
1645290249801,2.9
1645292049924,2.3
1645293849895,2.3
1645295649991,2.6
1645297450014,3.6
1645299249961,3.5
1645301050221,3.5
1645302850141,3.6
1645304650183,3.0
1645306450246,2.8
1645308250283,2.6
1645310050286,2.1
1645311850425,2.1
1645313650331,3.3
1645315450527,3.3
1645317250494,3.1
1645319050514,3.4
1645320850495,1.3
1645322650633,1.3
1645324450518,0.4
1645326250713,0.4
1645328050664,-0.3
1645329850753,0.0
1645331650751,0.0
1645333450811,0.0
1645335250780,-0.1
1645337050844,-0.1
1645338850850,-0.3
1645340650798,-0.3
1645342450973,0.8
1645344250971,0.8
1645346050970,2.3
1645347850950,2.3
1645349651065,2.3
1645351451164,2.3
1645353251052,2.5
1645355051113,2.1
1645356851272,1.6
1645358651371,1.6
1645360451274,0.9
1645362251349,1.3
1645364051258,0.9
1645365851371,1.3
1645367651297,2.2
1645369451394,2.2
1645371251291,2.9
1645373051486,2.9
1645374851516,5.1
1645376651419,5.1
1645378451575,6.7
1645380251524,5.0
1645382051605,6.4
1645383851603,6.4
1645385651835,7.3
1645387451649,7.3
1645389251732,7.1
1645391051668,6.7
1645392851726,6.5
1645394651617,6.5
1645396451845,6.5
1645398251929,6.5
1645400051722,6.1
1645401851820,6.1
1645403651749,5.8
1645405451859,5.9
1645407251842,5.1
1645409051965,5.1
1645410851855,4.5
1645412652025,4.5
1645414452071,3.5
1645416252011,4.1
1645418052066,3.7
1645419852157,3.7
1645421652079,2.3
1645423452247,2.3
1645425252108,2.5
1645427052234,2.5
1645428852249,3.9
1645430652439,3.9
1645432452184,4.1
1645434252276,4.1
1645436052250,4.1
1645437852479,4.1
1645439652271,4.2
1645441452393,4.2
1645443252325,6.0
1645445052520,6.0
1645446852376,6.3
1645448652543,6.3
1645450452381,6.3
1645452252527,6.4
1645454052510,6.1
1645455852705,6.4
1645457652553,6.0
1645459452774,6.0
1645461252647,5.2
1645463052688,5.2
1645464852526,4.6
1645466652608,4.6
1645468452691,3.5
1645470252735,3.5
1645472052716,1.9
1645473852807,1.9
1645475652750,1.8
1645477452804,1.8
1645479252738,2.3
1645481052863,2.3
1645482852758,2.6
1645484653031,2.6
1645486452893,2.0
1645488252856,1.8
1645490052840,1.3
1645491852845,1.3
1645493652920,1.5
1645495452961,1.5
1645497252863,1.4
1645499053038,1.5
1645500852984,1.1
1645502653040,1.1
1645504452989,0.9
1645506252939,0.9
1645508053091,0.5
1645509853032,0.5
1645511652924,0.9
1645513453145,0.8
1645515253034,1.6
1645517053033,1.6
1645518853086,2.1
1645520653212,2.1
1645522453124,2.7
1645524253120,2.9
1645526053043,3.3
1645527853243,3.3
1645529653154,5.0
1645531453203,5.0
1645533253229,5.1
1645535053191,5.1
1645536853220,4.8
1645538653187,4.8
1645540453212,4.3
1645542253187,4.3
1645544053210,4.2
1645545853333,4.2
1645547653247,3.2
1645549453275,3.2
1645551253212,2.9
1645553053295,2.9
1645554853342,3.3
1645556653353,3.3
1645558453247,4.3
1645560253434,4.3
1645562053329,4.7
1645563853337,4.7
1645565653350,4.0
1645567453401,3.7
1645569253382,3.8
1645571053308,3.8
1645572853279,4.1
1645574653281,4.7
1645576453387,4.9
1645578253402,4.9
1645580053431,5.6
1645581853384,5.6
1645583653410,4.9
1645585453575,4.9
1645587253481,4.1
1645589053446,3.3
1645590853317,3.6
1645592653591,3.6
1645594453389,4.4
1645596253475,4.4
1645598053438,3.6
1645599853402,3.4
1645601653445,4.1
1645603453426,4.1
1645605253391,5.3
1645607053554,5.3
1645608853512,6.2
1645610653745,5.7
1645612453696,6.4
1645614253518,6.4
1645616053457,7.3
1645617853513,7.3
1645619653380,7.4
1645621453395,7.4
1645623253468,7.6
1645625053666,7.6
1645626853508,8.0
1645628653444,8.0
1645630453485,7.1
1645632253566,7.1
1645634053444,6.2
1645635853585,5.9
1645637653587,5.9
1645639453783,5.9
1645641253748,5.9
1645643053905,5.9
1645644853896,6.2
1645646654050,6.3
1645648453952,6.2
1645650254029,6.2
1645652053925,6.3
1645653854040,6.2
1645655654051,6.4
1645657454348,6.4
1645659254220,6.5
1645661054358,6.6
1645662854325,6.6
1645664654388,6.6
1645666454424,6.9
1645668254423,6.9
1645670054512,6.8
1645671854559,6.9
1645673654543,6.7
1645675454743,6.9
1645677254757,6.8
1645679054798,6.8
1645680854699,4.6
1645682654834,4.6
1645684454739,4.3
1645686254870,3.1
1645688054852,4.9
1645689854991,4.9
1645691654881,5.9
1645693455276,5.9
1645695255167,6.8
1645697055108,6.5
1645698855113,6.6
1645700655318,6.4
1645702455279,3.3
1645704255195,3.3
1645706055172,3.5
1645707855384,3.7
1645709655418,3.6
1645711455504,6.0
1645713255384,3.3
1645715055436,3.3
1645716855461,2.4
1645718655696,2.4
1645720455660,1.6
1645722255623,1.9
1645724055636,2.0
1645725855890,2.0
1645727655707,2.3
1645729456134,2.3
1645731255912,2.5
1645733055918,2.4
1645734855956,2.6
1645736656158,2.6
1645738456084,2.6
1645740256216,2.6
1645742056004,2.8
1645743856213,1.9
1645745656106,1.9
1645747456177,1.9
1645749256272,1.2
1645751056278,1.2
1645752856338,1.3
1645754656510,1.3
1645756456470,1.0
1645758256458,1.0
1645760056463,1.8
1645761856566,1.8
1645763656491,1.9
1645765456555,1.9
1645767256625,1.7
1645769056564,2.1
1645770856742,2.6
1645772656733,2.6
1645774456628,3.1
1645776256860,3.1
1645778056823,3.0
1645779856892,3.0
1645781656827,4.5
1645783456922,4.3
1645785256947,5.0
1645787056995,5.0
1645788856897,5.9
1645790656938,5.9
1645792457013,6.2
1645794257018,6.7
1645796056997,6.6
1645797857074,6.6
1645799657140,6.9
1645801457117,6.9
1645803257148,6.4
1645805057363,6.1
1645806857082,5.1
1645808657388,5.1
1645810457213,3.9
1645812257385,3.9
1645814057353,3.4
1645815857291,3.4
1645817657433,3.3
1645819457422,3.3
1645821257375,3.1
1645823057520,3.1
1645824857536,3.2
1645826657667,3.2
1645828457492,2.3
1645830257565,2.4
1645832057646,1.0
1645833857681,1.0
1645835657721,0.9
1645837457719,0.9
1645839257742,0.7
1645841057799,0.7
1645842857700,0.7
1645844657676,0.7
1645846457869,0.2
1645848257964,0.2
1645850057914,-0.2
1645851857842,-0.2
1645853657895,0.0
1645855457991,-0.3
1645857257977,-0.3
1645859058035,-0.3
1645860858018,0.1
1645862658062,0.1
1645864458036,2.0
1645866258052,1.6
1645868057962,3.6
1645869858175,3.5
1645871658078,4.4
1645873458022,4.4
1645875258053,5.2
1645877058158,5.2
1645878858267,5.9
1645880658339,6.4
1645882458210,6.7
1645884258280,6.7
1645886058339,6.6
1645887858352,6.6
1645889658325,5.9
1645891458488,6.3
1645893258265,4.9
1645895058376,4.9
1645896858388,3.1
1645898658477,3.1
1645900458404,2.2
1645902258381,2.6
1645904058528,2.8
1645905858576,2.8
1645907658419,2.0
1645909458684,2.0
1645911258612,1.9
1645913058623,1.9
1645914858522,2.2
1645916658797,1.7
1645918458672,1.5
1645920258648,1.5
1645922058673,0.7
1645923858766,0.5
1645925658647,0.4
1645927458786,0.4
1645929258753,0.2
1645931058742,0.2
1645932858782,-0.2
1645934658850,-0.2
1645936458837,-0.1
1645938258904,-0.1
1645940058838,-0.1
1645941858855,-0.1
1645943658985,-0.3
1645945458978,-0.3
1645947258971,0.7
1645949058967,0.7
1645950858846,2.4
1645952658960,2.5
1645954458941,3.9
1645956258914,3.9
1645958058906,4.5
1645959859056,4.5
1645963459103,5.3
1645965259100,5.8
1645967060073,6.3
1645968859004,6.9
1645970659098,6.9
1645972458987,6.7
1645974259038,6.7
1645976059097,5.6
1645977859133,5.8
1645979659079,3.8
1645981459155,3.8
1645983259223,2.4
1645985059261,2.4
1645986859148,1.6
1645988659118,1.8
1645990459328,1.5
1645992259261,1.5
1645994059135,1.4
1645995859217,1.4
1645997659320,0.8
1645999459292,0.8
1646001259256,0.7
1646003059563,0.7
1646004859168,0.7
1646006659261,0.7
1646008459234,0.6
1646010259447,0.6
1646012059305,1.1
1646013859359,1.2
1646015659240,1.5
1646017459391,1.5
1646019259240,1.3
1646021059367,1.3
1646022859277,1.3
1646024659481,1.2
1646026459422,0.4
1646028259520,0.4
1646030059457,-0.5
1646031859447,-0.5
1646033659415,0.8
1646035459560,0.8
1646037259347,2.2
1646039059541,2.4
1646040859396,3.8
1646042659544,3.8
1646044459560,5.0
1646046259597,5.0
1646048059537,6.0
1646049859629,5.9
1646051659436,6.6
1646053459601,6.6
1646055259520,6.9
1646057059607,6.9
1646058859561,6.6
1646060659642,7.1
1646062459483,6.1
1646064259670,6.2
1646066059477,5.1
1646067859625,5.1
1646069659448,3.9
1646071459647,3.9
1646073259645,2.8
1646075059716,3.0
1646076860064,2.6
1646078659666,2.6
1646080459601,2.2
1646082259584,2.2
1646084059618,1.8
1646085859759,1.8
1646087659713,1.6
1646089459851,1.6
1646091260448,1.2
1646093060103,1.2
1646094859987,1.0
1646096659961,1.0
1646098459950,0.9
1646100260141,0.9
1646102060091,0.8
1646103860105,0.8
1646105660267,0.7
1646107460262,0.7
1646109260317,0.9
1646111060356,1.2
1646112860430,1.2
1646114660450,1.2
1646116460455,1.3
1646118260571,1.3
1646120060684,1.6
1646121860683,1.5
1646123661911,2.1
1646125460828,2.1
1646127260717,2.4
1646129060869,2.4
1646130860933,2.4
1646132660883,2.4
1646134460893,2.5
1646136261152,2.6
1646138060956,3.6
1646139861083,4.1
1646141661131,6.5
1646143461311,6.5
1646145261217,6.7
1646147061357,6.2
1646148861304,6.1
1646150661340,6.1
1646152462731,4.6
1646154261383,4.6
1646156061359,2.9
1646157861452,2.9
1646159661464,2.0
1646161461567,2.9
1646163261612,2.6
1646165061674,2.6
1646166861556,2.3
1646168661788,2.3
1646170461665,1.6
1646172261898,1.2
1646174061699,1.0
1646175861877,1.0
1646177661945,0.8
1646179461977,0.8
1646181262041,0.4
1646183062122,0.2
1646184862071,-0.3
1646186662195,-0.3
1646188462203,0.2
1646190262272,0.2
1646192062144,0.5
1646193862306,0.5
1646195662338,0.6
1646197462368,0.6
1646199262419,0.2
1646201062384,0.2
1646202862531,0.3
1646204662422,0.3
1646206462482,1.2
1646208262573,0.7
1646210062603,2.3
1646211862679,2.3
1646213662596,4.6
1646215463174,4.6
1646217262739,6.6
1646219062671,5.8
1646220862876,7.6
1646222662836,7.6
1646224462860,8.0
1646226262851,8.0
1646228063023,7.1
1646229863045,7.1
1646231662989,6.5
1646233463100,7.0
1646235262978,5.6
1646237063177,5.6
1646238863148,4.1
1646240663255,4.1
1646242463145,2.6
1646244264329,3.7
1646246063363,3.1
1646247863401,3.1
1646249663374,2.4
1646251463356,2.4
1646253263385,1.7
1646255063494,1.7
1646256863542,1.3
1646258663563,1.6
1646260463584,1.1
1646262263764,1.1
1646264063647,0.5
1646265863701,0.5
1646267663675,0.3
1646269463765,0.3
1646271263686,0.0
1646273063817,0.0
1646274863870,-0.3
1646276663878,-0.3
1646278463773,-0.4
1646280263854,-0.6
1646282063959,-0.9
1646283864101,-0.9
1646285663978,-0.3
1646287463952,-0.3
1646289263964,-0.3
1646291064197,-0.3
1646292864063,-0.3
1646294664099,-0.3
