1639054800000,4.2
1639058400000,4
1639058400000,3.9
1639062000000,4
1639062000000,4
1639065600000,3.8
1639065600000,3.8
1639069200000,4.4
1639069200000,4.4
1639072800000,4
1639072800000,4
1639076400000,3.9
1639076400000,3.4
1639080000000,3.2
1639080000000,3.2
1639083600000,3.3
1639083600000,3.3
1639087200000,3.1
1639087200000,3.1
1639090800000,3.3
1639090800000,3
1639094400000,3.6
1639094400000,3.6
1639098000000,3.2
1639098000000,3.2
1639101600000,2.5
1639101600000,2.5
1639105200000,2.7
1639105200000,2.7
1639108800000,2.7
1639108800000,2.7
1639112400000,2.9
1639112400000,2.9
1639116000000,3
1639116000000,3
1639119600000,3.1
1639119600000,3.1
1639123200000,2.4
1639123200000,2.1
1639126800000,1.5
1639126800000,1.5
1639129290470,1.3
1639131090548,1.3
1639132890567,2.0
1639134690731,2.0
1639136490837,2.2
1639138290733,2.2
1639140090687,1.6
1639141890746,1.6
1639143690768,2.0
1639145490889,2.0
1639147290846,2.1
1639149090942,2.1
1639150890841,1.6
1639152691134,1.6
1639154490943,1.8
1639156291038,1.8
1639158090986,1.9
1639159891186,1.9
1639161691037,2.1
1639163491105,2.1
1639165291161,1.9
1639167091313,1.9
1639168891245,1.7
1639170691396,1.7
1639172491307,1.6
1639174291487,1.6
1639176091426,2.2
1639177891553,2.2
1639179691621,1.9
1639181491625,1.9
1639183291502,2.0
1639185091699,2.0
1639186891579,1.8
1639188691616,1.8
1639190491748,1.6
1639192291787,1.6
1639194091782,1.6
1639195891823,1.6
1639197691811,1.6
1639199491893,1.6
1639201291984,2.0
1639203092047,2.0
1639204891968,2.3
1639206691965,1.7
1639208492033,2.0
1639210292173,2.0
1639212092084,1.7
1639213892195,1.7
1639215692275,1.5
1639217492276,1.5
1639219292269,1.9
1639221092278,1.9
1639222892357,1.7
1639224692328,1.7
1639226492391,1.2
1639228292467,1.2
1639230092501,1.6
1639231892467,1.6
1639233692408,1.7
1639235492516,1.8
1639237292461,1.4
1639239092600,1.4
1639240892478,1.9
1639242692639,1.9
1639244492650,0.9
1639246292677,0.9
1639248092620,1.6
1639249892771,1.6
1639251692789,1.6
1639253492748,1.6
1639255292657,2.7
1639257092830,2.7
1639258892839,2.9
1639260692789,2.9
1639262492831,1.9
1639264292909,1.9
1639266092990,1.4
1639267892985,1.4
1639269692987,1.6
1639271492998,1.6
1639273292939,1.8
1639275093127,1.8
1639276893009,2.3
1639278693050,2.3
1639280493138,2.7
1639282293174,2.7
1639284093187,3.1
1639285893167,3.1
1639287693100,3.8
1639289493342,3.8
1639291293344,3.9
1639293093376,4.0
1639294893307,3.9
1639296693340,3.9
1639298493436,3.5
1639300293429,3.5
1639302093392,4.9
1639303893457,4.9
1639305693483,4.1
1639307493525,4.1
1639309293362,3.9
1639311093552,3.9
1639312893485,3.7
1639314693615,3.7
1639316493523,3.6
1639318293667,3.6
1639320093609,3.3
1639321893594,3.3
1639323693546,3.0
1639325493782,3.0
1639327293674,1.9
1639329093755,1.9
1639330893616,2.0
1639334493709,1.5
1639336293797,1.5
1639338093699,1.1
1639339893796,1.1
1639341693821,1.0
1639343493847,1.0
1639345293812,0.9
1639347093844,0.9
1639348893867,1.1
1639350693914,1.1
1639352493911,0.8
1639354293981,0.8
1639356093974,1.2
1639357894047,1.2
1639359693909,1.4
1639361494015,1.4
1639363293971,1.1
1639365094063,1.1
1639366894150,1.4
1639368694001,1.4
1639370494034,2.0
1639372294131,2.0
1639374094025,2.5
1639375894109,2.5
1639377694122,3.0
1639379494109,3.0
1639381294042,3.7
1639383094088,3.7
1639384894179,3.6
1639386694348,3.6
1639388494087,3.9
1639390294215,3.9
1639392094091,4.1
1639393894255,4.1
1639395694252,4.3
1639397494305,4.3
1639399294284,4.2
1639401094310,4.2
1639402894241,4.6
1639404694258,4.6
1639406494210,4.3
1639408294302,4.3
1639410094243,3.9
1639411894318,3.9
1639413694413,4.1
1639415494330,4.1
1639417294320,3.8
1639419094395,3.8
1639420894326,4.1
1639422694343,4.1
1639424494352,3.8
1639426294322,3.8
1639428094288,4.1
1639429894347,4.1
1639431694422,3.9
1639433494337,3.9
1639435294471,3.8
1639437094497,3.8
1639438894512,3.9
1639440694497,3.9
1639442494453,3.6
1639444294505,3.6
1639446094478,2.8
1639447894430,2.8
1639449694387,2.4
1639451494492,2.5
1639453294476,2.6
1639455094478,2.6
1639456894528,3.1
1639458694640,3.1
1639460494577,3.4
1639462294611,3.2
1639464094478,3.2
1639465894498,3.2
1639467694569,3.2
1639469494563,3.2
1639471294568,3.4
1639473094588,3.4
1639474894776,3.6
1639476694605,3.6
1639478494555,3.4
1639480294977,3.4
1639482094762,3.8
1639483894856,3.8
1639485694489,3.6
1639487494610,3.6
1639489294549,3.7
1639491094604,3.7
1639492894565,3.7
1639494694591,3.7
1639496494646,3.9
1639498294735,3.9
1639500094713,5.0
1639501894866,5.0
1639503694802,5.2
1639505494966,5.2
1639507294907,5.6
1639509094899,5.6
1639510895000,6.5
1639512695123,6.5
1639514495042,7.0
1639516295205,7.0
1639518095223,6.9
1639519895347,6.9
1639521695310,6.6
1639523495447,6.6
1639525295403,6.8
1639527095412,6.8
1639528895525,7.2
1639530695535,7.2
1639532495675,7.0
1639534295686,7.0
1639536095782,6.6
1639537895846,6.6
1639539695793,6.8
1639541495938,6.8
1639543295819,7.0
1639545096027,6.8
1639546896030,7.0
1639548696066,7.0
1639550496103,7.3
1639552296074,7.3
1639554096102,7.0
1639555896303,7.0
1639557696144,7.3
1639559496277,7.3
1639561296266,7.3
1639563096376,7.3
1639564896467,6.7
1639566696587,6.7
1639568496551,7.1
1639570296729,7.1
1639572096632,6.8
1639573896878,6.8
1639575696598,6.3
1639577496822,6.4
1639579296785,6.2
1639581096825,6.2
1639582896811,6.0
1639584696952,6.0
1639586496934,5.4
1639588296992,5.6
1639590097064,6.2
1639591897080,6.2
1639593697092,6.3
1639595497197,6.3
1639597297132,6.3
1639599097137,6.3
1639600897254,6.5
1639602697306,6.5
1639604497305,6.0
1639606297434,6.0
1639608097476,6.0
1639609897527,6.0
1639611697464,5.9
1639613497589,5.9
1639615297522,5.1
1639617097637,5.1
1639618897682,5.2
1639620697616,5.2
1639622497749,5.3
1639624297842,5.3
1639626097824,4.9
1639627897828,4.9
1639629697903,7.0
1639631497993,7.0
1639633297967,7.1
1639635098125,7.1
1639636898076,6.6
1639638698685,6.6
1639640497988,5.6
1639642298587,5.6
1639644099602,5.5
1639645898276,5.5
1639647698289,6.3
1639649498320,6.3
1639651298319,6.1
1639653098310,6.1
1639654898457,6.4
1639656698511,6.4
1639658498396,6.5
1639660298427,6.5
1639662098546,7.1
1639663898584,7.1
1639665698471,7.1
1639667498827,7.1
1639669298616,7.1
1639671098615,7.1
1639672898614,6.7
1639674698652,6.7
1639676498610,6.2
1639678298682,5.9
1639680098757,5.8
1639681898813,5.8
1639683698794,4.8
1639685498766,4.8
1639687298868,5.2
1639689098806,5.2
1639690898781,4.9
1639692698812,4.9
1639694498932,3.7
1639696298943,3.7
1639698099029,4.2
1639699899052,4.2
1639701699000,4.3
1639703498996,4.3
1639705299084,4.2
1639707099049,4.2
1639708899006,4.5
1639710699062,4.5
1639712499098,4.3
1639714299137,4.3
1639716099121,4.0
1639717899198,4.5
1639719699265,3.9
1639721499307,3.9
1639723299347,4.4
1639725099349,4.4
1639726899176,4.4
1639728699179,4.4
1639730499232,3.9
1639732299375,3.9
1639734099151,3.4
1639735899372,3.4
1639737699307,3.8
1639739499370,3.8
1639741299377,3.3
1639743099420,3.3
1639744899462,2.9
1639746699537,2.9
1639748499397,3.0
1639750299617,3.0
1639752099482,3.4
1639753899502,3.4
1639755699559,3.6
1639757499578,3.6
1639759299524,3.8
1639761099674,3.9
1639762899628,3.4
1639764699628,3.4
1639766499696,2.8
1639768299715,2.8
1639770099596,2.0
1639771899720,1.9
1639773699779,3.1
1639775499743,3.1
1639777299784,3.3
1639779099825,3.3
1639780899829,2.9
1639782699815,2.7
1639784499834,3.3
1639786299927,3.3
1639788099790,3.2
1639789899860,3.2
1639791699856,3.7
1639793499898,3.7
1639795299921,3.7
1639797099989,3.7
1639798899974,3.8
1639800699898,4.2
1639802499878,4.3
1639804300061,4.3
1639806099974,3.7
1639807900048,3.7
1639809700043,3.5
1639811500028,3.5
1639813299989,3.2
1639815100099,3.2
1639816900039,4.0
1639818700165,4.0
1639820501057,4.7
1639822301714,4.7
1639824101132,4.5
1639825901162,4.5
1639827701516,5.2
1639829500936,5.2
1639831301364,5.7
1639833101308,5.7
1639834901247,6.4
1639836701245,6.4
1639838501305,6.2
1639840301040,6.2
1639842101268,6.2
1639843901663,6.2
1639845701580,6.6
1639847501802,6.6
1639849301151,6.8
1639851101490,6.8
1639852901709,7.8
1639854701439,7.8
1639856501549,8.1
1639858301157,8.1
1639860101270,9.7
1639861901387,9.7
1639863701679,9.7
1639865501439,9.7
1639867301746,9.3
1639869101164,9.3
1639870900458,7.9
1639872701140,7.9
1639874500960,7.2
1639876300497,7.2
1639878101402,6.3
1639879901500,6.4
1639881700987,6.9
1639883501213,6.9
1639885301475,6.3
1639887100822,6.3
1639888901040,6.6
1639890700596,6.8
1639892500555,6.1
1639894301658,6.1
1639896101579,6.2
1639897901544,6.2
1639899701513,6.3
1639901500657,6.2
1639903300497,5.8
1639905100696,5.8
1639906900732,5.3
1639908700522,5.3
1639910500688,4.5
1639912300522,4.3
1639914100538,5.4
1639915900665,5.4
1639917700646,5.3
1639919500608,5.3
1639921300665,4.6
1639923100623,4.6
1639924900627,4.0
1639926700916,4.0
1639928500715,3.7
1639930300557,4.1
1639932100787,3.5
1639933900690,3.5
1639935700686,3.2
1639937500709,3.2
1639939300722,3.3
1639941100624,3.3
1639942900683,3.3
1639944700713,3.3
1639946500650,3.5
1639948300596,3.5
1639950100588,3.5
1639951900687,3.5
1639953700784,3.1
1639955500743,3.1
1639957300783,2.8
1639959100841,2.8
1639960901020,2.6
1639962700935,2.7
1639964501026,2.8
1639966301020,2.8
1639968101104,2.7
1639969901228,2.7
1639971701188,2.6
1639973501369,2.6
1639975301250,2.6
1639977101235,2.6
1639978901317,2.5
1639980701460,2.5
1639982501355,2.5
1639984301512,2.5
1639986101603,2.3
1639987901563,2.3
1639989701551,2.4
1639991501532,2.4
1639993301618,2.5
1639995101745,2.5
1639996901767,2.8
1639998701731,2.5
1640000501818,2.8
1640002302020,2.8
1640004102213,2.7
1640005901914,2.7
1640007702075,2.6
1640009502190,2.6
1640011302034,2.7
1640013102291,2.7
1640014902219,2.5
1640016702286,2.5
1640018502194,2.1
1640020302392,2.1
1640022102412,1.8
1640023902526,1.8
1640025702467,1.7
1640027502371,1.7
1640029302509,1.5
1640031102612,1.5
1640032902528,1.1
1640034702625,1.1
1640036502563,1.0
1640038302655,1.0
1640040102623,0.4
1640041902814,0.5
1640043702804,0.7
1640045502886,0.7
1640047302864,0.6
1640049102973,0.6
1640050902866,0.9
1640052703105,0.9
1640054503096,1.0
1640056303075,1.0
1640058102987,1.1
1640059903130,1.1
1640061703080,1.4
1640063503194,1.4
1640065303187,2.3
1640067103315,2.3
1640068903192,2.8
1640070703406,2.8
1640072503278,3.0
1640074303485,3.3
1640076103460,4.4
1640077903495,4.4
1640079703488,4.1
1640081503669,4.1
1640083303573,4.0
1640085103711,4.0
1640086903535,2.0
1640088703758,2.0
1640090503713,1.8
1640092303769,1.8
1640094103768,1.3
1640095903826,1.3
1640097703842,1.2
1640099503921,1.2
1640101303861,1.1
1640103103890,1.1
1640104903905,1.9
1640106704039,2.9
1640108504053,2.7
1640110304011,2.7
1640112104167,2.5
1640113904135,2.5
1640115704130,2.3
1640117504272,2.3
1640119304162,1.6
1640121104252,1.6
1640122904279,1.8
1640124704514,1.8
1640126504357,1.9
1640128304273,1.9
1640130104371,0.6
1640131904421,1.6
1640133704369,1.1
1640135504569,1.1
1640137304435,1.1
1640139104633,1.1
1640140904539,0.6
1640142704636,0.6
1640144504637,1.0
1640146304666,0.6
1640148104545,0.7
1640149904711,0.7
1640151704594,1.1
1640153504758,1.1
1640155304836,1.0
1640157104800,1.0
1640158904826,1.1
1640160704857,1.1
1640162504912,1.3
1640164304925,1.3
1640166104922,1.2
1640167904964,1.2
1640169704870,1.6
1640171504926,1.6
1640173305012,1.3
1640175105041,1.3
1640176905080,1.6
1640178705219,1.6
1640180505030,1.4
1640182305220,1.4
1640184105158,1.5
1640185905089,1.5
1640187705240,1.5
1640189505321,1.5
1640191305241,2.1
1640193105297,2.1
1640194905255,1.0
1640196705298,1.0
1640198505327,1.3
1640200305377,1.3
1640202105525,1.7
1640203905384,1.7
1640205705371,2.5
1640207505325,2.5
1640209305339,3.3
1640211105532,3.3
1640212905392,2.9
1640214705504,3.4
1640216505495,3.2
1640218305516,3.2
1640220105633,2.8
1640221905639,2.8
1640223705611,2.8
1640225505632,3.0
1640227305635,3.4
1640229105633,3.4
1640230905679,2.9
1640232705908,2.9
1640234505730,2.9
1640236305824,2.3
1640238105822,2.5
1640239905714,2.5
1640241705792,2.6
1640243505789,2.6
1640245305773,2.4
1640247105831,2.3
1640248905780,2.3
1640250705959,2.3
1640252505921,2.5
1640254305928,2.5
1640256105950,2.2
1640257905982,2.2
1640259706009,2.1
1640261505985,2.1
1640263306034,2.1
1640265106021,2.1
1640266905975,2.1
1640268705997,1.9
1640270506036,1.4
1640272306152,1.4
1640274105947,1.2
1640275906083,1.2
1640277706090,1.3
1640279506061,1.3
1640281306123,0.7
1640283106079,0.7
1640284906129,1.3
1640286706256,1.3
1640288506197,1.6
1640290306273,1.6
1640292106152,1.8
1640293906211,1.8
1640295706345,3.4
1640297506223,3.4
1640299306149,3.0
1640301106304,3.0
1640302906277,2.2
1640304706533,2.8
1640306506336,3.5
1640308306379,3.5
1640310106355,3.1
1640311906378,3.1
1640313706286,3.7
1640315506300,3.7
1640317306291,2.9
1640319106435,2.9
1640320906331,7.0
1640322706405,7.0
1640324506398,7.8
1640326306339,7.8
1640328106524,6.8
1640329906590,6.8
1640331706431,6.8
1640333506525,6.8
1640335306445,6.5
1640337106443,6.5
1640338906486,6.5
1640340706536,6.5
1640342506501,6.4
1640344306614,6.4
1640346106583,7.0
1640347906566,7.0
1640349706424,5.1
1640351506501,5.1
1640353306586,3.8
1640355106598,3.8
1640356906598,2.3
1640358706676,2.3
1640360506581,2.7
1640362306654,2.7
1640364106622,3.0
1640365906652,3.0
1640367706594,3.0
1640369506629,3.0
1640371306643,2.5
1640373106655,2.5
1640374906633,2.4
1640376706691,2.4
1640378506638,2.4
1640380306720,2.4
1640382106516,2.6
1640383906689,2.6
1640385706552,3.3
1640387506665,3.3
1640389306619,3.8
1640391106681,3.8
1640392906571,3.4
1640394706618,3.4
1640396506651,2.2
1640398306677,2.2
1640400106725,2.3
1640401906666,2.3
1640403706672,2.2
1640405506828,2.2
1640407306601,2.0
1640409106638,1.9
1640410906766,1.6
1640412706747,1.6
1640414506782,1.9
1640416306979,1.9
1640418106848,2.0
1640419906973,2.1
1640421706950,2.0
1640423507074,2.0
1640425307040,2.2
1640427107084,2.2
1640428907230,2.4
1640430707256,2.4
1640432507205,2.9
1640434307386,2.9
1640436107917,3.0
1640437907383,3.0
1640439707407,2.6
1640441507591,2.6
1640443307562,2.5
1640445107645,2.5
1640446907675,2.6
1640448707743,2.6
1640450507774,2.6
1640452307844,2.6
1640454107839,2.5
1640455907936,2.5
1640457708002,2.4
1640459507962,2.4
1640461307968,2.5
1640463108069,2.5
1640464908159,2.5
1640466708289,2.5
1640468508358,2.4
1640470308385,2.4
1640472108277,2.1
1640473908453,2.1
1640475708428,1.9
1640477508426,1.9
1640479308626,2.0
1640481108596,2.0
1640482908750,1.9
1640484708714,1.9
1640486508703,2.1
1640488308617,2.1
1640490108846,2.2
1640491908948,2.2
1640493708913,2.0
1640495509045,2.0
1640497308928,1.8
1640499108952,1.8
1640500908925,1.3
1640502709069,1.3
1640504509043,1.1
1640506309102,1.1
1640508109112,1.1
1640509909088,1.1
1640511709198,1.1
1640513509245,1.3
1640515309160,1.0
1640517109237,1.0
1640518909302,1.4
1640520709404,1.4
1640522509351,1.7
1640524309493,1.7
1640526109421,1.6
1640527909521,1.6
1640529709522,1.4
1640531509518,1.4
1640533309567,1.4
1640535109719,1.4
1640536909734,1.5
1640538709707,1.6
1640540509712,1.5
1640542309867,1.5
1640544109755,1.5
1640545909835,1.5
1640547709957,1.2
1640549509910,1.2
1640551309913,1.7
1640553109938,1.7
1640554910043,1.8
1640556710103,1.8
1640558510096,1.9
1640560310097,2.1
1640562110127,2.2
1640563910150,2.2
1640565710099,1.9
1640567510303,1.9
1640569310319,1.6
1640571110293,1.6
1640572910395,2.0
1640574710400,2.0
1640576510406,2.4
1640578310521,2.2
1640580110529,2.6
1640581910471,2.6
1640583710636,3.3
1640585510509,3.3
1640587310566,3.9
1640589110689,3.9
1640590910655,4.4
1640592710696,4.3
1640594510639,4.6
1640596310698,4.6
1640598110629,5.8
1640599910761,5.8
1640601710789,7.1
1640603510821,7.1
1640605310894,7.3
1640607110877,7.3
1640608910817,7.3
1640610710941,7.3
1640612510942,7.3
1640614311080,7.3
1640616111010,7.5
1640617910995,7.5
1640619711037,7.6
1640621511133,7.6
1640623311170,8.2
1640625111112,8.2
1640626911171,7.7
1640628711283,7.7
1640630511246,7.3
1640632311172,7.3
1640634111318,6.9
1640635911291,6.7
1640637711349,6.8
1640639511338,6.8
1640641311354,6.4
1640643111448,6.4
1640644911328,6.1
1640646711473,6.6
1640648511405,5.9
1640650311544,5.9
1640652111421,5.4
1640653911534,5.4
1640655711629,5.7
1640657511621,5.6
1640659311649,5.5
1640661111591,5.5
1640662911650,5.5
1640664711645,5.5
1640666511672,5.9
1640668311643,5.9
1640670111783,6.1
1640671911672,6.1
1640673711789,5.7
1640675511762,5.7
1640677311844,5.3
1640679111762,5.3
1640680911903,5.3
1640682711925,5.3
1640684511893,5.2
1640686311885,5.2
1640688111975,4.9
1640689911893,4.9
1640691711954,4.6
1640693511941,4.6
1640695311923,4.7
1640697111929,4.7
1640698912035,5.1
1640700712018,5.1
1640702512122,4.7
1640704312135,4.7
1640706112091,3.9
1640707912091,3.9
1640709712135,3.4
1640711512144,3.4
1640713312119,4.1
1640715112147,4.1
1640716912157,3.2
1640718712300,3.2
1640720512287,3.5
1640722312245,3.5
1640724112242,2.8
1640725912299,2.8
1640727712262,1.8
1640729512322,1.8
1640731312304,1.9
1640733112361,1.6
1640734912329,1.7
1640736712348,1.7
1640738512381,2.2
1640740312380,2.2
1640742112396,1.2
1640743912411,1.1
1640745712476,1.1
1640747512526,1.1
1640749312418,1.3
1640751112499,1.3
1640752912581,1.4
1640754712527,1.4
1640756512607,0.8
1640758312506,0.8
1640760112537,0.4
1640761912611,0.4
1640763712626,0.6
1640765512663,0.6
1640767312550,1.2
1640769112666,1.2
1640770912537,0.5
1640772712715,0.5
1640774512720,0.6
1640776312621,0.6
1640778112701,1.1
1640779912748,1.1
1640781712580,1.1
1640783512724,1.1
1640785312687,1.7
1640787112599,1.7
1640788912916,2.0
1640790712802,2.0
1640792512752,2.4
1640794312765,2.6
1640796112726,2.7
1640797912671,2.7
1640799712799,2.5
1640801512785,2.5
1640803312804,2.6
1640805112741,2.6
1640806912800,3.1
1640808712841,3.1
1640810512708,3.7
1640812312880,3.7
1640814112823,4.3
1640815912904,4.3
1640817712844,5.3
1640819512781,5.3
1640821312871,5.3
1640823112872,5.3
1640824912900,5.4
1640826712871,5.4
1640828512862,5.4
1640830313124,5.4
1640832112863,6.5
1640833912951,6.5
1640835712799,6.1
1640837512920,6.1
1640839312929,5.6
1640841113021,5.6
1640842912820,5.2
1640844712847,5.2
1640846512846,5.3
1640848312991,5.3
1640850112869,5.0
1640851912848,5.0
1640853712977,5.6
1640855512880,5.6
1640857312808,5.9
1640859112970,5.9
1640860912928,5.5
1640862712943,5.5
1640864512981,5.2
1640866312906,5.2
1640868112969,5.1
1640869913039,5.1
1640871713114,5.1
1640873513169,5.1
1640875313217,6.5
1640877113365,6.5
1640878913280,7.5
1640880713461,7.5
1640882513277,7.8
1640884313391,8.0
1640886113470,8.0
1640887913604,8.0
1640889713564,8.6
1640891513566,8.6
1640893313580,8.4
1640895113724,8.4
1640896913707,8.7
1640898713887,8.7
1640900513717,8.0
1640902313861,8.0
1640904113807,6.9
1640905913838,6.9
1640907713949,6.4
1640909513997,6.4
1640911314092,5.7
1640913114032,5.7
1640914914138,5.0
1640916714162,5.0
1640918514128,4.3
1640920314296,4.3
1640922114280,3.7
1640923914262,3.7
1640925714413,3.6
1640927514404,3.6
1640929314461,3.5
1640931114581,3.5
1640932914484,3.9
1640934714676,3.9
1640936514649,4.0
1640938314557,4.0
1640940114689,4.5
1640941914805,4.5
1640943714798,4.4
1640945514773,4.4
1640947314880,4.2
1640949114845,4.9
1640950914847,4.9
1640952714873,4.9
1640954514969,4.7
1640956315009,4.7
1640958115069,4.9
1640959915098,4.9
1640961715164,3.9
1640963515133,3.9
1640965315154,3.2
1640967115114,3.2
1640968915260,4.2
1640970715253,4.6
1640972515323,5.0
1640974315330,5.0
1640976115422,5.2
1640977915390,5.5
1640979715430,5.1
1640981515458,5.1
1640983315517,4.8
1640985115524,4.8
1640986915576,4.2
1640988715633,4.2
1640990515678,4.7
1640992315695,4.7
1640994115729,5.2
1640995915733,5.2
1640997715823,5.2
1640999515899,5.2
1641001315895,4.8
1641003115938,5.4
1641004915958,4.3
1641006716047,4.3
1641008515945,2.8
1641010315955,2.8
1641012116060,3.5
1641013916160,3.5
1641015716155,3.1
1641017516259,3.1
1641019316232,2.3
1641021116296,2.3
1641022916286,1.5
1641024716251,1.5
1641026516288,0.6
1641028316468,0.6
1641030116347,0.9
1641031916325,0.7
1641033716387,1.8
1641035516357,1.8
1641037316360,2.6
1641039116565,2.6
1641040916543,3.1
1641042716650,3.1
1641044516622,2.4
1641046316583,2.4
1641048116533,3.4
1641049916811,3.4
1641051716631,3.8
1641053516896,3.7
1641055316904,4.3
1641057116852,4.3
1641058916865,4.7
1641060716972,4.7
1641062516887,4.2
1641064316901,4.2
1641066116966,5.5
1641067916910,6.2
1641069716971,6.5
1641071517060,6.5
1641073317028,6.6
1641075117063,6.6
1641076917115,6.2
1641078717175,6.2
1641080517093,5.5
1641082317145,5.5
1641084117131,5.2
1641085917196,5.2
1641087717222,4.8
1641089517217,5.2
1641091317242,4.6
1641093117260,4.6
1641094917187,4.6
1641096717341,4.6
1641098517314,4.9
1641100317428,5.0
1641102117398,5.1
1641103917440,5.1
1641105717487,5.6
1641107517484,5.6
1641109317367,5.4
1641111117531,5.6
1641112917485,5.5
1641114717484,5.5
1641116517519,5.3
1641118317492,5.3
1641120117512,4.7
1641121917620,5.0
1641123717538,3.6
1641125517561,3.6
1641127317616,2.7
1641129117673,2.7
1641130917664,3.5
1641132717697,3.5
1641134517678,3.2
1641136317779,3.2
1641138117686,3.1
1641139917774,3.2
1641141717854,5.0
1641143517819,5.0
1641145317772,4.8
1641147117906,4.8
1641148917858,5.3
1641150717788,5.3
1641152518003,5.8
1641154317927,6.5
1641156117824,6.4
1641157917947,6.4
1641159717979,6.4
1641161517989,6.4
1641163317903,5.7
1641165117907,6.1
1641166918014,4.9
1641168718104,4.9
1641170518054,4.2
1641172317971,4.2
1641174117981,4.0
1641175918018,4.0
1641177718137,4.0
1641179518164,4.0
1641181318116,3.8
1641183118240,3.8
1641184918167,6.3
1641186718253,6.3
1641188518111,5.9
1641190318261,5.9
1641192118208,5.9
1641193918275,5.9
1641195718081,6.1
1641197518292,6.1
1641199318125,6.8
1641201118301,6.8
1641202918349,6.9
1641204718266,6.9
1641206518324,7.3
1641208318419,7.3
1641210118252,7.6
1641211918368,7.6
1641213718386,7.9
1641215518421,7.9
1641217318314,7.9
1641219118474,7.9
1641220918406,7.8
1641222718502,7.8
1641224519175,7.9
1641226318318,7.9
1641229918302,8.5
1641231718374,8.8
1641233518326,8.8
1641235318459,6.3
1641237118369,6.3
1641238918570,6.1
1641240718494,5.9
1641242518448,4.7
1641244318524,4.7
1641246118473,3.7
1641247918383,3.7
1641249718374,2.7
1641251518430,2.7
1641253318525,2.7
1641255118527,2.7
1641256918518,2.9
1641258718568,3.1
1641260518533,3.3
1641262318628,3.3
1641264118533,3.4
1641265918516,3.4
1641267718612,3.4
1641269518544,3.4
1641271318499,3.8
1641273118656,4.1
1641274918620,4.6
1641276718588,4.6
1641278518556,4.6
1641280318798,4.8
1641282118514,4.6
1641283918525,4.6
1641285718593,4.6
1641287518605,4.6
1641289318629,5.0
1641291118535,5.0
1641292918545,5.3
1641294718692,5.4
1641296518560,6.0
1641298318650,6.0
1641300118672,4.7
1641301918616,4.7
1641303718613,5.1
1641305518624,5.1
1641307318586,6.0
1641309118563,6.0
1641310918660,5.9
1641312718682,5.9
1641314518621,4.6
1641316318669,4.6
1641318118630,5.8
1641319918646,5.8
1641321718628,4.5
1641323518704,4.5
1641325318770,4.8
1641327118795,5.0
1641328918870,7.3
1641330718761,7.3
1641332518847,5.5
1641334318890,5.5
1641336118911,5.8
1641337918943,5.8
1641339719035,4.8
1641341519069,4.8
1641343318995,5.0
1641345119160,5.0
1641346919224,5.3
1641348719366,5.7
1641350519327,6.1
1641352319305,6.1
1641354119422,4.4
1641355919509,4.4
1641357719484,3.9
1641359519559,3.9
1641361319494,3.6
1641363120818,3.6
1641364921106,4.3
1641366721263,4.3
1641368519717,2.4
1641370319922,2.8
1641372119852,2.6
1641373919847,2.6
1641375719859,3.1
1641377519947,3.1
1641379319988,4.2
1641381120114,4.2
1641382920103,5.5
1641384720211,5.5
1641386520158,5.9
1641388320134,5.9
1641390120328,5.1
1641391920347,5.7
1641393720437,5.4
1641395520510,5.4
1641397320357,5.1
1641399120359,5.1
1641400920411,5.3
1641402720401,5.3
1641404520408,4.4
1641406320665,4.4
1641408120604,3.8
1641409920721,3.8
1641411720601,3.2
1641413520845,3.2
1641415320716,2.8
1641417120930,2.8
1641418920859,3.9
1641420720929,3.9
1641422520930,3.5
1641424321057,3.5
1641426121014,3.4
1641427921876,3.4
1641429721869,3.3
1641431521178,3.3
1641433321240,2.8
1641435121328,2.8
1641436921243,2.1
1641438721255,2.1
1641440521322,2.2
1641442321322,2.2
1641444121393,2.1
1641445921535,2.2
1641447721549,1.9
1641449521479,1.9
1641451321406,1.7
1641453121482,1.7
1641454921480,1.8
1641456721639,1.8
1641458521532,1.8
1641460321635,1.8
1641462121673,1.7
1641463921607,1.7
1641465721795,2.4
1641467521772,2.4
1641469321871,2.5
1641471121853,2.5
1641472921948,2.4
1641474721914,2.4
1641476521967,2.2
1641478322013,2.4
1641480122012,2.5
1641481922071,2.5
1641483722092,2.6
1641485522208,2.6
1641487322190,2.4
1641489122302,2.4
1641490922219,2.5
1641492722263,2.5
1641494522262,2.6
1641496322369,2.6
1641498122328,2.9
1641499922452,2.9
1641501722439,3.2
1641503522373,3.2
1641505322484,3.9
1641507122406,3.9
1641508922600,3.5
1641510722559,3.3
1641512522548,4.1
1641514322624,4.1
1641516122652,4.6
1641517922687,4.6
1641519722732,4.7
1641521522795,4.7
1641523322755,5.0
1641525123004,5.0
1641526922844,5.9
1641528722870,5.9
1641530522917,6.0
1641532322975,6.0
1641534122977,6.2
1641535923041,6.2
1641537723040,6.3
1641539523000,6.3
1641541323069,6.7
1641543123117,6.7
1641544923124,6.1
1641546723043,6.1
1641548523136,5.4
1641550323220,5.4
1641552123121,5.3
1641553923243,5.8
1641555723170,4.7
1641557523273,4.7
1641559323144,5.5
1641561123219,5.5
1641562923327,4.0
1641564723234,4.0
1641566523391,3.4
1641568323350,3.4
1641570123364,4.1
1641571923484,4.1
1641573723491,3.8
1641575523451,3.8
1641577323507,3.8
1641579123419,3.8
1641580923464,3.9
1641582723480,3.3
1641584523642,3.9
1641586323601,3.9
1641588123725,4.0
1641589923796,4.0
1641591723708,4.3
1641593523720,4.3
1641595323751,4.2
1641597123744,4.2
1641598923770,4.5
1641600723752,4.5
1641602523849,4.6
1641604323862,4.6
1641606123772,3.7
1641607923826,3.7
1641609723826,3.7
1641611523954,3.7
1641613323772,4.0
1641615123906,4.0
1641616923790,3.8
1641618723898,3.8
1641620523826,4.3
1641622323871,3.9
1641624123912,4.0
1641625923951,4.0
1641627723966,2.8
1641629523948,2.8
1641631324063,4.2
1641633123918,4.2
1641634923930,4.7
1641636724078,4.7
1641638523976,6.1
1641640323998,6.1
1641642124123,5.3
1641643925060,5.3
1641645724073,4.3
1641647524254,4.3
1641649324046,2.9
1641651124262,1.0
1641652924078,0.9
1641654724197,0.9
1641656524079,1.6
1641658324199,1.4
1641660124119,1.6
1641661924263,1.6
1641663724263,2.0
1641665524419,2.0
1641667324369,2.5
1641669124279,2.5
1641670924297,2.8
1641672724269,2.8
1641674524287,2.8
1641676324239,2.8
1641678124351,3.2
1641679924437,3.2
1641681724301,4.7
1641683524274,4.7
1641685324329,5.6
1641687124414,5.6
1641688924428,7.1
1641690724415,7.1
1641692524410,7.1
1641694324513,7.1
1641696124362,7.9
1641697924403,7.9
1641699724348,8.1
1641701524453,8.1
1641703324489,7.4
1641705124518,6.6
1641706924363,6.7
1641708724708,6.7
1641710524491,6.9
1641712324534,6.9
1641714124534,6.2
1641715924471,6.2
1641717724539,6.0
1641719524610,6.0
1641721324526,6.1
1641723124520,6.1
1641724924525,5.8
1641726724641,5.8
1641728524468,5.3
1641730324620,5.3
1641732124629,5.3
1641733924578,5.3
1641735724624,5.5
1641737524615,5.5
1641739324628,6.7
1641741124636,6.7
1641742924604,7.3
1641744724688,7.3
1641746524594,7.3
1641748324625,6.5
1641750124641,6.9
1641751924646,6.9
1641753724598,7.0
1641755524691,7.0
1641757324697,7.3
1641759124554,6.4
1641760924616,6.5
1641762724583,6.5
1641764524561,6.7
1641766324699,6.7
1641768124591,6.4
1641769924632,6.4
1641771724631,6.8
1641773524627,6.8
1641775324593,6.1
1641777124807,6.1
1641778924680,5.4
1641780724733,6.0
1641782524834,5.6
1641784324887,5.6
1641786124893,5.4
1641787924943,5.4
1641789724928,5.6
1641791525031,5.2
1641793325093,5.6
1641795125202,5.6
1641796925104,5.4
1641798725271,4.7
1641800525221,5.2
1641802325358,5.2
1641804125333,5.2
1641805925455,5.2
1641807725488,4.8
1641809525554,4.8
1641811325569,5.7
1641813125673,5.7
1641814925688,5.4
1641816725693,5.4
1641818525645,5.5
1641820325885,5.5
1641822125773,4.7
1641823925967,4.7
1641825725864,2.5
1641827525963,2.5
1641829325987,2.9
1641831126113,2.9
1641832926306,3.2
1641834726131,3.2
1641836526222,3.1
1641838326359,3.1
1641840126271,2.5
1641841926327,2.5
1641843726492,4.0
1641845526454,3.5
1641847326533,3.3
1641849126453,3.3
1641850926598,3.2
1641852726609,3.2
1641854526602,3.5
1641856326600,3.5
1641858126687,3.4
1641859926686,3.4
1641861726758,3.6
1641863526935,3.6
1641865326883,4.5
1641867126863,4.5
1641868926980,3.3
1641870727060,3.3
1641872526983,3.8
1641874327106,3.8
1641876127112,4.9
1641877927266,4.9
1641879727152,4.9
1641881527131,4.9
1641883327230,4.8
1641885127368,4.8
1641886927287,4.4
1641888727265,4.4
1641890527302,5.5
1641892327478,5.5
1641894127499,5.5
1641895927553,5.5
1641897727545,5.4
1641899527514,5.4
1641901327471,5.7
1641903127792,5.7
1641904927635,5.0
1641906727719,5.0
1641908527767,4.4
1641910327821,4.4
1641912128053,4.6
1641913927933,4.6
1641915727869,5.3
1641917527919,5.3
1641919328011,6.0
1641921128095,6.0
1641922927993,6.2
1641924728162,6.2
1641926528144,6.1
1641928328270,6.1
1641930128204,4.4
1641931928280,4.4
1641933728286,3.8
1641935528246,3.8
1641937328289,3.5
1641939128467,3.5
1641940928319,3.1
1641942728551,3.1
1641944528404,4.6
1641946328576,4.6
1641948128424,3.6
1641949928545,3.6
1641951728590,3.2
1641953528622,3.2
1641955328555,3.6
1641957128745,3.6
1641958928696,3.8
1641960728741,3.8
1641962528772,4.0
1641964328848,4.0
1641966128745,3.9
1641967928763,3.9
1641969728906,4.4
1641971529028,4.4
1641973328992,4.8
1641975129018,4.8
1641976928996,5.0
1641978729097,5.0
1641980529118,4.8
1641982330132,4.8
1641984129167,5.5
1641985929185,5.5
1641987729171,6.7
1641989529358,6.7
1641991329222,6.5
1641993129337,6.5
1641994929220,6.4
1641996729475,6.4
1641998529358,6.8
1642000329330,6.8
1642002129340,6.7
1642003929487,6.7
1642005729422,6.4
1642007529508,6.4
1642009329631,6.3
1642011129544,6.3
1642012929535,6.5
1642014729586,7.0
1642016529538,6.2
1642018329680,6.2
1642020129592,6.4
1642021929841,6.4
1642023729848,7.4
1642025529780,7.4
1642027329701,8.3
1642029129803,8.3
1642030929768,7.9
1642032729890,7.9
1642034529718,8.2
1642036329829,8.2
1642038129847,8.0
1642039929969,8.1
1642041729872,8.0
1642043529969,8.0
1642045329904,8.6
1642047129953,8.6
1642048929976,8.5
1642050729975,8.1
1642052530057,7.3
1642054330014,7.3
1642056129967,7.5
1642057929967,7.5
1642059730140,8.3
1642061532432,8.3
1642063330117,8.1
1642065130160,8.1
1642066930221,9.0
1642068730074,9.0
1642069936417,10.2
1642071736542,9.1
1642073536454,10.5
1642075336878,10.5
1642077136494,10.5
1642078936821,10.5
1642080736620,10.0
1642082536815,10.0
1642084336620,9.3
1642086137085,9.3
1642087936789,8.6
1642089737035,8.6
1642091536961,8.1
1642093337022,8.1
1642095136934,9.3
1642096937339,9.5
1642098736982,9.4
1642100537194,9.4
1642102337238,10.1
1642104137287,10.1
1642105937200,10.7
1642107738026,10.7
1642109537402,10.8
1642111337395,10.8
1642113137422,10.7
1642114937601,10.7
1642116737522,10.3
1642118537744,10.3
1642120337625,11.5
1642122137711,11.5
1642123937883,11.3
1642125737817,11.9
1642127537895,12.3
1642129337837,12.3
1642131138001,11.8
1642132938035,11.8
1642134737856,11.4
1642136538023,11.8
1642138337919,10.0
1642140138158,10.0
1642141938120,9.5
1642143738128,9.5
1642145538130,8.7
1642147338302,8.7
1642149138170,8.2
1642150938791,8.2
1642152738354,8.4
1642154538549,8.4
1642156338329,7.9
1642158138803,7.9
1642159938488,7.2
1642161738912,7.2
1642163538551,6.4
1642165338656,6.4
1642167138667,5.2
1642168938888,5.2
1642170738687,4.3
1642172538985,4.3
1642174338702,4.0
1642176138937,4.0
1642177938891,4.2
1642179739116,3.9
1642181538881,3.7
1642183339090,3.7
1642185139016,3.6
1642186939309,3.6
1642188739124,3.3
1642190539234,3.2
1642192339112,2.9
1642194139355,2.9
1642195939158,2.7
1642197739402,2.7
1642199539288,2.9
1642201339716,2.8
1642203139365,2.3
1642204939560,2.3
1642206739412,2.3
1642208539679,2.3
1642210339549,2.4
1642212139748,2.3
1642213939573,2.3
1642215739612,2.3
1642217539620,2.0
1642219339813,2.0
1642221139591,2.0
1642222939778,1.9
1642224739749,2.1
1642226539837,2.1
1642228339708,2.3
1642230139824,2.3
1642231939872,2.6
1642233740099,2.6
1642235539987,2.7
1642237339971,2.7
1642239140038,3.1
1642240940093,3.1
1642242740151,3.4
1642244540168,3.4
1642246340129,3.9
1642248140158,3.9
1642249940225,3.8
1642251740321,3.8
1642253540274,3.8
1642255340285,3.8
1642257140315,3.7
1642258940426,3.7
1642260740333,3.5
1642262540416,3.5
1642264340387,4.0
1642266140591,4.0
1642267940356,3.9
1642269740574,4.0
1642271540620,4.6
1642273340620,4.6
1642275140607,4.2
1642276940684,4.3
1642278740612,4.5
1642280540802,4.5
1642282340654,4.4
1642284140766,4.4
1642285940681,4.8
1642287741005,4.8
1642289540666,5.8
1642291340801,5.8
1642293140812,5.4
1642294941096,5.4
1642296740867,6.7
1642298540944,6.7
1642300340897,6.2
1642302141014,6.0
1642303941035,5.4
1642305740956,5.4
1642307540920,5.1
1642309341267,5.3
1642311141190,4.9
1642312941301,4.9
1642314741133,5.0
1642316541156,5.0
1642318341161,5.4
1642320141363,5.6
1642321941143,5.8
1642323741392,5.8
1642325541193,6.1
1642327341433,6.1
1642329141296,5.8
1642330941346,5.8
1642332741322,6.9
1642334541420,6.9
1642336341262,7.2
1642338141493,7.2
1642339941438,7.3
1642341741716,7.3
1642343541441,9.3
1642345341689,9.3
1642347141379,8.4
1642348941451,8.4
1642350741515,10.3
1642352541512,10.3
1642354341570,11.2
1642356141779,11.2
1642357941532,10.7
1642359741601,10.7
1642361541625,11.2
1642363341674,11.2
1642365141699,11.8
1642366941750,11.8
1642368741704,12.9
1642370541708,12.9
1642372341687,13.7
1642374141965,13.4
1642375941580,14.7
1642377741779,14.7
1642379541760,13.3
1642381341843,13.3
1642383141741,13.4
1642384941734,12.4
1642386741769,11.4
1642388541951,11.4
1642390341781,10.7
1642392141890,10.7
1642393941840,10.1
1642395741961,10.1
1642397541865,9.2
1642399341923,9.2
1642401141850,7.8
1642402942180,7.8
1642404741823,6.9
1642406542024,6.6
1642408341964,6.3
1642410142185,6.3
1642411941922,6.6
1642413742370,6.6
1642415542077,8.1
1642417342089,8.1
1642419142043,8.4
1642420942260,8.4
1642422741973,8.1
1642424542099,8.1
1642426341961,7.5
1642428142130,7.5
1642429942083,5.5
1642431742150,5.5
1642433541987,4.0
1642435342216,4.0
1642437142075,3.2
1642438942259,3.2
1642440742023,3.0
1642442542123,3.0
1642444342055,2.9
1642446142163,2.9
1642447942024,3.0
1642449742217,3.0
1642451542090,3.5
1642453342367,3.5
1642455142218,3.7
1642456942326,3.7
1642458742196,3.7
1642460542383,3.7
1642462342184,3.1
1642464142252,3.1
1642465942110,3.0
1642467742527,3.0
1642469542231,2.9
1642471342329,2.9
1642473142240,3.3
1642474942254,3.3
1642476742227,3.5
1642478542200,3.5
1642480342268,3.6
1642482142414,3.5
1642483942268,3.3
1642485742422,3.3
1642487542330,3.7
1642489342334,3.7
1642491142173,5.4
1642492942387,5.4
1642494742407,6.5
1642496542621,6.5
1642498342324,7.5
1642500142406,7.5
1642501942233,7.2
1642503742396,7.2
1642505542354,7.9
1642507342511,7.9
1642509142325,7.8
1642510942313,7.8
1642512742317,8.9
1642514542345,8.9
1642516342343,7.9
1642518142404,7.9
1642519942384,6.9
1642521742499,6.9
1642523542346,6.7
1642525342501,6.7
1642527142656,6.0
1642528942702,6.0
1642530742681,6.6
1642532542629,6.6
1642534342723,6.4
1642536142868,6.4
1642537942812,5.8
1642539743031,5.8
1642541542930,6.2
1642543343087,6.2
1642545143033,6.1
1642546943311,6.1
1642548743129,5.7
1642550543221,5.7
1642552343110,6.3
1642554143216,6.3
1642555943359,6.6
1642557743456,6.6
1642559543307,6.7
1642561343581,6.7
1642563143505,7.2
1642564943479,7.2
1642566743581,7.1
1642568543637,7.1
1642570343562,8.4
1642572143795,8.4
1642573943686,8.6
1642575743788,8.6
1642577543728,8.7
1642579343959,8.7
1642581143909,8.5
1642582944561,8.5
1642586544344,8.2
1642588343993,8.4
1642590144222,8.4
1642591944190,8.6
1642593744281,8.6
1642595544220,8.7
1642597344281,8.7
1642599144323,8.9
1642600944297,8.9
1642602744469,8.9
1642604544577,8.9
1642606344509,9.7
1642608144512,9.7
1642609944524,10.1
1642611744590,10.1
1642613544626,11.4
1642615344645,11.4
1642617144592,12.5
1642618944786,12.5
1642620744722,12.4
1642622544838,12.4
1642624344742,10.7
1642626144859,10.7
1642627944867,11.2
1642629744907,11.2
1642631544939,10.3
1642633345271,10.3
1642635145051,10.7
1642636945275,10.7
1642638744986,9.9
1642640545175,9.9
1642642345206,9.6
1642644145341,9.6
1642645945153,10.5
1642647745277,10.5
1642649545224,12.6
1642651345424,12.6
1642653145338,12.4
1642654945591,11.6
1642656745415,10.3
1642658545585,10.3
1642660345515,9.7
1642662145646,9.7
1642663945647,9.4
1642665745661,9.4
1642667545693,9.1
1642669345670,9.1
1642671145671,9.5
1642672945846,9.5
1642674745729,10.0
1642676546062,10.0
1642678345779,9.6
1642680146044,9.6
1642681254083,9.6
1642683053784,9.3
1642684853871,9.3
1642686654040,8.8
1642688453931,8.8
1642690253991,8.3
1642692054084,8.3
1642693854031,7.9
1642695654461,7.9
1642697454274,8.4
1642699254320,8.4
1642701054268,7.8
1642702854695,7.8
1642704654365,6.9
1642706454541,6.9
1642708254503,5.6
1642710054695,5.6
1642711854639,4.1
1642713654699,4.1
1642715454690,3.9
1642717254773,4.0
1642719054634,3.7
1642720854837,3.7
1642722654844,3.4
1642724454985,3.4
1642726254889,3.8
1642728055201,3.1
1642729855065,3.0
1642731655052,3.0
1642733454934,3.1
1642735255197,3.1
1642737055153,3.5
1642738855166,3.5
1642740655114,3.4
1642742455312,3.4
1642744255310,3.3
1642746055519,3.3
1642747855399,3.6
1642749655454,3.7
1642751455416,3.5
1642753255533,3.5
1642755055420,3.1
1642756855959,3.1
1642758655751,3.6
1642760455602,3.6
1642762255560,4.2
1642764055850,4.2
1642765855763,4.1
1642767655733,4.1
1642769455716,4.4
1642771255925,4.4
1642773056051,4.3
1642774856097,4.3
1642776656123,4.5
1642778456031,4.5
1642780256113,4.3
1642782056228,4.3
1642783856241,3.4
1642785656128,4.0
1642787456164,2.8
1642789257938,2.8
1642791056289,2.3
1642792856252,2.3
1642794656339,2.3
1642798256531,2.0
1642800056511,2.0
1642801856477,1.5
1642803656688,1.1
1642805456510,0.7
1642807256748,0.7
1642809056644,0.5
1642810856589,0.5
1642812656651,0.4
1642814456852,0.4
1642816256874,1.0
1642818057424,1.0
1642819856937,1.5
1642821656987,1.5
1642823456921,1.9
1642825257014,1.9
1642827056870,2.2
1642828856979,2.2
1642830656967,2.9
1642832457072,2.9
1642834257084,2.6
1642836057133,2.6
1642837857085,2.9
1642839657331,2.7
1642841457315,2.9
1642843257078,2.9
1642845057168,2.7
1642846857334,2.7
1642848657304,2.1
1642850457330,2.1
1642852257340,3.3
1642854057418,3.3
1642855857596,3.7
1642857657537,3.7
1642859457601,3.3
1642861257454,4.0
1642863057532,4.1
1642864857509,4.1
1642866657478,3.2
1642868457559,3.2
1642870257651,3.9
1642872057549,3.9
1642873857674,3.9
1642875657694,3.9
1642877457661,3.9
1642879257803,3.9
1642881057857,3.6
1642882857733,3.6
1642884657818,3.3
1642886457938,3.3
1642888257804,3.3
1642890057856,3.3
1642891858120,3.4
1642893658615,3.4
1642895458020,2.7
1642897257995,2.7
1642899058638,2.7
1642900858495,2.7
1642902658350,3.1
1642904458421,3.1
1642906258352,4.4
1642908058394,4.4
1642909858269,4.1
1642911658325,4.1
1642913458339,5.1
1642915258490,5.1
1642917058569,6.1
1642918858463,6.1
1642920658521,5.7
1642922458364,5.7
1642924258399,4.8
1642926058441,4.8
1642927858440,4.8
1642929658554,4.8
1642931458600,4.9
1642933258567,4.9
1642935059092,5.9
1642936858940,5.9
1642938661132,5.2
1642940458584,5.2
1642942258691,4.8
1642944058984,4.9
1642945858665,4.4
1642947658983,4.4
1642949458734,5.3
1642951258849,5.3
1642953058822,5.2
1642954858793,5.2
1642956658809,5.5
1642958458732,5.5
1642960258858,5.0
1642962058862,5.0
1642963858885,5.2
1642965658940,5.2
1642967458866,4.5
1642969258961,4.4
1642971058810,6.1
1642972858973,6.1
1642974658984,6.1
1642976458913,6.1
1642978259128,6.7
1642980058917,6.7
1642981858999,6.9
1642983659140,6.9
1642985459010,6.7
1642987259118,6.7
1642989059102,7.6
1642990859094,7.6
1642992659124,6.9
1642994459117,6.9
1642996259199,6.7
1642998059324,6.7
1642999859164,6.1
1643001659172,6.1
1643003459318,6.8
1643005259201,6.8
1643007059209,5.2
1643008859309,5.2
1643010659363,6.3
1643012459475,6.3
1643014259424,5.9
1643016059335,5.9
1643017859344,6.1
1643019659508,6.1
1643021459375,6.1
1643023259303,6.1
1643025059584,6.0
1643026859524,6.0
1643028660434,6.3
1643030459668,6.3
1643032259573,6.5
1643034059422,6.5
1643035859397,6.4
1643037659569,6.4
1643039459461,6.3
1643041259369,6.3
1643043059446,6.6
1643044859561,6.6
1643046659388,6.2
1643048459353,6.2
1643050259571,5.8
1643052059502,5.8
1643053859508,6.3
1643055659528,6.3
1643057459675,6.8
1643059259438,6.8
1643061059650,7.3
1643062859517,7.3
1643064659618,7.0
1643066459554,7.0
1643068259735,6.7
1643070059530,6.7
1643071859770,6.4
1643073659634,6.4
1643075459761,6.2
1643077259669,6.4
1643079059644,6.2
1643080859690,6.2
1643082659720,5.3
1643084459709,5.3
1643086259734,5.0
1643088059831,5.0
1643089859729,4.6
1643091659649,4.6
1643093459713,4.0
1643095259852,4.0
1643097059759,3.5
1643098859656,3.5
1643100659769,3.4
1643102459734,3.4
1643104259721,3.9
1643106059701,3.9
1643107859907,4.4
1643109659907,4.4
1643111459734,5.1
1643113259703,5.1
1643115059872,5.3
1643116859823,5.3
1643118659822,5.0
1643120459861,5.0
1643122259754,4.3
1643124059715,4.3
1643125859842,4.2
1643127659874,4.2
1643129459677,3.7
1643131259942,3.7
1643133059855,4.3
1643134859989,4.3
1643136659879,5.6
1643138459948,5.2
1643140259956,5.3
1643142060127,5.3
1643143859915,5.8
1643145660346,5.8
1643147460216,6.0
1643149260114,6.0
1643151060334,6.7
1643152860287,6.4
1643154660420,7.4
1643156460399,7.4
1643158260335,6.9
1643160060665,6.9
1643161860442,7.0
1643163660487,7.2
1643165460670,7.2
1643167260570,7.2
1643169060916,7.5
1643170860770,7.5
1643172660707,7.8
1643174460745,7.8
1643176260960,8.3
1643178060781,8.3
1643179861098,8.3
1643181660970,8.3
1643183461235,8.0
1643185261113,8.0
1643187061042,7.3
1643188861128,7.0
1643190661841,8.0
1643192461480,8.0
1643194261378,7.7
1643196061385,7.7
1643197861298,8.6
1643199661208,8.6
1643201461480,8.8
1643203261459,8.8
1643205061545,10.0
1643206861541,10.0
1643208661880,9.5
1643210461562,9.5
1643212261741,8.6
1643214061735,8.8
1643215861666,7.4
1643217661870,7.4
1643219461801,8.0
1643221261978,8.0
1643223061923,7.7
1643224861952,7.7
1643226662067,7.0
1643228462084,7.0
1643230262064,6.9
1643232062146,6.9
1643233862077,7.4
1643235662251,7.4
1643237462236,6.9
1643239262200,8.1
1643241062336,9.4
1643242862315,9.4
1643244662345,10.3
1643246462372,10.3
1643248262448,10.2
1643250062554,10.2
1643251862560,10.1
1643253662602,10.1
1643255462894,9.5
1643257262580,9.5
1643259062736,8.7
1643260862806,8.7
1643262662753,9.7
1643264462934,9.7
1643266262717,12.0
1643268062837,12.0
1643269862837,13.2
1643271662932,13.2
1643273462954,13.8
1643275263147,13.8
1643277063017,13.8
1643278862923,13.8
1643280663079,13.7
1643282463221,13.7
1643284263178,13.0
1643286063382,13.0
1643287863102,13.5
1643289663280,13.5
1643291463563,13.5
1643293263344,13.5
1643295063317,13.8
1643296863442,13.8
1643298663457,13.4
1643300463457,13.4
1643302263369,12.6
1643304063558,12.6
1643305863451,11.6
1643307663465,11.6
1643309463645,11.0
1643311263660,11.0
1643313063712,11.4
1643314863724,11.4
1643316663674,11.1
1643318463637,11.1
1643320263896,10.7
1643322063787,10.4
1643323863893,9.6
1643325663881,9.6
1643327463932,8.9
1643329263785,8.9
1643331064124,8.7
1643332863968,8.3
1643334663986,8.4
1643336463859,8.4
1643338263883,7.9
1643340063909,7.9
1643341864211,6.3
1643343664005,6.1
1643345464175,5.5
1643347264086,5.5
1643349064328,4.8
1643350864212,4.8
1643352664247,4.2
1643354464223,4.0
1643356264277,3.1
1643358064355,3.1
1643359864320,2.8
1643361664549,2.8
1643363464389,3.3
1643365264697,3.3
1643367064411,3.5
1643368864670,3.4
1643370664432,2.8
1643372464843,2.8
1643374264361,3.0
1643376064569,3.0
1643377864531,3.1
1643379664640,2.9
1643381464659,2.4
1643383264661,2.4
1643385064643,2.8
1643386864763,2.8
1643388664721,2.9
1643390464829,2.9
1643392264622,3.6
1643394064778,3.6
1643395864641,4.3
1643397664894,4.3
1643399464824,4.8
1643401265016,4.8
1643403064753,5.7
1643404864993,5.7
1643406664735,6.4
1643408464984,6.4
1643410264789,7.3
1643412064914,7.3
1643413864956,8.1
1643415664879,8.1
1643417464882,7.0
1643419265100,7.5
1643421064951,8.5
1643422865013,8.5
1643424665053,8.1
1643426465051,8.1
1643428265084,8.2
1643430065107,8.3
1643431864968,8.5
1643433665092,8.5
1643435465297,8.3
1643437265104,8.3
1643439065144,8.2
1643440865201,8.4
1643442665170,9.3
1643444465316,9.3
1643446265211,10.1
1643448065090,10.1
1643449865363,10.9
1643451665293,11.1
1643453465240,12.2
1643455265326,12.2
1643457065289,13.2
1643458865337,13.2
1643460665311,14.6
1643462465238,14.6
1643464265318,14.8
1643466065341,14.8
1643467865390,16.1
1643469665384,16.1
1643471465354,17.4
1643473265281,17.4
1643475065389,15.6
1643476865492,15.6
1643478665471,16.3
1643480465447,16.3
1643482265448,15.4
1643484065510,15.4
1643485865419,17.4
1643487665548,17.4
1643489466816,17.3
1643491265527,17.3
1643493065458,18.1
1643494865601,18.1
1643496665437,15.5
1643498465474,15.5
1643500265444,15.1
1643502065564,15.1
1643503865543,15.4
1643505665462,15.4
1643507465734,17.7
1643509265637,17.7
1643511065749,16.2
1643512865604,16.2
1643514665703,15.9
1643516465546,16.5
1643518265606,15.7
1643520065644,15.7
1643521865662,15.1
1643523665541,15.1
1643525465711,13.2
1643527265684,13.2
1643529065659,12.7
1643530865738,12.7
1643532665870,12.3
1643534465664,12.3
1643536265610,11.5
1643538065665,11.6
1643539865759,10.8
1643541665766,10.8
1643543465601,10.1
1643545265634,10.1
1643547065791,9.8
1643548866110,9.8
1643550665787,8.9
1643552465803,8.9
1643554265833,8.3
1643556065773,8.3
1643557865786,6.4
1643559665972,6.4
1643561465806,3.0
1643563265906,3.0
1643565065948,2.4
1643566865733,2.4
1643568665853,2.4
1643570465793,2.4
1643572265913,2.7
1643574065842,2.7
1643575865858,2.1
1643577665726,2.1
1643579465787,2.3
1643581265757,2.3
1643583065926,2.3
1643584865846,2.3
1643586665878,2.0
1643588465900,2.0
1643590265872,1.7
1643592065995,1.7
1643593865906,1.9
1643595666065,1.9
1643597466136,1.2
1643599266241,1.2
1643601066264,2.6
1643602866313,2.6
1643604666363,2.1
1643606466461,2.1
1643608266327,1.7
1643610066528,1.7
1643611866512,1.6
1643613666494,1.6
1643615466577,1.8
1643617266677,1.8
1643619066690,2.2
1643620866725,2.2
1643622666756,3.2
1643624466912,3.2
1643626267048,2.5
1643628067039,2.5
1643629866990,2.4
1643631667259,2.4
1643633467055,1.5
1643635267064,2.2
1643637067131,2.1
1643638867338,2.1
1643640667311,1.9
1643642467206,1.9
1643644267371,1.5
1643646067501,1.5
1643647867486,2.1
1643649667569,2.1
1643651467621,1.2
1643653267654,1.2
1643655067719,1.7
1643656867708,1.7
1643658667711,2.2
1643660467641,2.2
1643662267840,2.9
1643664067732,2.9
1643665868100,4.0
1643667667826,4.0
1643669467902,4.2
1643671267978,4.2
1643673068145,5.0
1643674868104,5.0
1643676668245,4.9
1643678468238,4.9
1643680268152,4.6
1643682068278,4.6
1643683868307,3.5
1643685668414,3.5
1643687468481,2.9
1643689268441,2.9
1643691068550,2.7
1643692868372,2.7
1643694668607,2.7
1643696468592,2.7
1643698268838,3.3
1643700068673,3.3
1643701868780,3.2
1643703668782,3.2
1643705468834,4.1
1643707268856,4.1
1643709068956,5.1
1643710868782,5.0
1643712668942,4.7
1643714469228,4.7
1643716269017,4.3
1643718068997,4.3
1643719869202,8.6
1643721669064,9.0
1643723469061,11.1
1643725269044,11.1
1643727069099,11.0
1643728869318,11.0
1643730669123,9.9
1643732469173,9.9
1643734269263,8.0
1643736069418,8.0
1643737869496,5.1
1643739669505,5.1
1643741469465,4.1
1643743269441,4.1
1643745069558,3.9
1643746869552,3.9
1643748669566,4.0
1643750469493,4.0
1643752269563,5.3
1643754069719,5.3
1643755869651,7.2
1643757669665,7.2
1643759469824,6.3
1643761269839,6.3
1643763069822,7.6
1643764869880,7.6
1643766669880,9.1
1643768469856,9.1
1643770270638,8.3
1643772069817,8.3
1643773870002,7.6
1643775670071,7.6
1643777470107,5.9
1643779270086,5.9
1643781070144,4.8
1643782869998,4.8
1643784670215,3.3
1643786470213,3.1
1643788270219,2.7
1643790070242,2.7
1643791870628,2.7
1643793670619,2.7
1643795471353,2.8
1643797270291,3.0
1643799070357,2.7
1643800870369,2.7
1643802670403,3.3
1643804470297,3.3
1643806270427,6.7
1643808070495,6.7
1643809870494,6.2
1643811670501,6.2
1643813470493,5.5
1643815270627,5.5
1643817070627,3.1
1643818870736,3.1
1643820670507,3.0
1643822470814,3.0
1643824270765,2.9
1643826070659,2.9
1643827870717,3.6
1643829670799,3.6
1643831470852,4.5
1643833271843,3.7
1643835070802,2.6
1643836870781,2.6
1643838670869,2.8
1643840471899,2.8
1643842270822,4.8
1643844070912,4.8
1643845870990,4.8
1643847670900,4.8
1643849470969,4.7
1643851271022,4.7
1643853070964,4.1
1643854871013,4.1
1643856671078,2.8
1643860271072,2.1
1643862070988,2.1
1643863871138,2.6
1643865671155,2.6
1643867471200,2.8
1643869271191,2.8
1643871071288,3.1
1643872871133,3.1
1643874671251,4.3
1643876471190,4.3
1643878271599,4.6
1643880071341,4.6
1643881871332,4.4
1643883671282,4.1
1643885471384,4.8
1643887271380,4.8
1643889071372,4.8
1643890871337,4.8
1643892671429,5.1
1643894471472,5.2
1643896271541,4.9
1643898071505,4.9
1643899871496,5.2
1643901671572,5.2
1643903471601,5.1
1643905271546,5.1
1643907071403,5.3
1643908871600,5.3
1643910671439,4.9
1643912471512,4.9
1643914271462,5.2
1643916071554,5.2
1643917871458,4.5
1643919671583,4.5
1643921471628,4.5
1643923271635,4.5
1643925071607,5.3
1643926871520,5.3
1643928671662,4.6
1643930471843,4.9
1643932271670,5.8
1643934071743,5.8
1643935871660,5.6
1643937671704,5.6
1643939471678,5.3
1643941271651,5.3
1643943071711,5.9
1643944871741,5.9
1643946671750,6.4
1643948471682,6.4
1643950271657,7.1
1643952071700,7.1
1643953871823,7.8
1643955671749,7.8
1643957471792,8.0
1643959271871,8.0
1643961071813,7.5
1643962871877,7.5
1643964671790,6.2
1643966472448,6.2
1643968271867,4.3
1643970071925,4.3
1643971871765,3.8
1643973671795,3.8
1643975471714,4.0
1643977271826,4.0
1643979071856,3.7
1643980871815,3.7
1643982671880,4.7
1643986271854,3.9
1643988071856,3.9
1643989871769,3.9
1643991671926,3.9
1643993471963,4.2
1643995271892,4.2
1643997071833,4.4
1643998871925,4.4
1644000671939,4.8
1644002471964,4.8
1644004271862,4.6
1644006072018,4.6
1644007872117,4.9
1644009671998,4.9
1644011472043,5.1
1644013271911,5.1
1644015071881,3.7
1644016871980,3.7
1644018672035,5.4
1644020472102,5.4
1644024072025,6.7
1644025871999,6.1
1644027672030,6.1
1644029472027,6.7
1644031271935,6.7
1644033071892,5.7
1644034871980,5.7
1644036671982,6.4
1644038472062,6.4
1644040272062,6.4
1644042072175,6.4
1644043872118,5.9
1644045672249,5.9
1644047472274,7.0
1644049272350,7.0
1644051072425,6.2
1644052872774,6.2
1644054672583,6.3
1644056472404,6.3
1644058272566,6.5
1644060072659,6.5
1644061872805,8.3
1644063672688,8.3
1644065472753,8.6
1644067272911,8.6
1644069072790,8.6
1644070873017,8.6
1644072672818,8.4
1644074472939,8.4
1644076273118,7.7
1644078073088,7.7
1644079873169,7.0
1644081673220,7.0
1644083473104,8.8
1644085273252,8.8
1644087073221,9.2
1644088873195,9.2
1644090673248,8.5
1644092473338,8.5
1644094273325,8.6
1644096073415,8.6
1644097873510,8.8
1644099673643,8.8
1644101473656,8.2
1644103273564,8.2
1644105073606,7.2
1644106873755,7.2
1644108673748,5.4
1644110473750,5.4
1644112273890,5.5
1644114073956,5.4
1644115873973,5.8
1644117674109,5.8
1644119474038,4.9
1644121274019,4.9
1644123074047,4.6
1644124874108,3.9
1644126674103,5.0
1644128474206,5.0
1644130274282,5.7
1644132074227,5.7
1644133874422,7.5
1644135674479,7.5
1644137474399,5.5
1644139274487,5.5
1644141074588,5.9
1644142874494,5.9
1644144674617,6.4
1644146474643,6.4
1644148274597,5.0
1644150074692,5.0
1644151874662,5.8
1644153674682,5.8
1644155474687,4.9
1644157274710,3.8
1644159074648,4.7
1644160874675,4.7
1644162674873,4.8
1644164474958,4.8
1644166274916,4.3
1644168074989,4.3
1644169874990,4.0
1644171674904,4.0
1644173474983,3.0
1644175274955,3.0
1644177075120,3.5
1644178875088,3.5
1644180675181,3.2
1644182475102,3.2
1644184275221,5.3
1644186075216,5.3
1644187875169,5.5
1644189675229,5.5
1644191475314,5.8
1644193275197,5.8
1644195075350,5.5
1644196875278,5.5
1644198675444,5.9
1644200475299,5.9
1644202275421,6.8
1644204075453,6.8
1644205875414,6.2
1644207675415,5.8
1644209475486,6.8
1644211275482,6.8
1644213075572,7.1
1644214875665,7.1
1644216675713,9.1
1644218475968,9.1
1644220275784,8.6
1644222075718,8.6
1644223875698,9.4
1644225675795,9.4
1644227475821,10.1
1644229275796,10.1
1644231075894,10.5
1644232876004,10.5
1644234675827,9.6
1644236475918,9.6
1644238275963,8.5
1644241876045,7.6
1644243676001,7.6
1644245476138,6.9
1644247276003,6.9
1644249076106,6.3
1644250875979,6.3
1644252676203,6.1
1644254476195,6.1
1644256276107,5.9
1644258076172,5.9
1644259876188,5.1
1644263476250,5.1
1644265276301,5.1
1644267076291,5.0
1644268876316,5.0
1644270676325,5.4
1644272476420,5.4
1644274276378,5.0
1644276076351,5.0
1644277876368,6.3
1644281476442,7.6
1644283276600,7.6
1644285076539,8.2
1644286876498,8.2
1644288676533,8.2
1644290476536,8.2
1644292276532,8.5
1644294076708,8.5
1644295876669,9.5
1644297676709,9.3
1644299476742,7.5
1644301276698,7.5
1644303076686,7.2
1644304877029,7.2
1644306676814,7.9
1644310276880,7.9
1644312077142,7.9
1644313876735,8.8
1644315676860,8.8
1644317476950,8.3
1644319276807,8.3
1644321077248,8.7
1644322876926,8.7
1644324676909,9.5
1644326476957,9.5
1644328277006,9.3
1644330076946,9.3
1644331876919,8.6
1644333677027,8.6
1644335476991,6.8
1644337276972,6.8
1644339076905,5.5
1644340877146,5.5
1644342677045,4.8
1644344477100,4.8
1644346277053,5.0
1644348077131,5.0
1644349877140,5.1
1644351677089,5.1
1644353477156,4.5
1644355277139,4.5
1644357077226,4.6
1644358877253,4.6
1644360677300,5.4
1644362477229,5.4
1644364277197,5.9
1644366077290,5.9
1644367877270,5.5
1644369677191,5.8
1644371477272,5.5
1644373277426,5.5
1644375077278,5.6
1644376877333,5.6
1644378677346,5.4
1644380477450,5.6
1644382277361,6.6
1644384077406,6.6
1644385877335,6.5
1644387677237,6.5
1644389477395,5.7
1644391277317,5.9
1644393077284,6.5
1644394877368,6.5
1644396677509,7.7
1644398477368,7.7
1644400277519,9.0
1644402077408,9.4
1644403877583,7.8
1644405677372,7.8
1644407477413,8.4
1644409277365,8.4
1644411077595,8.7
1644412877609,8.4
1644414677522,8.2
1644416477587,8.2
1644418277486,8.7
1644420077533,8.7
1644421877480,6.6
1644423677578,6.6
1644425477555,6.4
1644427277579,6.4
1644429077522,5.4
1644430877532,5.4
1644432677522,5.0
1644434477563,5.0
1644436277637,5.5
1644438077460,5.5
1644439877564,5.9
1644441677568,5.9
1644443477636,6.2
1644445277506,6.2
1644447077592,6.0
1644448877558,6.0
1644450677706,5.6
1644452477735,5.6
1644454277542,5.3
1644456077668,5.3
1644457877670,4.9
1644459677514,4.9
1644461477623,4.8
1644463277612,4.8
1644465077714,5.1
1644466877633,5.1
1644468677507,5.3
1644470477708,5.3
1644472277751,5.2
1644474077592,5.2
1644475877680,4.8
1644477677676,5.6
1644479477666,5.2
1644481277551,5.2
1644483077688,5.1
1644484877687,5.1
1644486677555,6.7
1644488477769,6.5
1644490277633,7.2
1644492077770,7.2
1644493877785,6.9
1644495677876,6.9
1644497477769,7.5
1644499277811,7.5
1644501077935,6.9
1644502878093,6.9
1644504678087,8.0
1644506478157,8.0
1644508278174,6.3
1644510078153,6.3
1644511878267,5.9
1644513678322,5.5
1644515478388,5.3
1644517278398,5.3
1644519078565,5.4
1644520878897,5.4
1644522678524,4.8
1644524478625,4.8
1644526278667,4.6
1644528078664,4.6
1644529878752,4.2
1644531678708,4.2
1644533478813,3.8
1644535278873,3.8
1644537079030,3.1
1644538878915,3.1
1644540679111,3.5
1644542479094,3.5
1644544279179,3.1
1644546079246,3.1
1644547879107,2.9
1644549679313,2.9
1644551479292,3.1
1644553279327,3.1
1644555079387,2.8
1644556879455,2.8
1644558679616,2.4
1644560479437,2.4
1644562279464,3.1
1644564079632,3.5
1644565879621,3.9
1644567679521,3.9
1644569479664,4.8
1644571279702,4.8
1644573079749,6.0
1644574879763,5.6
1644576679876,5.9
1644578479947,5.9
1644580279850,5.8
1644582080018,5.8
1644583880021,5.3
1644585679942,5.3
1644587480064,5.0
1644589280308,5.0
1644591080228,4.7
1644592880276,4.6
1644594680317,3.2
1644596480344,3.2
1644598280352,2.8
1644600080400,2.8
1644601880437,2.7
1644603680355,2.7
1644605480400,3.0
1644607280708,3.0
1644609080573,3.0
1644610880543,3.3
1644612680706,3.5
1644614480700,3.5
1644616280628,3.9
1644618080662,3.9
1644619880669,4.5
1644621680701,5.0
1644623480862,5.4
1644625281079,5.4
1644627080833,4.7
1644628880923,4.7
1644630680786,5.0
1644632481161,5.4
1644634281018,5.5
1644636081144,5.5
1644637880959,5.4
1644639681089,5.4
1644641481164,5.5
1644643281111,5.5
1644645081237,5.4
1644646881285,5.4
1644648681214,6.1
1644650481247,6.1
1644652281107,6.5
1644654081159,6.5
1644655881191,6.9
1644657681355,6.9
1644659481367,7.7
1644661281275,7.7
1644663081439,7.3
1644664881583,7.3
1644666681467,7.7
1644668481585,7.7
1644670281488,7.7
1644672081551,8.2
1644673881567,7.8
1644675681598,7.8
1644677481542,7.9
1644679281624,7.9
1644681081655,8.2
1644682881740,8.1
1644684681720,8.2
1644686481788,8.2
1644688281909,9.2
1644690081996,9.2
1644691881915,8.9
1644693681900,8.9
1644695481848,8.6
1644697281883,9.1
1644699082005,8.3
1644700881919,8.3
1644702682101,8.5
1644704482100,8.5
1644706282075,7.8
1644708082083,7.4
1644709882272,6.9
1644711682175,6.9
1644713482239,7.2
1644715282236,7.2
1644717082221,7.1
1644718882315,7.1
1644720682510,7.1
1644722482289,7.1
1644724282364,7.2
1644726082419,7.2
1644727882461,7.4
1644729682407,7.4
1644731482417,7.3
1644733282464,7.3
1644735082615,6.8
1644736882505,6.8
1644738682683,7.4
1644740482437,7.4
1644742282533,6.7
1644744082438,6.7
1644745882665,6.6
1644747682707,7.1
1644749482515,7.1
1644751282795,7.1
1644753082763,7.1
1644754882751,7.1
1644756682872,7.0
1644758482743,7.1
1644760282838,6.8
1644762082801,6.8
1644763882798,6.3
1644765682762,6.3
1644767482868,5.9
1644769282925,5.9
1644771082907,5.9
1644772883013,5.9
1644774682767,5.2
1644776483050,5.2
1644778282958,5.5
1644780083097,5.5
1644781882996,5.5
1644783683113,5.5
1644785482977,5.1
1644787283071,5.1
1644789083041,5.3
1644790883113,5.3
1644792683172,5.4
1644794483194,5.4
1644796283227,5.6
1644798083226,5.6
1644799883297,5.9
1644801683320,5.9
1644803483291,6.3
1644805283253,6.3
1644807083170,6.2
1644808883317,6.2
1644810683259,5.9
1644812483315,5.9
1644814283208,6.2
1644816083324,6.2
1644817883358,6.5
1644819683256,6.5
1644821483295,6.5
1644823283248,6.5
1644825083306,6.7
1644826883314,6.7
1644828683364,6.0
1644830483309,6.0
1644832283438,6.2
1644834083488,6.2
1644835883421,6.1
1644837683483,6.1
1644839483362,6.0
1644841283486,6.0
1644843083409,6.5
1644844883476,6.5
1644846683473,7.0
1644848483259,7.0
1644850283571,9.3
1644852083549,9.3
1644853883405,8.2
1644855683457,8.2
1644857483489,6.4
1644859283322,6.4
1644861083360,7.6
1644862883422,7.6
1644864683422,7.9
1644866483504,7.8
1644868283392,8.1
1644870083460,8.1
1644871883616,8.9
1644873683476,8.9
1644875483522,7.4
1644877284133,7.4
1644879084483,7.4
1644880884443,7.4
1644882684215,7.7
1644884484197,7.7
1644886284250,6.7
1644888084439,6.7
1644889884241,6.7
1644891684711,7.0
1644893484180,6.5
1644895284137,6.5
1644897084116,5.3
1644898884247,5.3
1644900684238,5.7
1644902484343,5.7
1644904284522,5.9
1644906084388,5.9
1644907884195,6.9
1644909684327,6.9
1644911483716,7.0
1644913283607,7.0
1644915083663,7.0
1644916883622,7.0
1644918683778,7.6
1644920483643,7.6
1644922283569,7.0
1644924083606,7.0
1644925883692,7.0
1644927683671,7.0
1644929483673,6.7
1644931283646,6.8
1644933083635,6.4
1644934883749,6.4
1644936683654,6.3
1644938483561,6.3
1644940283513,5.7
1644942083554,5.7
1644943883545,4.7
1644945683714,4.7
1644947483583,5.7
1644949283707,5.7
1644951083668,6.8
1644952883907,6.8
1644954683909,8.7
1644956484375,8.7
1644958284092,8.3
1644960084203,8.3
1644961884108,7.7
1644963684275,7.7
1644965484341,6.0
1644967284386,6.2
1644969084397,5.7
1644970884324,5.7
1644972684409,5.9
1644974484423,5.9
1644976284503,7.5
1644978084431,7.5
1644979884493,5.5
1644981684595,5.5
1644983484730,5.4
1644985284683,5.4
1644987084751,5.5
1644988884823,5.5
1644990684905,5.0
1644992484997,5.0
1644994284922,4.1
1644996084999,4.1
1644997884933,2.9
1644999685088,2.9
1645001485020,3.6
1645003285126,3.6
1645005085293,4.9
1645006885257,4.9
1645008685447,3.8
1645010485324,3.8
1645012285348,4.5
1645014085636,4.5
1645019486101,6.1
1645021285550,6.1
1645023085558,5.6
1645024885733,5.6
1645026685803,4.1
1645028485818,4.1
1645030285675,3.3
1645032085775,3.3
1645033885868,2.4
1645035685932,2.4
1645037485933,1.5
1645039286499,1.5
1645041085952,4.1
1645042886014,4.1
1645044685988,5.0
1645046486120,5.0
1645048286226,5.2
1645050086223,5.2
1645051886308,5.8
1645053686226,5.8
1645055486361,4.0
1645057286315,4.0
1645059086417,2.8
1645060886459,2.8
1645062686594,3.9
1645064486611,3.9
1645066286633,3.8
1645068086668,3.8
1645069886706,5.0
1645071686559,5.0
1645073486707,5.5
1645075286785,5.5
1645077086791,5.6
1645078886896,5.6
1645080686854,4.2
1645082486813,4.2
1645084286857,4.4
1645086086949,4.4
1645087886991,4.5
1645089687033,4.5
1645091487122,5.8
1645093287155,5.8
1645095087259,6.5
1645096887259,6.5
1645098687190,8.5
1645100487237,8.4
1645102287366,9.4
1645104087256,9.4
1645105887417,8.5
1645107687281,8.5
1645109487396,7.7
1645111287497,7.7
1645113087452,7.7
1645114888551,7.7
1645116687425,6.3
1645118487478,6.3
1645120287613,5.3
1645122087688,5.3
1645123887654,4.9
1645125687706,4.9
1645127487695,6.0
1645129287766,6.0
1645131087742,6.6
1645132887830,6.6
1645134687793,7.2
1645136487897,7.2
1645138287893,8.0
1645140087876,8.0
1645141887971,8.1
1645143687885,8.1
1645145487977,8.7
1645147288013,8.7
1645149088090,9.2
1645150888147,9.2
1645152688170,9.3
1645154488028,9.3
1645156288027,9.4
1645158088142,9.4
1645159888215,7.2
1645161688136,7.0
1645163488299,5.7
1645165288338,5.7
1645167088345,4.5
1645168888467,4.5
1645170688464,6.0
1645172488457,6.0
1645174288466,6.4
1645176088376,6.4
1645177888472,5.7
1645179688572,5.7
1645181488685,4.4
1645183288598,4.4
1645185088605,4.0
1645186888620,4.0
1645188688638,3.8
1645189447701,3.8
1645191247466,5.6
1645193047514,5.6
1645194847598,6.7
1645196647644,6.4
1645198447628,8.3
1645200247725,8.3
1645202047654,10.5
1645203847747,10.5
1645205647736,7.1
1645207447828,9.2
1645209247911,5.4
1645211047897,5.4
1645212848031,5.0
1645214648074,5.0
1645216448104,5.2
1645218248194,5.2
1645220048384,5.0
1645221848372,5.0
1645223648260,4.7
1645225448535,4.7
1645227248307,5.9
1645229048422,5.9
1645230848528,7.2
1645232648785,7.2
1645234448630,10.5
1645236248722,10.5
1645238048764,10.2
1645239848821,10.2
1645241648689,11.2
1645243448901,11.2
1645245248946,8.8
1645247048874,8.8
1645248848896,6.2
1645250648981,6.2
1645252449011,5.0
1645254249110,5.0
1645256049066,3.9
1645257849066,4.0
1645259649044,4.7
1645261449251,4.7
1645263249188,6.0
1645265049367,6.0
1645266849331,7.1
1645268649381,7.1
1645270449447,5.9
1645272249655,5.9
1645274049521,5.8
1645275849546,5.8
1645277649522,7.6
1645279449682,7.6
1645281249691,5.9
1645283049729,5.9
1645284849715,6.3
1645286649850,6.3
1645288449818,6.6
1645290249801,6.6
1645292049924,4.8
1645293849895,4.8
1645295649991,6.5
1645297450014,6.5
1645299249961,6.2
1645301050221,6.2
1645302850141,7.1
1645304650183,7.1
1645306450246,6.6
1645308250283,6.6
1645310050286,5.4
1645311850425,5.4
1645313650331,4.7
1645315450527,4.7
1645317250494,5.0
1645319050514,5.0
1645320850495,4.1
1645322650633,4.1
1645324450518,3.4
1645326250713,3.4
1645328050664,2.7
1645329850753,2.7
1645331650751,2.9
1645333450811,2.9
1645335250780,2.9
1645337050844,2.9
1645338850850,2.7
1645340650798,2.7
1645342450973,2.5
1645344250971,2.9
1645346050970,3.2
1645347850950,3.2
1645349651065,4.2
1645351451164,4.2
1645353251052,5.4
1645355051113,5.4
1645356851272,6.1
1645358651371,6.1
1645360451274,6.7
1645362251349,6.7
1645364051258,8.4
1645365851371,8.4
1645367651297,7.3
1645369451394,7.3
1645371251291,5.7
1645373051486,5.7
1645374851516,5.9
1645376651419,5.9
1645378451575,6.3
1645380251524,5.6
1645382051605,4.5
1645383851603,4.5
1645385651835,4.4
1645387451649,4.4
1645389251732,3.0
1645391051668,3.5
1645392851726,2.5
1645394651617,2.5
1645396451845,1.9
1645398251929,1.9
1645400051722,1.2
1645401851820,1.1
1645403651749,1.7
1645405451859,1.7
1645407251842,6.1
1645409051965,6.1
1645410851855,6.3
1645412652025,6.3
1645414452071,6.9
1645416252011,6.9
1645418052066,6.8
1645419852157,6.8
1645421652079,6.3
1645423452247,6.3
1645425252108,7.1
1645427052234,7.1
1645428852249,6.8
1645430652439,6.8
1645432452184,11.0
1645434252276,11.0
1645436052250,10.6
1645437852479,10.6
1645439652271,10.8
1645441452393,10.8
1645443252325,10.1
1645445052520,10.1
1645446852376,9.1
1645448652543,9.1
1645450452381,8.3
1645452252527,8.3
1645454052510,8.0
1645455852705,8.1
1645457652553,7.4
1645459452774,7.4
1645461252647,5.5
1645463052688,5.5
1645464852526,3.8
1645466652608,3.8
1645468452691,3.3
1645470252735,3.3
1645472052716,2.7
1645473852807,2.7
1645475652750,2.8
1645477452804,2.8
1645479252738,3.0
1645481052863,3.0
1645482852758,3.3
1645484653031,3.3
1645486452893,3.2
1645488252856,3.2
1645490052840,2.7
1645491852845,2.7
1645493652920,2.6
1645495452961,2.6
1645497252863,2.8
1645499053038,3.0
1645500852984,2.3
1645502653040,2.3
1645504452989,2.3
1645506252939,2.3
1645508053091,1.6
1645509853032,1.6
1645511652924,1.0
1645513453145,1.0
1645515253034,1.0
1645517053033,1.0
1645518853086,0.9
1645520653212,0.9
1645522453124,1.5
1645524253120,1.5
1645526053043,2.7
1645527853243,2.7
1645529653154,4.0
1645531453203,4.0
1645533253229,3.6
1645535053191,3.6
1645536853220,3.2
1645538653187,3.2
1645540453212,3.9
1645542253187,3.9
1645544053210,5.1
1645545853333,5.1
1645547653247,4.6
1645549453275,4.6
1645551253212,4.7
1645553053295,4.7
1645554853342,4.8
1645556653353,4.8
1645558453247,5.2
1645560253434,5.2
1645562053329,10.0
1645563853337,10.0
1645565653350,10.3
1645567453401,10.3
1645569253382,10.3
1645571053308,10.3
1645572853279,9.2
1645574653281,9.2
1645576453387,8.2
1645578253402,8.2
1645580053431,9.2
1645581853384,9.2
1645583653410,9.7
1645585453575,9.7
1645587253481,7.8
1645589053446,7.8
1645590853317,7.3
1645592653591,7.3
1645594453389,6.9
1645596253475,6.9
1645598053438,6.1
1645599853402,6.1
1645601653445,6.4
1645603453426,6.4
1645605253391,5.0
1645607053554,5.0
1645608853512,6.1
1645610653745,6.1
1645612453696,6.9
1645614253518,6.9
1645616053457,6.2
1645617853513,6.2
1645619653380,6.5
1645621453395,6.5
1645623253468,6.8
1645625053666,6.8
1645626853508,7.6
1645628653444,7.6
1645630453485,8.0
1645632253566,8.0
1645634053444,8.0
1645635853585,8.4
1645637653587,7.9
1645639453783,7.9
1645641253748,8.4
1645643053905,8.4
1645644853896,9.2
1645646654050,9.2
1645648453952,9.8
1645650254029,9.8
1645652053925,9.8
1645653854040,9.8
1645655654051,10.3
1645657454348,10.3
1645659254220,10.3
1645661054358,10.7
1645662854325,10.5
1645664654388,10.5
1645666454424,10.1
1645668254423,10.1
1645670054512,9.9
1645671854559,9.9
1645673654543,8.9
1645675454743,8.9
1645677254757,8.8
1645679054798,8.8
1645680854699,5.2
1645682654834,5.2
1645684454739,4.2
1645686254870,4.2
1645688054852,5.0
1645689854991,5.0
1645691654881,5.7
1645693455276,5.7
1645695255167,7.2
1645697055108,7.2
1645698855113,6.1
1645700655318,6.1
1645702455279,5.2
1645704255195,5.2
1645706055172,4.1
1645707855384,4.1
1645709655418,3.4
1645711455504,3.4
1645713255384,3.5
1645715055436,3.5
1645716855461,3.3
1645718655696,3.3
1645720455660,2.6
1645722255623,2.6
1645724055636,3.7
1645725855890,3.7
1645727655707,4.6
1645729456134,4.6
1645731255912,4.6
1645733055918,4.6
1645734855956,5.2
1645736656158,5.2
1645738456084,4.3
1645740256216,4.3
1645742056004,4.8
1645743856213,4.9
1645745656106,5.1
1645747456177,5.1
1645749256272,4.1
1645751056278,4.1
1645752856338,5.1
1645754656510,5.1
1645756456470,4.8
1645758256458,4.8
1645760056463,4.5
1645761856566,4.5
1645763656491,4.5
1645765456555,4.5
1645767256625,6.0
1645769056564,6.2
1645770856742,5.6
1645772656733,5.6
1645774456628,5.4
1645776256860,5.4
1645778056823,5.0
1645779856892,5.0
1645781656827,6.1
1645783456922,6.1
1645785256947,4.6
1645787056995,4.6
1645788856897,6.1
1645790656938,6.1
1645792457013,7.1
1645794257018,7.1
1645796056997,7.3
1645797857074,7.3
1645799657140,7.2
1645801457117,7.2
1645803257148,6.3
1645805057363,6.3
1645806857082,5.0
1645808657388,5.0
1645810457213,4.0
1645812257385,4.0
1645814057353,3.3
1645815857291,3.3
1645817657433,3.3
1645819457422,3.3
1645821257375,3.2
1645823057520,3.2
1645824857536,3.4
1645826657667,3.4
1645828457492,2.1
1645830257565,2.9
1645832057646,1.9
1645833857681,1.9
1645835657721,2.1
1645837457719,2.1
1645839257742,1.9
1645841057799,1.9
1645842857700,1.4
1645844657676,1.4
1645846457869,1.2
1645848257964,1.2
1645850057914,1.1
1645851857842,1.1
1645853657895,0.9
1645855457991,0.9
1645857257977,1.2
1645859058035,1.2
1645860858018,1.2
1645862658062,1.2
1645864458036,2.1
1645866258052,2.1
1645868057962,2.8
1645869858175,2.8
1645871658078,2.4
1645873458022,2.4
1645875258053,2.6
1645877058158,2.6
1645878858267,2.4
1645880658339,2.4
1645882458210,2.2
1645884258280,2.2
1645886058339,1.9
1645887858352,1.9
1645889658325,1.2
1645891458488,1.2
1645893258265,1.5
1645895058376,1.5
1645896858388,1.7
1645898658477,1.7
1645900458404,1.9
1645902258381,1.9
1645904058528,1.8
1645905858576,1.8
1645907658419,1.8
1645909458684,1.8
1645911258612,2.1
1645913058623,2.1
1645914858522,2.3
1645916658797,2.2
1645918458672,2.3
1645920258648,2.3
1645922058673,2.1
1645923858766,2.1
1645925658647,2.0
1645927458786,2.0
1645929258753,1.9
1645931058742,1.9
1645932858782,2.3
1645934658850,2.3
1645936458837,2.6
1645938258904,2.6
1645940058838,2.6
1645941858855,2.6
1645943658985,2.9
1645945458978,2.9
1645947258971,3.3
1645949058967,3.3
1645950858846,3.7
1645952658960,3.7
1645954458941,3.9
1645956258914,3.9
1645958058906,4.1
1645959859056,4.1
1645963459103,3.8
1645965259100,3.3
1645967060073,3.3
1645968859004,3.5
1645970659098,3.5
1645972458987,3.3
1645974259038,3.3
1645976059097,2.5
1645977859133,2.5
1645979659079,2.5
1645981459155,2.5
1645983259223,2.8
1645985059261,2.8
1645986859148,3.3
1645988659118,3.3
1645990459328,3.1
1645992259261,3.1
1645994059135,2.8
1645995859217,2.8
1645997659320,3.1
1645999459292,3.1
1646001259256,3.6
1646003059563,3.6
1646004859168,3.6
1646006659261,3.6
1646008459234,3.8
1646010259447,3.8
1646012059305,4.4
1646013859359,4.4
1646015659240,4.5
1646017459391,4.5
1646019259240,4.4
1646021059367,4.4
1646022859277,3.3
1646024659481,3.9
1646026459422,3.2
1646028259520,3.2
1646030059457,3.4
1646031859447,3.4
1646033659415,4.2
1646035459560,4.2
1646037259347,5.0
1646039059541,5.0
1646040859396,5.0
1646042659544,5.0
1646044459560,5.4
1646046259597,5.4
1646048059537,5.7
1646049859629,5.7
1646051659436,5.8
1646053459601,5.8
1646055259520,6.0
1646057059607,6.0
1646058859561,5.7
1646060659642,5.7
1646062459483,4.8
1646064259670,4.8
1646066059477,4.1
1646067859625,4.1
1646069659448,4.2
1646071459647,4.2
1646073259645,4.2
1646075059716,4.2
1646076860064,4.7
1646078659666,4.7
1646080459601,4.7
1646082259584,4.7
1646084059618,4.4
1646085859759,4.4
1646087659713,4.3
1646089459851,4.3
1646091260448,4.3
1646093060103,4.3
1646094859987,4.4
1646096659961,4.4
1646098459950,4.3
1646100260141,4.3
1646102060091,4.6
1646103860105,4.6
1646105660267,5.0
1646107460262,5.0
1646109260317,4.9
1646111060356,5.2
1646112860430,5.1
1646114660450,5.1
1646116460455,4.8
1646118260571,4.8
1646120060684,3.8
1646121860683,3.8
1646123661911,3.0
1646125460828,3.0
1646127260717,3.0
1646129060869,3.0
1646130860933,3.1
1646132660883,3.1
1646134460893,2.9
1646136261152,2.9
1646138060956,3.0
1646139861083,3.0
1646141661131,3.7
1646143461311,3.7
1646145261217,3.1
1646147061357,3.1
1646148861304,2.5
1646150661340,2.5
1646152462731,1.7
1646154261383,1.7
1646156061359,1.9
1646157861452,1.9
1646159661464,2.1
1646161461567,2.1
1646163261612,2.0
1646165061674,2.0
1646166861556,2.0
1646168661788,2.0
1646170461665,1.9
1646172261898,1.9
1646174061699,1.8
1646175861877,1.8
1646177661945,1.8
1646179461977,1.8
1646181262041,1.7
1646183062122,1.7
1646184862071,1.6
1646186662195,1.6
1646188462203,1.9
1646190262272,1.9
1646192062144,2.1
1646193862306,2.1
1646195662338,2.3
1646197462368,2.3
1646199262419,2.2
1646201062384,2.2
1646202862531,2.0
1646204662422,2.0
1646206462482,1.9
1646208262573,2.1
1646210062603,2.1
1646211862679,2.1
1646213662596,2.4
1646215463174,2.4
1646217262739,2.4
1646219062671,2.6
1646220862876,2.6
1646222662836,2.6
1646224462860,2.8
1646226262851,2.8
1646228063023,2.9
1646229863045,2.9
1646231662989,3.0
1646233463100,3.0
1646235262978,3.0
1646237063177,3.0
1646238863148,2.9
1646240663255,2.9
1646242463145,2.9
1646244264329,3.0
1646246063363,2.2
1646247863401,2.2
1646249663374,1.9
1646251463356,1.9
1646253263385,2.1
1646255063494,2.1
1646256863542,2.2
1646258663563,2.2
1646260463584,1.3
1646262263764,1.3
1646264063647,1.1
1646265863701,1.1
1646267663675,1.0
1646269463765,1.0
1646271263686,0.7
1646273063817,0.7
1646274863870,1.0
1646276663878,1.0
1646278463773,1.6
1646280263854,1.6
1646282063959,1.9
1646283864101,1.9
1646285663978,2.4
1646287463952,2.4
1646289263964,2.7
1646291064197,2.7
1646292864063,2.3
1646294664099,2.3
