1639054800000,0.01
1639058400000,0.0
1639058400000,0.0
1639062000000,0
1639062000000,0
1639065600000,0
1639065600000,0
1639069200000,0
1639069200000,0
1639072800000,0
1639072800000,0
1639076400000,0
1639076400000,0
1639080000000,0
1639080000000,0
1639083600000,0
1639083600000,0
1639087200000,0
1639087200000,0
1639090800000,0
1639090800000,0
1639094400000,0
1639094400000,0
1639098000000,0
1639098000000,0
1639101600000,0
1639101600000,0
1639105200000,0
1639105200000,0
1639108800000,0
1639108800000,0
1639112400000,0
1639112400000,0
1639116000000,0
1639116000000,0
1639119600000,0
1639119600000,0
1639123200000,0.01
1639123200000,0.02
1639126800000,0.03
1639126800000,0.03
1639129290464,0.04
1639131090541,0.04
1639132890556,0.07
1639134690724,0.07
1639136490831,0.03
1639138290726,0.03
1639140090680,0.02
1639141890739,0.02
1639143690761,0.0
1639145490882,0.0
1639147290839,0.0
1639149090935,0.0
1639150890833,0.0
1639152691125,0.0
1639154490936,0.0
1639156291031,0.0
1639158090977,0.0
1639159891179,0.0
1639161691029,0.0
1639163491099,0.0
1639165291155,0.0
1639167091305,0.0
1639168891236,0.0
1639170691389,0.0
1639172491299,0.0
1639174291480,0.0
1639176091419,0.0
1639177891544,0.0
1639179691614,0.0
1639181491618,0.0
1639183291495,0.0
1639185091691,0.0
1639186891572,0.0
1639188691609,0.0
1639190491737,0.0
1639192291780,0.0
1639194091774,0.0
1639195891816,0.0
1639197691803,0.0
1639199491887,0.0
1639201291976,0.0
1639203092039,0.0
1639204891961,0.0
1639206691957,0.0
1639208492026,0.01
1639210292167,0.01
1639212092077,0.03
1639213892188,0.03
1639215692267,0.04
1639217492265,0.04
1639219292262,0.03
1639221092271,0.03
1639222892349,0.03
1639224692320,0.03
1639226492384,0.03
1639228292460,0.03
1639230092495,0.0
1639231892456,0.0
1639233692400,0.0
1639235492509,0.0
1639237292455,0.0
1639239092593,0.0
1639240892471,0.0
1639242692631,0.0
1639244492643,0.0
1639246292671,0.0
1639248092613,0.0
1639249892764,0.0
1639251692780,0.0
1639253492741,0.0
1639255292651,0.0
1639257092821,0.0
1639258892832,0.0
1639260692781,0.0
1639262492823,0.0
1639264292901,0.0
1639266092983,0.0
1639267892977,0.0
1639269692980,0.0
1639271492990,0.0
1639273292931,0.0
1639275093120,0.0
1639276893001,0.0
1639278693043,0.0
1639280493131,0.0
1639282293167,0.0
1639284093180,0.0
1639285893161,0.0
1639287693092,0.0
1639289493335,0.0
1639291293337,0.0
1639293093368,0.0
1639294893299,0.0
1639296693333,0.0
1639298493428,0.01
1639300293422,0.01
1639302093384,0.02
1639303893451,0.02
1639305693475,0.02
1639307493517,0.02
1639309293355,0.01
1639311093544,0.01
1639312893477,0.01
1639314693607,0.01
1639316493516,0.0
1639318293660,0.0
1639320093602,0.0
1639321893587,0.0
1639323693537,0.0
1639325493775,0.0
1639327293667,0.0
1639329093747,0.0
1639330893609,0.0
1639334493701,0.0
1639336293789,0.0
1639338093691,0.0
1639339893789,0.0
1639341693813,0.0
1639343493837,0.0
1639345293805,0.0
1639347093838,0.0
1639348893860,0.0
1639350693907,0.0
1639352493904,0.0
1639354293973,0.0
1639356093967,0.0
1639357894039,0.0
1639359693901,0.0
1639361494007,0.0
1639363293964,0.0
1639365094055,0.0
1639366894143,0.0
1639368693995,0.0
1639370494027,0.0
1639372294124,0.0
1639374094017,0.0
1639375894103,0.0
1639377694116,0.0
1639379494101,0.0
1639381294035,0.01
1639383094080,0.01
1639384894172,0.03
1639386694341,0.03
1639388494080,0.03
1639390294208,0.03
1639392094083,0.02
1639393894248,0.02
1639395694245,0.01
1639397494297,0.01
1639399294276,0.0
1639401094303,0.0
1639402894233,0.0
1639404694251,0.0
1639406494204,0.0
1639408294295,0.0
1639410094235,0.0
1639411894309,0.0
1639413694405,0.0
1639415494323,0.0
1639417294313,0.0
1639419094386,0.0
1639420894319,0.0
1639422694336,0.0
1639424494345,0.0
1639426294315,0.0
1639428094280,0.0
1639429894340,0.0
1639431694415,0.0
1639433494329,0.0
1639435294464,0.0
1639437094491,0.0
1639438894504,0.0
1639440694490,0.0
1639442494445,0.0
1639444294497,0.0
1639446094471,0.0
1639447894423,0.0
1639449694379,0.0
1639451494485,0.0
1639453294469,0.0
1639455094469,0.0
1639456894521,0.0
1639458694633,0.0
1639460494569,0.0
1639462294603,0.0
1639464094472,0.0
1639465894491,0.0
1639467694562,0.01
1639469494556,0.01
1639471294561,0.03
1639473094580,0.03
1639474894768,0.03
1639476694598,0.03
1639478494548,0.03
1639480294971,0.03
1639482094755,0.04
1639483894849,0.04
1639485694483,0.03
1639487494603,0.03
1639489294541,0.0
1639491094596,0.0
1639492894559,0.0
1639494694583,0.0
1639496494639,0.0
1639498294728,0.0
1639500094707,0.0
1639501894859,0.0
1639503694795,0.0
1639505494956,0.0
1639507294900,0.0
1639509094892,0.0
1639510894992,0.0
1639512695115,0.0
1639514495035,0.0
1639516295197,0.0
1639518095214,0.0
1639519895340,0.0
1639521695303,0.0
1639523495440,0.0
1639525295395,0.0
1639527095404,0.0
1639528895519,0.0
1639530695528,0.0
1639532495667,0.0
1639534295680,0.0
1639536095775,0.0
1639537895839,0.0
1639539695785,0.0
1639541495931,0.0
1639543295811,0.0
1639545096019,0.0
1639546896023,0.0
1639548696059,0.0
1639550496096,0.0
1639552296067,0.0
1639554096095,0.01
1639555896295,0.01
1639557696137,0.03
1639559496269,0.03
1639561296259,0.03
1639563096369,0.03
1639564896459,0.04
1639566696579,0.04
1639568496544,0.03
1639570296722,0.03
1639572096624,0.02
1639573896871,0.02
1639575696591,0.0
1639577496815,0.0
1639579296778,0.0
1639581096818,0.0
1639582896804,0.0
1639584696945,0.0
1639586496927,0.0
1639588296984,0.0
1639590097057,0.0
1639591897073,0.0
1639593697083,0.0
1639595497191,0.0
1639597297125,0.0
1639599097129,0.0
1639600897247,0.0
1639602697297,0.0
1639604497296,0.0
1639606297427,0.0
1639608097468,0.0
1639609897520,0.0
1639611697457,0.0
1639613497582,0.0
1639615297515,0.0
1639617097630,0.0
1639618897674,0.0
1639620697608,0.0
1639622497741,0.0
1639624297835,0.0
1639626097817,0.0
1639627897821,0.0
1639629697895,0.0
1639631497986,0.0
1639633297960,0.0
1639635098117,0.0
1639636898069,0.0
1639638698679,0.0
1639640497981,0.02
1639642298579,0.02
1639644099594,0.03
1639645898267,0.03
1639647698282,0.03
1639649498312,0.03
1639651298311,0.03
1639653098303,0.03
1639654898449,0.03
1639656698504,0.03
1639658498388,0.02
1639660298420,0.02
1639662098539,0.0
1639663898577,0.0
1639665698464,0.0
1639667498820,0.0
1639669298608,0.0
1639671098608,0.0
1639672898607,0.0
1639674698644,0.0
1639676498603,0.0
1639678298674,0.0
1639680098750,0.0
1639681898807,0.0
1639683698787,0.0
1639685498759,0.0
1639687298861,0.0
1639689098799,0.0
1639690898774,0.0
1639692698805,0.0
1639694498925,0.0
1639696298935,0.0
1639698099021,0.0
1639699899043,0.0
1639701698992,0.0
1639703498989,0.0
1639705299076,0.0
1639707099042,0.0
1639708899000,0.0
1639710699055,0.0
1639712499090,0.0
1639714299129,0.0
1639716099114,0.0
1639717899191,0.0
1639719699259,0.0
1639721499299,0.0
1639723299340,0.0
1639725099341,0.0
1639726899169,0.01
1639728699172,0.01
1639730499225,0.03
1639732299367,0.03
1639734099144,0.03
1639735899364,0.03
1639737699300,0.03
1639739499361,0.03
1639741299369,0.03
1639743099412,0.03
1639744899455,0.02
1639746699530,0.02
1639748499390,0.0
1639750299610,0.0
1639752099474,0.0
1639753899495,0.0
1639755699552,0.0
1639757499569,0.0
1639759299517,0.0
1639761099667,0.0
1639762899621,0.0
1639764699620,0.0
1639766499688,0.0
1639768299707,0.0
1639770099589,0.0
1639771899713,0.0
1639773699771,0.0
1639775499736,0.0
1639777299776,0.0
1639779099817,0.0
1639780899822,0.0
1639782699808,0.0
1639784499824,0.0
1639786299920,0.0
1639788099783,0.0
1639789899851,0.0
1639791699850,0.0
1639793499891,0.0
1639795299913,0.0
1639797099983,0.0
1639798899967,0.0
1639800699891,0.0
1639802499870,0.0
1639804300054,0.0
1639806099967,0.0
1639807900041,0.0
1639809700035,0.0
1639811500019,0.0
1639813299981,0.02
1639815100092,0.02
1639816900026,0.03
1639818700159,0.03
1639820501050,0.03
1639822301707,0.03
1639824101125,0.03
1639825901155,0.03
1639827701508,0.03
1639829500929,0.03
1639831301356,0.02
1639833101301,0.02
1639834901239,0.01
1639836701237,0.01
1639838501299,0.0
1639840301032,0.0
1639842101261,0.0
1639843901655,0.0
1639845701573,0.0
1639847501795,0.0
1639849301143,0.0
1639851101484,0.0
1639852901701,0.0
1639854701432,0.0
1639856501542,0.0
1639858301151,0.0
1639860101263,0.0
1639861901380,0.0
1639863701672,0.0
1639865501432,0.0
1639867301739,0.0
1639869101157,0.0
1639870900449,0.0
1639872701133,0.0
1639874500954,0.0
1639876300489,0.0
1639878101394,0.0
1639879901492,0.0
1639881700980,0.0
1639883501206,0.0
1639885301468,0.0
1639887100815,0.0
1639888901033,0.0
1639890700588,0.0
1639892500547,0.0
1639894301652,0.0
1639896101572,0.0
1639897901537,0.0
1639899701506,0.02
1639901500650,0.02
1639903300490,0.03
1639905100689,0.03
1639906900725,0.03
1639908700515,0.03
1639910500681,0.03
1639912300515,0.03
1639914100531,0.03
1639915900659,0.03
1639917700639,0.03
1639919500601,0.03
1639921300658,0.01
1639923100615,0.01
1639924900620,0.0
1639926700908,0.0
1639928500708,0.0
1639930300549,0.0
1639932100779,0.0
1639933900683,0.0
1639935700679,0.0
1639937500702,0.0
1639939300715,0.0
1639941100617,0.0
1639942900676,0.0
1639944700706,0.0
1639946500643,0.0
1639948300589,0.0
1639950100581,0.0
1639951900680,0.0
1639953700776,0.0
1639955500735,0.0
1639957300776,0.0
1639959100833,0.0
1639960901013,0.0
1639962700927,0.0
1639964501019,0.0
1639966301013,0.0
1639968101097,0.0
1639969901220,0.0
1639971701181,0.0
1639973501361,0.0
1639975301241,0.0
1639977101228,0.0
1639978901309,0.0
1639980701453,0.0
1639982501348,0.0
1639984301504,0.0
1639986101594,0.02
1639987901556,0.02
1639989701544,0.03
1639991501524,0.03
1639993301611,0.03
1639995101737,0.03
1639996901759,0.03
1639998701724,0.03
1640000501811,0.03
1640002302012,0.03
1640004102204,0.03
1640005901906,0.03
1640007702068,0.01
1640009502183,0.01
1640011302027,0.0
1640013102284,0.0
1640014902212,0.0
1640016702278,0.0
1640018502187,0.0
1640020302385,0.0
1640022102405,0.0
1640023902519,0.0
1640025702460,0.0
1640027502364,0.0
1640029302503,0.0
1640031102604,0.0
1640032902520,0.0
1640034702618,0.0
1640036502555,0.0
1640038302648,0.0
1640040102616,0.0
1640041902807,0.0
1640043702797,0.0
1640045502879,0.0
1640047302856,0.0
1640049102965,0.0
1640050902860,0.0
1640052703099,0.0
1640054503089,0.0
1640056303068,0.0
1640058102979,0.0
1640059903123,0.0
1640061703072,0.0
1640063503187,0.0
1640065303181,0.0
1640067103308,0.0
1640068903185,0.0
1640070703399,0.0
1640072503271,0.01
1640074303478,0.01
1640076103452,0.03
1640077903487,0.03
1640079703477,0.04
1640081503660,0.04
1640083303566,0.03
1640085103704,0.03
1640086903527,0.03
1640088703751,0.03
1640090503706,0.03
1640092303762,0.03
1640094103761,0.0
1640095903820,0.0
1640097703835,0.0
1640099503913,0.0
1640101303853,0.0
1640103103883,0.0
1640104903898,0.0
1640106704032,0.0
1640108504046,0.0
1640110304004,0.0
1640112104157,0.0
1640113904128,0.0
1640115704123,0.0
1640117504265,0.0
1640119304155,0.0
1640121104245,0.0
1640122904271,0.0
1640124704507,0.0
1640126504351,0.0
1640128304267,0.0
1640130104364,0.0
1640131904412,0.0
1640133704361,0.0
1640135504563,0.0
1640137304429,0.0
1640139104627,0.0
1640140904532,0.0
1640142704629,0.0
1640144504630,0.0
1640146304659,0.0
1640148104539,0.0
1640149904705,0.0
1640151704587,0.0
1640153504751,0.0
1640155304827,0.0
1640157104793,0.0
1640158904819,0.0
1640160704851,0.0
1640162504904,0.01
1640164304919,0.01
1640166104913,0.01
1640167904957,0.01
1640169704863,0.01
1640171504920,0.01
1640173305005,0.01
1640175105025,0.01
1640176905073,0.0
1640178705212,0.0
1640180505021,0.0
1640182305212,0.0
1640184105152,0.0
1640185905081,0.0
1640187705233,0.0
1640189505312,0.0
1640191305233,0.0
1640193105290,0.0
1640194905247,0.0
1640196705286,0.0
1640198505321,0.0
1640200305371,0.0
1640202105517,0.0
1640203905376,0.0
1640205705363,0.0
1640207505319,0.0
1640209305333,0.0
1640211105525,0.0
1640212905385,0.0
1640214705497,0.0
1640216505487,0.0
1640218305508,0.0
1640220105626,0.0
1640221905631,0.0
1640223705604,0.0
1640225505625,0.0
1640227305628,0.0
1640229105626,0.0
1640230905672,0.0
1640232705900,0.0
1640234505722,0.0
1640236305816,0.0
1640238105815,0.0
1640239905707,0.0
1640241705784,0.0
1640243505781,0.0
1640245305765,0.0
1640247105824,0.0
1640248905772,0.0
1640250705951,0.0
1640252505915,0.01
1640254305920,0.01
1640256105943,0.01
1640257905976,0.01
1640259706003,0.01
1640261505977,0.01
1640263306027,0.01
1640265106014,0.01
1640266905968,0.0
1640268705990,0.0
1640270506029,0.0
1640272306146,0.0
1640274105940,0.0
1640275906076,0.0
1640277706083,0.0
1640279506055,0.0
1640281306115,0.0
1640283106072,0.0
1640284906121,0.0
1640286706248,0.0
1640288506191,0.0
1640290306265,0.0
1640292106146,0.0
1640293906203,0.0
1640295706335,0.0
1640297506216,0.0
1640299306141,0.0
1640301106297,0.0
1640302906269,0.0
1640304706525,0.0
1640306506329,0.0
1640308306372,0.0
1640310106347,0.0
1640311906371,0.0
1640313706279,0.0
1640315506294,0.0
1640317306284,0.0
1640319106428,0.0
1640320906324,0.0
1640322706396,0.0
1640324506391,0.0
1640326306332,0.0
1640328106517,0.0
1640329906583,0.0
1640331706423,0.01
1640333506517,0.01
1640335306437,0.04
1640337106436,0.04
1640338906479,0.03
1640340706528,0.03
1640342506493,0.03
1640344306607,0.03
1640346106576,0.03
1640347906559,0.03
1640349706417,0.04
1640351506494,0.04
1640353306579,0.01
1640355106591,0.01
1640356906591,0.0
1640358706669,0.0
1640360506574,0.0
1640362306645,0.0
1640364106615,0.0
1640365906644,0.0
1640367706587,0.0
1640369506622,0.0
1640371306635,0.0
1640373106648,0.0
1640374906627,0.0
1640376706683,0.0
1640378506630,0.0
1640380306712,0.0
1640382106509,0.0
1640383906682,0.0
1640385706545,0.0
1640387506658,0.0
1640389306611,0.0
1640391106674,0.0
1640392906563,0.0
1640394706609,0.0
1640396506644,0.0
1640398306670,0.0
1640400106717,0.0
1640401906659,0.0
1640403706665,0.0
1640405506821,0.0
1640407306595,0.0
1640409106631,0.0
1640410906752,0.0
1640412706740,0.0
1640414506775,0.0
1640416306971,0.0
1640418106841,0.02
1640419906965,0.02
1640421706943,0.03
1640423507067,0.03
1640425307032,0.03
1640427107077,0.03
1640428907223,0.03
1640430707249,0.03
1640432507196,0.03
1640434307378,0.03
1640436107909,0.04
1640437907376,0.04
1640439707400,0.01
1640441507584,0.01
1640443307555,0.0
1640445107638,0.0
1640446907668,0.0
1640448707736,0.0
1640450507767,0.0
1640452307837,0.0
1640454107832,0.0
1640455907928,0.0
1640457707995,0.0
1640459507955,0.0
1640461307959,0.0
1640463108063,0.0
1640464908152,0.0
1640466708283,0.0
1640468508351,0.0
1640470308379,0.0
1640472108270,0.0
1640473908447,0.0
1640475708421,0.0
1640477508419,0.0
1640479308620,0.0
1640481108588,0.0
1640482908743,0.0
1640484708707,0.0
1640486508696,0.0
1640488308611,0.0
1640490108838,0.0
1640491908941,0.0
1640493708905,0.0
1640495509039,0.0
1640497308921,0.0
1640499108945,0.0
1640500908919,0.0
1640502709063,0.0
1640504509037,0.02
1640506309095,0.02
1640508109104,0.03
1640509909081,0.03
1640511709191,0.03
1640513509238,0.03
1640515309153,0.03
1640517109231,0.03
1640518909295,0.03
1640520709397,0.03
1640522509343,0.04
1640524309486,0.04
1640526109415,0.01
1640527909514,0.01
1640529709515,0.0
1640531509510,0.0
1640533309559,0.0
1640535109711,0.0
1640536909727,0.0
1640538709700,0.0
1640540509704,0.0
1640542309860,0.0
1640544109748,0.0
1640545909828,0.0
1640547709951,0.0
1640549509903,0.0
1640551309907,0.0
1640553109931,0.0
1640554910036,0.0
1640556710096,0.0
1640558510088,0.0
1640560310090,0.0
1640562110119,0.0
1640563910143,0.0
1640565710092,0.0
1640567510295,0.0
1640569310312,0.0
1640571110287,0.0
1640572910388,0.0
1640574710393,0.0
1640576510399,0.0
1640578310513,0.0
1640580110522,0.0
1640581910463,0.0
1640583710628,0.0
1640585510501,0.0
1640587310559,0.0
1640589110683,0.0
1640590910647,0.01
1640592710688,0.01
1640594510631,0.02
1640596310691,0.02
1640598110622,0.03
1640599910753,0.03
1640601710782,0.03
1640603510814,0.03
1640605310887,0.03
1640607110871,0.03
1640608910811,0.02
1640610710934,0.02
1640612510935,0.0
1640614311073,0.0
1640616111003,0.0
1640617910988,0.0
1640619711029,0.0
1640621511127,0.0
1640623311163,0.0
1640625111105,0.0
1640626911164,0.0
1640628711275,0.0
1640630511239,0.0
1640632311165,0.0
1640634111311,0.0
1640635911283,0.0
1640637711343,0.0
1640639511331,0.0
1640641311347,0.0
1640643111441,0.0
1640644911320,0.0
1640646711467,0.0
1640648511397,0.0
1640650311537,0.0
1640652111413,0.0
1640653911527,0.0
1640655711621,0.0
1640657511611,0.0
1640659311641,0.0
1640661111584,0.0
1640662911643,0.0
1640664711638,0.0
1640666511665,0.0
1640668311636,0.0
1640670111775,0.0
1640671911664,0.0
1640673711781,0.0
1640675511755,0.0
1640677311831,0.0
1640679111755,0.0
1640680911895,0.0
1640682711917,0.0
1640684511885,0.01
1640686311879,0.01
1640688111968,0.01
1640689911885,0.01
1640691711945,0.01
1640693511933,0.01
1640695311915,0.0
1640697111921,0.0
1640698912028,0.0
1640700712011,0.0
1640702512115,0.0
1640704312127,0.0
1640706112083,0.0
1640707912084,0.0
1640709712128,0.0
1640711512137,0.0
1640713312111,0.0
1640715112140,0.0
1640716912149,0.0
1640718712293,0.0
1640720512280,0.0
1640722312236,0.0
1640724112235,0.0
1640725912292,0.0
1640727712255,0.0
1640729512315,0.0
1640731312297,0.0
1640733112354,0.0
1640734912321,0.0
1640736712340,0.0
1640738512375,0.0
1640740312373,0.0
1640742112388,0.0
1640743912403,0.0
1640745712468,0.0
1640747512519,0.0
1640749312411,0.0
1640751112492,0.0
1640752912573,0.0
1640754712520,0.0
1640756512599,0.0
1640758312499,0.0
1640760112531,0.0
1640761912604,0.0
1640763712619,0.01
1640765512656,0.01
1640767312544,0.03
1640769112658,0.03
1640770912529,0.03
1640772712708,0.03
1640774512713,0.04
1640776312615,0.04
1640778112695,0.03
1640779912740,0.03
1640781712572,0.03
1640783512716,0.03
1640785312679,0.01
1640787112592,0.01
1640788912908,0.0
1640790712795,0.0
1640792512743,0.0
1640794312757,0.0
1640796112717,0.0
1640797912664,0.0
1640799712791,0.0
1640801512777,0.0
1640803312797,0.0
1640805112735,0.0
1640806912792,0.0
1640808712835,0.0
1640810512700,0.0
1640812312873,0.0
1640814112816,0.0
1640815912897,0.0
1640817712837,0.0
1640819512775,0.0
1640821312864,0.0
1640823112865,0.0
1640824912891,0.0
1640826712864,0.0
1640828512856,0.0
1640830313116,0.0
1640832112856,0.0
1640833912942,0.0
1640835712792,0.0
1640837512912,0.0
1640839312921,0.0
1640841113015,0.0
1640842912813,0.0
1640844712840,0.0
1640846512839,0.0
1640848312980,0.0
1640850112862,0.0
1640851912840,0.0
1640853712969,0.01
1640855512873,0.01
1640857312801,0.03
1640859112963,0.03
1640860912921,0.03
1640862712936,0.03
1640864512972,0.03
1640866312899,0.03
1640868112963,0.03
1640869913032,0.03
1640871713107,0.01
1640873513161,0.01
1640875313211,0.0
1640877113359,0.0
1640878913273,0.0
1640880713455,0.0
1640882513271,0.0
1640884313384,0.0
1640886113463,0.0
1640887913597,0.0
1640889713556,0.0
1640891513559,0.0
1640893313573,0.0
1640895113717,0.0
1640896913700,0.0
1640898713880,0.0
1640900513709,0.0
1640902313855,0.0
1640904113799,0.0
1640905913831,0.0
1640907713942,0.0
1640909513991,0.0
1640911314085,0.0
1640913114024,0.0
1640914914131,0.0
1640916714155,0.0
1640918514121,0.0
1640920314289,0.0
1640922114273,0.0
1640923914255,0.0
1640925714406,0.0
1640927514397,0.0
1640929314455,0.0
1640931114573,0.0
1640932914476,0.0
1640934714669,0.0
1640936514641,0.0
1640938314549,0.0
1640940114682,0.0
1640941914797,0.0
1640943714791,0.01
1640945514767,0.01
1640947314869,0.01
1640949114838,0.02
1640950914840,0.02
1640952714867,0.02
1640954514963,0.02
1640956315001,0.02
1640958115061,0.01
1640959915091,0.01
1640961715158,0.0
1640963515127,0.0
1640965315147,0.0
1640967115106,0.0
1640968915253,0.0
1640970715245,0.0
1640972515316,0.0
1640974315323,0.0
1640976115415,0.0
1640977915383,0.0
1640979715423,0.0
1640981515451,0.0
1640983315511,0.0
1640985115517,0.0
1640986915569,0.0
1640988715626,0.0
1640990515671,0.0
1640992315676,0.0
1640994115721,0.0
1640995915724,0.0
1640997715815,0.0
1640999515892,0.0
1641001315888,0.0
1641003115931,0.0
1641004915951,0.0
1641006716039,0.0
1641008515939,0.0
1641010315948,0.0
1641012116053,0.0
1641013916152,0.0
1641015716147,0.0
1641017516252,0.0
1641019316224,0.0
1641021116288,0.0
1641022916279,0.01
1641024716244,0.01
1641026516272,0.02
1641028316460,0.02
1641030116340,0.03
1641031916317,0.02
1641033716379,0.02
1641035516351,0.02
1641037316352,0.01
1641039116557,0.01
1641040916535,0.01
1641042716643,0.01
1641044516615,0.0
1641046316575,0.0
1641048116525,0.0
1641049916803,0.0
1641051716624,0.0
1641053516889,0.0
1641055316897,0.0
1641057116845,0.0
1641058916857,0.0
1641060716965,0.0
1641062516880,0.0
1641064316894,0.0
1641066116959,0.0
1641067916903,0.0
1641069716963,0.0
1641071517053,0.0
1641073317020,0.0
1641075117055,0.0
1641076917108,0.0
1641078717168,0.0
1641080517087,0.0
1641082317137,0.0
1641084117124,0.0
1641085917189,0.0
1641087717215,0.0
1641089517210,0.0
1641091317235,0.0
1641093117253,0.0
1641094917180,0.0
1641096717334,0.0
1641098517307,0.0
1641100317421,0.0
1641102117389,0.0
1641103917433,0.0
1641105717480,0.0
1641107517476,0.0
1641109317360,0.01
1641111117524,0.01
1641112917479,0.03
1641114717477,0.03
1641116517512,0.03
1641118317485,0.03
1641120117505,0.04
1641121917612,0.05
1641123717532,0.01
1641125517555,0.01
1641127317608,0.0
1641129117666,0.0
1641130917657,0.0
1641132717690,0.0
1641134517671,0.0
1641136317771,0.0
1641138117679,0.0
1641139917767,0.0
1641141717848,0.0
1641143517813,0.0
1641145317765,0.0
1641147117899,0.0
1641148917851,0.0
1641150717781,0.0
1641152517996,0.0
1641154317920,0.0
1641156117816,0.0
1641157917940,0.0
1641159717971,0.0
1641161517983,0.0
1641163317896,0.0
1641165117899,0.0
1641166918007,0.0
1641168718097,0.0
1641170518047,0.0
1641172317964,0.0
1641174117975,0.0
1641175918011,0.0
1641177718129,0.0
1641179518157,0.0
1641181318108,0.0
1641183118233,0.0
1641184918159,0.0
1641186718247,0.0
1641188518103,0.0
1641190318253,0.0
1641192118197,0.0
1641193918267,0.0
1641195718074,0.01
1641197518285,0.01
1641199318117,0.01
1641201118293,0.01
1641202918343,0.03
1641204718259,0.03
1641206518317,0.04
1641208318412,0.04
1641210118245,0.03
1641211918360,0.03
1641213718379,0.02
1641215518414,0.02
1641217318306,0.01
1641219118468,0.01
1641220918399,0.0
1641222718495,0.0
1641224519167,0.0
1641226318312,0.0
1641229918295,0.0
1641231718367,0.0
1641233518319,0.0
1641235318452,0.0
1641237118363,0.0
1641238918561,0.0
1641240718487,0.0
1641242518439,0.0
1641244318516,0.0
1641246118465,0.0
1641247918375,0.0
1641249718365,0.0
1641251518423,0.0
1641253318517,0.0
1641255118519,0.0
1641256918512,0.0
1641258718561,0.0
1641260518526,0.0
1641262318621,0.0
1641264118524,0.0
1641265918509,0.0
1641267718605,0.0
1641269518536,0.0
1641271318492,0.0
1641273118648,0.0
1641274918612,0.0
1641276718581,0.0
1641278518548,0.0
1641280318791,0.0
1641282118507,0.01
1641283918519,0.01
1641285718587,0.03
1641287518599,0.03
1641289318621,0.04
1641291118527,0.04
1641292918537,0.07
1641294718684,0.07
1641296518552,0.03
1641298318643,0.03
1641300118665,0.02
1641301918608,0.02
1641303718606,0.01
1641305518616,0.01
1641307318579,0.0
1641309118556,0.0
1641310918652,0.0
1641312718674,0.0
1641314518615,0.0
1641316318663,0.0
1641318118623,0.0
1641319918639,0.0
1641321718620,0.0
1641323518697,0.0
1641325318763,0.0
1641327118787,0.0
1641328918863,0.0
1641330718755,0.0
1641332518839,0.0
1641334318883,0.0
1641336118903,0.0
1641337918935,0.0
1641339719027,0.0
1641341519063,0.0
1641343318988,0.0
1641345119153,0.0
1641346919216,0.0
1641348719359,0.0
1641350519319,0.0
1641352319298,0.0
1641354119415,0.0
1641355919503,0.0
1641357719477,0.0
1641359519551,0.0
1641361319487,0.0
1641363120811,0.0
1641364921099,0.0
1641366721256,0.0
1641368519710,0.01
1641370319915,0.01
1641372119844,0.03
1641373919840,0.03
1641375719851,0.04
1641377519940,0.04
1641379319979,0.06
1641381120107,0.06
1641382920095,0.03
1641384720203,0.03
1641386520151,0.03
1641388320127,0.03
1641390120320,0.01
1641391920340,0.01
1641393720430,0.0
1641395520503,0.0
1641397320351,0.0
1641399120352,0.0
1641400920404,0.0
1641402720395,0.0
1641404520400,0.0
1641406320659,0.0
1641408120597,0.0
1641409920715,0.0
1641411720593,0.0
1641413520839,0.0
1641415320709,0.0
1641417120922,0.0
1641418920851,0.0
1641420720921,0.0
1641422520923,0.0
1641424321049,0.0
1641426121004,0.0
1641427921869,0.0
1641429721862,0.0
1641431521171,0.0
1641433321233,0.0
1641435121321,0.0
1641436921236,0.0
1641438721248,0.0
1641440521315,0.0
1641442321315,0.0
1641444121387,0.0
1641445921528,0.0
1641447721525,0.0
1641449521472,0.0
1641451321399,0.0
1641453121473,0.0
1641454921473,0.02
1641456721632,0.02
1641458521524,0.03
1641460321627,0.03
1641462121667,0.03
1641463921600,0.03
1641465721788,0.05
1641467521765,0.05
1641469321863,0.03
1641471121846,0.03
1641472921940,0.03
1641474721905,0.03
1641476521960,0.02
1641478322005,0.02
1641480122005,0.0
1641481922064,0.0
1641483722085,0.0
1641485522201,0.0
1641487322183,0.0
1641489122295,0.0
1641490922211,0.0
1641492722255,0.0
1641494522255,0.0
1641496322363,0.0
1641498122321,0.0
1641499922444,0.0
1641501722431,0.0
1641503522367,0.0
1641505322477,0.0
1641507122399,0.0
1641508922593,0.0
1641510722552,0.0
1641512522541,0.0
1641514322617,0.0
1641516122644,0.0
1641517922680,0.0
1641519722725,0.0
1641521522784,0.0
1641523322748,0.0
1641525122996,0.0
1641526922838,0.0
1641528722863,0.0
1641530522910,0.0
1641532322968,0.0
1641534122970,0.0
1641535923035,0.0
1641537723032,0.0
1641539522992,0.0
1641541323062,0.0
1641543123111,0.0
1641544923117,0.01
1641546723035,0.01
1641548523129,0.03
1641550323213,0.03
1641552123113,0.06
1641553923236,0.04
1641555723163,0.02
1641557523265,0.02
1641559323136,0.01
1641561123211,0.01
1641562923320,0.0
1641564723226,0.0
1641566523384,0.0
1641568323343,0.0
1641570123357,0.0
1641571923477,0.0
1641573723484,0.0
1641575523444,0.0
1641577323500,0.0
1641579123413,0.0
1641580923456,0.0
1641582723473,0.0
1641584523635,0.0
1641586323594,0.0
1641588123717,0.0
1641589923787,0.0
1641591723700,0.0
1641593523712,0.0
1641595323743,0.0
1641597123737,0.0
1641598923764,0.0
1641600723745,0.0
1641602523842,0.0
1641604323855,0.0
1641606123764,0.0
1641607923819,0.0
1641609723819,0.0
1641611523947,0.0
1641613323764,0.0
1641615123899,0.0
1641616923783,0.0
1641618723891,0.0
1641620523819,0.0
1641622323863,0.0
1641624123905,0.0
1641625923943,0.0
1641627723957,0.01
1641629523940,0.01
1641631324056,0.03
1641633123911,0.03
1641634923923,0.03
1641636724071,0.03
1641638523969,0.03
1641640323990,0.07
1641642124116,0.03
1641643925052,0.03
1641645724065,0.04
1641647524247,0.04
1641649324039,0.01
1641651124255,0.01
1641652924071,0.0
1641654724191,0.0
1641656524072,0.0
1641658324192,0.0
1641660124112,0.0
1641661924255,0.0
1641663724256,0.0
1641665524412,0.0
1641667324361,0.0
1641669124272,0.0
1641670924290,0.0
1641672724261,0.0
1641674524279,0.0
1641676324232,0.0
1641678124344,0.0
1641679924429,0.0
1641681724295,0.0
1641683524267,0.0
1641685324321,0.0
1641687124407,0.0
1641688924421,0.0
1641690724408,0.0
1641692524403,0.0
1641694324506,0.0
1641696124354,0.0
1641697924395,0.0
1641699724341,0.0
1641701524445,0.0
1641703324483,0.0
1641705124511,0.0
1641706924356,0.0
1641708724701,0.0
1641710524484,0.0
1641712324527,0.0
1641714124527,0.0
1641715924464,0.0
1641717724532,0.0
1641719524600,0.0
1641721324520,0.01
1641723124512,0.01
1641724924518,0.01
1641726724634,0.01
1641728524461,0.01
1641730324611,0.01
1641732124623,0.0
1641733924571,0.0
1641735724616,0.0
1641737524608,0.0
1641739324621,0.0
1641741124628,0.0
1641742924598,0.0
1641744724681,0.0
1641746524587,0.0
1641748324604,0.0
1641750124634,0.0
1641751924638,0.0
1641753724591,0.0
1641755524683,0.0
1641757324691,0.0
1641759124547,0.0
1641760924608,0.0
1641762724576,0.0
1641764524554,0.0
1641766324691,0.0
1641768124583,0.0
1641769924624,0.0
1641771724624,0.0
1641773524619,0.0
1641775324586,0.0
1641777124798,0.0
1641778924673,0.0
1641780724726,0.0
1641782524827,0.0
1641784324880,0.0
1641786124884,0.0
1641787924936,0.0
1641789724921,0.0
1641791525023,0.0
1641793325087,0.0
1641795125195,0.0
1641796925096,0.0
1641798725264,0.0
1641800525213,0.01
1641802325351,0.01
1641804125325,0.03
1641805925447,0.03
1641807725481,0.07
1641809525547,0.07
1641811325561,0.07
1641813125661,0.07
1641814925681,0.06
1641816725686,0.06
1641818525637,0.03
1641820325877,0.03
1641822125767,0.02
1641823925960,0.02
1641825725856,0.0
1641827525955,0.0
1641829325979,0.0
1641831126107,0.0
1641832926299,0.0
1641834726123,0.0
1641836526215,0.0
1641838326351,0.0
1641840126264,0.0
1641841926320,0.0
1641843726485,0.0
1641845526447,0.0
1641847326526,0.0
1641849126447,0.0
1641850926591,0.0
1641852726603,0.0
1641854526595,0.0
1641856326592,0.0
1641858126680,0.0
1641859926677,0.0
1641861726752,0.0
1641863526928,0.0
1641865326875,0.0
1641867126856,0.0
1641868926972,0.0
1641870727053,0.0
1641872526975,0.0
1641874327099,0.0
1641876127103,0.0
1641877927259,0.0
1641879727143,0.0
1641881527123,0.0
1641883327222,0.0
1641885127360,0.0
1641886927279,0.0
1641888727257,0.0
1641890527295,0.01
1641892327471,0.01
1641894127492,0.03
1641895927545,0.03
1641897727537,0.02
1641899527507,0.02
1641901327463,0.02
1641903127785,0.02
1641904927627,0.01
1641906727712,0.01
1641908527760,0.0
1641910327815,0.0
1641912128045,0.0
1641913927925,0.0
1641915727863,0.0
1641917527911,0.0
1641919328003,0.0
1641921128087,0.0
1641922927981,0.0
1641924728153,0.0
1641926528137,0.0
1641928328263,0.0
1641930128197,0.0
1641931928273,0.0
1641933728279,0.0
1641935528239,0.0
1641937328283,0.0
1641939128459,0.0
1641940928311,0.0
1641942728544,0.0
1641944528396,0.0
1641946328569,0.0
1641948128415,0.0
1641949928537,0.0
1641951728584,0.0
1641953528615,0.0
1641955328547,0.0
1641957128737,0.0
1641958928689,0.0
1641960728734,0.0
1641962528763,0.0
1641964328840,0.0
1641966128737,0.0
1641967928756,0.0
1641969728899,0.0
1641971529020,0.0
1641973328984,0.02
1641975129010,0.02
1641976928990,0.03
1641978729089,0.03
1641980529111,0.07
1641982330125,0.07
1641984129159,0.07
1641985929178,0.07
1641987729163,0.06
1641989529352,0.06
1641991329213,0.03
1641993129328,0.03
1641994929213,0.01
1641996729468,0.01
1641998529351,0.0
1642000329323,0.0
1642002129332,0.0
1642003929480,0.0
1642005729416,0.0
1642007529501,0.0
1642009329623,0.0
1642011129537,0.0
1642012929527,0.0
1642014729579,0.0
1642016529532,0.0
1642018329672,0.0
1642020129585,0.0
1642021929835,0.0
1642023729840,0.0
1642025529773,0.0
1642027329691,0.0
1642029129795,0.0
1642030929760,0.0
1642032729883,0.0
1642034529711,0.0
1642036329821,0.0
1642038129831,0.0
1642039929961,0.0
1642041729865,0.0
1642043529959,0.0
1642045329897,0.0
1642047129946,0.0
1642048929969,0.0
1642050729968,0.0
1642052530049,0.0
1642054330005,0.0
1642056129955,0.0
1642057929959,0.0
1642059730132,0.01
1642061532425,0.01
1642063330109,0.02
1642065130152,0.02
1642066930212,0.05
1642068730067,0.05
1642069936410,0.06
1642071736532,0.06
1642073536446,0.06
1642075336872,0.06
1642077136484,0.02
1642078936813,0.02
1642080736605,0.01
1642082536807,0.01
1642084336612,0.0
1642086137077,0.0
1642087936783,0.0
1642089737025,0.0
1642091536953,0.0
1642093337016,0.0
1642095136927,0.0
1642096937331,0.0
1642098736974,0.0
1642100537185,0.0
1642102337231,0.0
1642104137280,0.0
1642105937191,0.0
1642107738019,0.0
1642109537395,0.0
1642111337388,0.0
1642113137415,0.0
1642114937595,0.0
1642116737515,0.0
1642118537736,0.0
1642120337617,0.0
1642122137702,0.0
1642123937876,0.0
1642125737808,0.0
1642127537887,0.0
1642129337831,0.0
1642131137995,0.0
1642132938028,0.0
1642134737848,0.0
1642136538013,0.0
1642138337911,0.0
1642140138151,0.0
1642141938112,0.0
1642143738121,0.0
1642145538123,0.02
1642147338294,0.02
1642149138163,0.03
1642150938783,0.03
1642152738347,0.05
1642154538542,0.05
1642156338322,0.05
1642158138796,0.05
1642159938480,0.05
1642161738904,0.05
1642163538544,0.03
1642165338648,0.03
1642167138659,0.02
1642168938879,0.02
1642170738680,0.0
1642172538977,0.0
1642174338695,0.0
1642176138931,0.0
1642177938883,0.0
1642179739109,0.0
1642181538874,0.0
1642183339084,0.0
1642185139009,0.0
1642186939301,0.0
1642188739116,0.0
1642190539227,0.0
1642192339103,0.0
1642194139348,0.0
1642195939151,0.0
1642197739396,0.0
1642199539280,0.0
1642201339708,0.0
1642203139357,0.0
1642204939552,0.0
1642206739404,0.0
1642208539672,0.0
1642210339540,0.0
1642212139740,0.0
1642213939567,0.0
1642215739603,0.0
1642217539613,0.0
1642219339805,0.0
1642221139583,0.0
1642222939771,0.0
1642224739742,0.0
1642226539828,0.0
1642228339700,0.0
1642230139817,0.0
1642231939864,0.01
1642233740092,0.01
1642235539979,0.03
1642237339963,0.03
1642239140031,0.07
1642240940087,0.07
1642242740139,0.07
1642244540161,0.07
1642246340122,0.06
1642248140149,0.06
1642249940218,0.03
1642251740315,0.03
1642253540267,0.01
1642255340277,0.01
1642257140307,0.0
1642258940419,0.0
1642260740325,0.0
1642262540409,0.0
1642264340380,0.0
1642266140584,0.0
1642267940348,0.0
1642269740566,0.0
1642271540612,0.0
1642273340613,0.0
1642275140600,0.0
1642276940675,0.0
1642278740604,0.0
1642280540795,0.0
1642282340647,0.0
1642284140759,0.0
1642285940673,0.0
1642287740997,0.0
1642289540658,0.0
1642291340793,0.0
1642293140804,0.0
1642294941088,0.0
1642296740860,0.0
1642298540937,0.0
1642300340889,0.0
1642302141007,0.0
1642303941027,0.0
1642305740949,0.0
1642307540913,0.0
1642309341259,0.0
1642311141184,0.0
1642312941292,0.0
1642314741124,0.0
1642316541147,0.0
1642318341153,0.01
1642320141355,0.01
1642321941136,0.02
1642323741385,0.02
1642325541185,0.05
1642327341426,0.05
1642329141287,0.06
1642330941338,0.06
1642332741315,0.06
1642334541412,0.06
1642336341255,0.03
1642338141486,0.03
1642339941431,0.02
1642341741709,0.02
1642343541434,0.0
1642345341683,0.0
1642347141372,0.0
1642348941444,0.0
1642350741507,0.0
1642352541505,0.0
1642354341563,0.0
1642356141771,0.0
1642357941524,0.0
1642359741594,0.0
1642361541617,0.0
1642363341667,0.0
1642365141692,0.0
1642366941742,0.0
1642368741696,0.0
1642370541702,0.0
1642372341680,0.0
1642374141958,0.0
1642375941572,0.0
1642377741768,0.0
1642379541753,0.0
1642381341836,0.0
1642383141733,0.0
1642384941727,0.0
1642386741762,0.0
1642388541940,0.0
1642390341774,0.0
1642392141883,0.0
1642393941831,0.0
1642395741954,0.0
1642397541857,0.0
1642399341915,0.0
1642401141844,0.0
1642402942172,0.0
1642404741816,0.02
1642406542016,0.02
1642408341956,0.03
1642410142177,0.03
1642411941916,0.05
1642413742364,0.05
1642415542069,0.05
1642417342081,0.05
1642419142033,0.05
1642420942252,0.05
1642422741964,0.03
1642424542092,0.03
1642426341955,0.02
1642428142124,0.02
1642429942076,0.0
1642431742143,0.0
1642433541980,0.0
1642435342209,0.0
1642437142067,0.0
1642438942252,0.0
1642440742015,0.0
1642442542116,0.0
1642444342048,0.0
1642446142155,0.0
1642447942016,0.0
1642449742209,0.0
1642451542083,0.0
1642453342359,0.0
1642455142211,0.0
1642456942320,0.0
1642458742189,0.0
1642460542376,0.0
1642462342177,0.0
1642464142244,0.0
1642465942103,0.0
1642467742519,0.0
1642469542223,0.0
1642471342318,0.0
1642473142231,0.0
1642474942247,0.0
1642476742220,0.0
1642478542193,0.0
1642480342261,0.0
1642482142408,0.0
1642483942261,0.0
1642485742413,0.0
1642487542322,0.0
1642489342327,0.0
1642491142165,0.01
1642492942380,0.01
1642494742400,0.03
1642496542614,0.03
1642498342317,0.07
1642500142400,0.07
1642501942224,0.07
1642503742389,0.07
1642505542347,0.06
1642507342504,0.06
1642509142317,0.03
1642510942305,0.03
1642512742309,0.02
1642514542336,0.02
1642516342336,0.0
1642518142397,0.0
1642519942377,0.0
1642521742492,0.0
1642523542339,0.0
1642525342495,0.0
1642527142648,0.0
1642528942693,0.0
1642530742675,0.0
1642532542622,0.0
1642534342716,0.0
1642536142861,0.0
1642537942805,0.0
1642539743023,0.0
1642541542923,0.0
1642543343080,0.0
1642545143026,0.0
1642546943304,0.0
1642548743121,0.0
1642550543215,0.0
1642552343103,0.0
1642554143208,0.0
1642555943352,0.0
1642557743449,0.0
1642559543299,0.0
1642561343573,0.0
1642563143497,0.0
1642564943472,0.0
1642566743575,0.0
1642568543630,0.0
1642570343555,0.0
1642572143787,0.0
1642573943679,0.0
1642575743780,0.0
1642577543721,0.01
1642579343950,0.01
1642581143903,0.02
1642582944553,0.02
1642586544337,0.03
1642588343986,0.04
1642590144215,0.04
1642591944184,0.03
1642593744273,0.03
1642595544211,0.01
1642597344275,0.01
1642599144316,0.01
1642600944291,0.01
1642602744463,0.0
1642604544571,0.0
1642606344501,0.0
1642608144504,0.0
1642609944517,0.0
1642611744583,0.0
1642613544619,0.0
1642615344637,0.0
1642617144585,0.0
1642618944779,0.0
1642620744716,0.0
1642622544831,0.0
1642624344735,0.0
1642626144852,0.0
1642627944860,0.0
1642629744900,0.0
1642631544931,0.0
1642633345264,0.0
1642635145043,0.0
1642636945268,0.0
1642638744979,0.0
1642640545168,0.0
1642642345199,0.0
1642644145332,0.0
1642645945146,0.0
1642647745269,0.0
1642649545217,0.0
1642651345417,0.0
1642653145331,0.0
1642654945584,0.0
1642656745408,0.0
1642658545577,0.0
1642660345507,0.0
1642662145639,0.0
1642663945639,0.02
1642665745655,0.02
1642667545685,0.03
1642669345663,0.03
1642671145663,0.05
1642672945837,0.05
1642674745722,0.04
1642676546051,0.04
1642678345771,0.05
1642680146036,0.05
1642681254076,0.05
1642683053776,0.03
1642684853863,0.03
1642686654023,0.02
1642688453923,0.02
1642690253983,0.0
1642692054075,0.0
1642693854024,0.0
1642695654455,0.0
1642697454268,0.0
1642699254312,0.0
1642701054260,0.0
1642702854688,0.0
1642704654356,0.0
1642706454535,0.0
1642708254495,0.0
1642710054688,0.0
1642711854631,0.0
1642713654692,0.0
1642715454683,0.0
1642717254766,0.0
1642719054625,0.0
1642720854830,0.0
1642722654836,0.0
1642724454978,0.0
1642726254882,0.0
1642728055195,0.0
1642729855057,0.0
1642731655043,0.0
1642733454925,0.0
1642735255190,0.0
1642737055147,0.0
1642738855159,0.0
1642740655108,0.0
1642742455305,0.0
1642744255303,0.0
1642746055511,0.0
1642747855391,0.0
1642749655447,0.0
1642751455409,0.02
1642753255526,0.02
1642755055412,0.03
1642756855951,0.03
1642758655743,0.06
1642760455595,0.06
1642762255552,0.06
1642764055843,0.06
1642765855755,0.07
1642767655726,0.07
1642769455709,0.04
1642771255916,0.04
1642773056044,0.02
1642774856089,0.02
1642776656116,0.0
1642778456023,0.0
1642780256105,0.0
1642782056221,0.0
1642783856235,0.0
1642785656120,0.0
1642787456156,0.0
1642789257931,0.0
1642791056281,0.0
1642792856245,0.0
1642794656331,0.0
1642798256524,0.0
1642800056504,0.0
1642801856469,0.0
1642803656681,0.0
1642805456501,0.0
1642807256741,0.0
1642809056635,0.0
1642810856580,0.0
1642812656644,0.0
1642814456845,0.0
1642816256865,0.0
1642818057417,0.0
1642819856929,0.0
1642821656979,0.0
1642823456914,0.0
1642825257007,0.0
1642827056863,0.0
1642828856972,0.0
1642830656959,0.0
1642832457063,0.0
1642834257076,0.0
1642836057125,0.0
1642837857078,0.01
1642839657324,0.01
1642841457308,0.02
1642843257071,0.02
1642845057160,0.06
1642846857326,0.06
1642848657296,0.06
1642850457323,0.06
1642852257332,0.05
1642854057412,0.05
1642855857588,0.03
1642857657531,0.03
1642859457595,0.02
1642861257447,0.01
1642863057524,0.0
1642864857502,0.0
1642866657472,0.0
1642868457552,0.0
1642870257644,0.0
1642872057543,0.0
1642873857666,0.0
1642875657687,0.0
1642877457655,0.0
1642879257796,0.0
1642881057851,0.0
1642882857725,0.0
1642884657812,0.0
1642886457930,0.0
1642888257797,0.0
1642890057849,0.0
1642891858112,0.0
1642893658607,0.0
1642895458013,0.0
1642897257988,0.0
1642899058631,0.0
1642900858487,0.0
1642902658343,0.0
1642904458413,0.0
1642906258344,0.0
1642908058388,0.0
1642909858260,0.0
1642911658318,0.0
1642913458332,0.0
1642915258484,0.0
1642917058563,0.0
1642918858455,0.0
1642920658512,0.0
1642922458355,0.0
1642924258392,0.02
1642926058435,0.02
1642927858433,0.03
1642929658548,0.03
1642931458593,0.07
1642933258561,0.07
1642935059080,0.06
1642936858933,0.06
1642938661125,0.05
1642940458577,0.05
1642942258679,0.03
1642944058977,0.03
1642945858657,0.02
1642947658976,0.02
1642949458727,0.0
1642951258842,0.0
1642953058815,0.0
1642954858786,0.0
1642956658801,0.0
1642958458725,0.0
1642960258849,0.0
1642962058855,0.0
1642963858879,0.0
1642965658932,0.0
1642967458860,0.0
1642969258955,0.0
1642971058803,0.0
1642972858967,0.0
1642974658977,0.0
1642976458907,0.0
1642978259121,0.0
1642980058911,0.0
1642981858991,0.0
1642983659132,0.0
1642985459003,0.0
1642987259108,0.0
1642989059095,0.0
1642990859087,0.0
1642992659117,0.0
1642994459109,0.0
1642996259192,0.0
1642998059317,0.0
1642999859157,0.0
1643001659165,0.0
1643003459312,0.0
1643005259194,0.0
1643007059201,0.0
1643008859301,0.0
1643010659356,0.01
1643012459468,0.01
1643014259416,0.02
1643016059327,0.02
1643017859337,0.05
1643019659501,0.05
1643021459367,0.06
1643023259296,0.06
1643025059576,0.05
1643026859517,0.05
1643028660428,0.04
1643030459653,0.04
1643032259567,0.01
1643034059413,0.01
1643035859389,0.0
1643037659561,0.0
1643039459455,0.0
1643041259363,0.0
1643043059439,0.0
1643044859555,0.0
1643046659380,0.0
1643048459346,0.0
1643050259563,0.0
1643052059495,0.0
1643053859501,0.0
1643055659520,0.0
1643057459669,0.0
1643059259431,0.0
1643061059640,0.0
1643062859509,0.0
1643064659611,0.0
1643066459547,0.0
1643068259728,0.0
1643070059523,0.0
1643071859764,0.0
1643073659627,0.0
1643075459755,0.0
1643077259663,0.0
1643079059636,0.0
1643080859683,0.0
1643082659713,0.0
1643084459703,0.0
1643086259726,0.0
1643088059823,0.0
1643089859723,0.0
1643091659642,0.0
1643093459705,0.0
1643095259845,0.0
1643097059752,0.03
1643098859648,0.03
1643100659762,0.03
1643102459727,0.03
1643104259715,0.04
1643106059693,0.04
1643107859899,0.04
1643109659900,0.04
1643111459727,0.04
1643113259695,0.04
1643115059864,0.05
1643116859816,0.05
1643118659815,0.04
1643120459853,0.04
1643122259747,0.0
1643124059707,0.0
1643125859834,0.0
1643127659868,0.0
1643129459671,0.0
1643131259935,0.0
1643133059847,0.0
1643134859983,0.0
1643136659871,0.0
1643138459941,0.0
1643140259948,0.0
1643142060120,0.0
1643143859907,0.0
1643145660339,0.0
1643147460209,0.0
1643149260107,0.0
1643151060327,0.0
1643152860279,0.0
1643154660412,0.0
1643156460392,0.0
1643158260327,0.0
1643160060657,0.0
1643161860433,0.0
1643163660479,0.0
1643165460664,0.0
1643167260563,0.0
1643169060909,0.0
1643170860764,0.0
1643172660700,0.0
1643174460732,0.0
1643176260953,0.0
1643178060773,0.0
1643179861091,0.0
1643181660963,0.0
1643183461228,0.03
1643185261105,0.03
1643187061034,0.07
1643188861121,0.06
1643190661835,0.06
1643192461472,0.06
1643194261371,0.05
1643196061377,0.05
1643197861291,0.06
1643199661199,0.06
1643201461472,0.06
1643203261451,0.06
1643205061538,0.02
1643206861534,0.02
1643208661873,0.0
1643210461555,0.0
1643212261734,0.0
1643214061728,0.0
1643215861659,0.0
1643217661863,0.0
1643219461793,0.0
1643221261971,0.0
1643223061915,0.0
1643224861945,0.0
1643226662059,0.0
1643228462076,0.0
1643230262055,0.0
1643232062139,0.0
1643233862071,0.0
1643235662244,0.0
1643237462227,0.0
1643239262193,0.0
1643241062328,0.0
1643242862307,0.0
1643244662339,0.0
1643246462365,0.0
1643248262440,0.0
1643250062547,0.0
1643251862550,0.0
1643253662595,0.0
1643255462887,0.0
1643257262572,0.0
1643259062728,0.0
1643260862797,0.0
1643262662743,0.0
1643264462927,0.0
1643266262711,0.0
1643268062831,0.0
1643269862829,0.03
1643271662924,0.03
1643273462947,0.07
1643275263140,0.07
1643277063010,0.06
1643278862916,0.06
1643280663072,0.06
1643282463214,0.06
1643284263171,0.06
1643286063375,0.06
1643287863095,0.07
1643289663272,0.07
1643291463556,0.02
1643293263337,0.03
1643295063311,0.0
1643296863435,0.0
1643298663451,0.0
1643300463449,0.0
1643302263361,0.0
1643304063551,0.0
1643305863443,0.0
1643307663458,0.0
1643309463638,0.0
1643311263653,0.0
1643313063703,0.0
1643314863716,0.0
1643316663666,0.0
1643318463631,0.0
1643320263889,0.0
1643322063780,0.0
1643323863885,0.0
1643325663872,0.0
1643327463920,0.0
1643329263778,0.0
1643331064117,0.0
1643332863961,0.0
1643334663978,0.0
1643336463852,0.0
1643338263876,0.0
1643340063903,0.0
1643341864204,0.0
1643343663998,0.0
1643345464168,0.0
1643347264080,0.0
1643349064320,0.0
1643350864204,0.0
1643352664240,0.0
1643354464216,0.0
1643356264270,0.04
1643358064347,0.04
1643359864313,0.05
1643361664541,0.05
1643363464383,0.04
1643365264690,0.04
1643367064404,0.04
1643368864664,0.04
1643370664424,0.04
1643372464833,0.04
1643374264353,0.05
1643376064562,0.05
1643377864523,0.03
1643379664633,0.03
1643381464651,0.01
1643383264655,0.01
1643385064636,0.0
1643386864756,0.0
1643388664714,0.0
1643390464821,0.0
1643392264614,0.0
1643394064771,0.0
1643395864633,0.0
1643397664887,0.0
1643399464817,0.0
1643401265008,0.0
1643403064747,0.0
1643404864986,0.0
1643406664727,0.0
1643408464977,0.0
1643410264782,0.0
1643412064905,0.0
1643413864948,0.0
1643415664872,0.0
1643417464876,0.0
1643419265093,0.0
1643421064944,0.0
1643422865005,0.0
1643424665046,0.0
1643426465044,0.0
1643428265077,0.0
1643430065100,0.0
1643431864960,0.0
1643433665083,0.0
1643435465291,0.0
1643437265097,0.0
1643439065136,0.0
1643440865195,0.0
1643442665163,0.0
1643444465308,0.0
1643446265201,0.07
1643448065083,0.07
1643449865356,0.06
1643451665286,0.06
1643453465232,0.09
1643455265319,0.09
1643457065281,0.06
1643458865331,0.06
1643460665303,0.06
1643462465228,0.06
1643464265308,0.01
1643466065335,0.01
1643467865383,0.0
1643469665377,0.0
1643471465347,0.0
1643473265275,0.0
1643475065380,0.0
1643476865485,0.0
1643478665463,0.0
1643480465440,0.0
1643482265441,0.0
1643484065503,0.0
1643485865412,0.0
1643487665541,0.0
1643489466808,0.0
1643491265521,0.0
1643493065448,0.0
1643494865593,0.0
1643496665429,0.0
1643498465467,0.0
1643500265436,0.0
1643502065556,0.0
1643503865536,0.0
1643505665455,0.0
1643507465727,0.0
1643509265631,0.0
1643511065740,0.0
1643512865597,0.0
1643514665696,0.0
1643516465539,0.0
1643518265595,0.0
1643520065637,0.0
1643521865655,0.0
1643523665534,0.0
1643525465703,0.0
1643527265676,0.0
1643529065651,0.03
1643530865731,0.03
1643532665863,0.05
1643534465656,0.05
1643536265604,0.04
1643538065657,0.04
1643539865751,0.06
1643541665759,0.06
1643543465593,0.04
1643545265627,0.04
1643547065784,0.05
1643548866103,0.05
1643550665780,0.03
1643552465795,0.03
1643554265827,0.01
1643556065766,0.01
1643557865779,0.0
1643559665965,0.0
1643561465800,0.0
1643563265899,0.0
1643565065940,0.0
1643566865727,0.0
1643568665845,0.0
1643570465786,0.0
1643572265904,0.0
1643574065835,0.0
1643575865851,0.0
1643577665718,0.0
1643579465779,0.0
1643581265749,0.0
1643583065920,0.0
1643584865839,0.0
1643586665871,0.0
1643588465892,0.0
1643590265865,0.0
1643592065987,0.0
1643593865899,0.0
1643595666057,0.0
1643597466129,0.0
1643599266235,0.0
1643601066257,0.0
1643602866304,0.0
1643604666355,0.0
1643606466453,0.0
1643608266320,0.0
1643610066520,0.0
1643611866504,0.0
1643613666487,0.0
1643615466569,0.02
1643617266671,0.02
1643619066683,0.06
1643620866717,0.06
1643622666749,0.06
1643624466904,0.06
1643626267040,0.05
1643628067032,0.05
1643629866983,0.06
1643631667251,0.06
1643633467047,0.05
1643635267057,0.06
1643637067124,0.01
1643638867332,0.01
1643640667304,0.01
1643642467199,0.01
1643644267364,0.0
1643646067493,0.0
1643647867479,0.0
1643649667561,0.0
1643651467615,0.0
1643653267647,0.0
1643655067711,0.0
1643656867701,0.0
1643658667703,0.0
1643660467633,0.0
1643662267832,0.0
1643664067725,0.0
1643665868093,0.0
1643667667819,0.0
1643669467896,0.0
1643671267967,0.0
1643673068138,0.0
1643674868097,0.0
1643676668236,0.0
1643678468231,0.0
1643680268144,0.0
1643682068271,0.0
1643683868299,0.0
1643685668407,0.0
1643687468473,0.0
1643689268433,0.0
1643691068543,0.0
1643692868364,0.0
1643694668599,0.0
1643696468585,0.0
1643698268831,0.0
1643700068665,0.0
1643701868773,0.01
1643703668775,0.01
1643705468827,0.03
1643707268847,0.03
1643709068947,0.04
1643710868775,0.04
1643712668936,0.08
1643714469221,0.08
1643716269009,0.08
1643718068988,0.08
1643719869193,0.05
1643721669056,0.04
1643723469055,0.01
1643725269037,0.01
1643727069091,0.0
1643728869311,0.0
1643730669115,0.0
1643732469167,0.0
1643734269255,0.0
1643736069409,0.0
1643737869488,0.0
1643739669497,0.0
1643741469458,0.0
1643743269435,0.0
1643745069551,0.0
1643746869543,0.0
1643748669559,0.0
1643750469485,0.0
1643752269556,0.0
1643754069711,0.0
1643755869643,0.0
1643757669659,0.0
1643759469816,0.0
1643761269831,0.0
1643763069815,0.0
1643764869873,0.0
1643766669874,0.0
1643768469848,0.0
1643770270632,0.0
1643772069809,0.0
1643773869993,0.0
1643775670064,0.0
1643777470100,0.0
1643779270079,0.0
1643781070137,0.0
1643782869991,0.0
1643784670206,0.01
1643786470205,0.01
1643788270211,0.04
1643790070235,0.04
1643791870620,0.05
1643793670611,0.05
1643795471345,0.08
1643797270280,0.08
1643799070349,0.07
1643800870363,0.07
1643802670395,0.08
1643804470289,0.08
1643806270419,0.05
1643808070487,0.05
1643809870487,0.03
1643811670492,0.03
1643813470485,0.01
1643815270619,0.01
1643817070619,0.0
1643818870728,0.0
1643820670499,0.0
1643822470805,0.0
1643824270759,0.0
1643826070651,0.0
1643827870707,0.0
1643829670792,0.0
1643831470844,0.0
1643833271835,0.0
1643835070795,0.0
1643836870774,0.0
1643838670861,0.0
1643840471891,0.0
1643842270815,0.0
1643844070903,0.0
1643845870980,0.0
1643847670891,0.0
1643849470961,0.0
1643851271015,0.0
1643853070956,0.0
1643854871004,0.0
1643856671071,0.0
1643860271065,0.0
1643862070981,0.0
1643863871131,0.0
1643865671147,0.0
1643867471190,0.0
1643869271183,0.0
1643871071280,0.0
1643872871125,0.0
1643874671244,0.0
1643876471183,0.0
1643878271592,0.02
1643880071333,0.02
1643881871325,0.0
1643883671274,0.0
1643885471377,0.0
1643887271373,0.0
1643889071364,0.0
1643890871329,0.0
1643892671421,0.02
1643894471464,0.02
1643896271533,0.01
1643898071497,0.01
1643899871488,0.0
1643901671565,0.0
1643903471594,0.0
1643905271539,0.0
1643907071393,0.0
1643908871593,0.0
1643910671432,0.0
1643912471504,0.0
1643914271456,0.0
1643916071547,0.0
1643917871451,0.0
1643919671576,0.0
1643921471620,0.0
1643923271627,0.0
1643925071599,0.0
1643926871513,0.0
1643928671654,0.0
1643930471836,0.0
1643932271663,0.0
1643934071735,0.0
1643935871652,0.0
1643937671696,0.0
1643939471671,0.0
1643941271643,0.0
1643943071702,0.0
1643944871734,0.0
1643946671743,0.0
1643948471675,0.0
1643950271649,0.0
1643952071692,0.0
1643953871815,0.0
1643955671741,0.0
1643957471784,0.0
1643959271863,0.0
1643961071805,0.0
1643962871869,0.0
1643964671783,0.02
1643966472440,0.02
1643968271860,0.0
1643970071918,0.0
1643971871758,0.0
1643973671787,0.0
1643975471707,0.0
1643977271819,0.0
1643979071849,0.02
1643980871807,0.02
1643982671871,0.01
1643986271848,0.0
1643988071841,0.0
1643989871763,0.0
1643991671919,0.0
1643993471956,0.0
1643995271885,0.0
1643997071825,0.0
1643998871917,0.0
1644000671932,0.0
1644002471956,0.0
1644004271855,0.0
1644006072011,0.0
1644007872111,0.0
1644009671992,0.0
1644011472036,0.0
1644013271903,0.0
1644015071873,0.0
1644016871973,0.0
1644018672028,0.0
1644020472093,0.0
1644024072017,0.0
1644025871991,0.0
1644027672021,0.0
1644029472019,0.0
1644031271927,0.0
1644033071884,0.0
1644034871972,0.0
1644036671974,0.0
1644038472055,0.0
1644040272055,0.0
1644042072167,0.0
1644043872111,0.01
1644045672242,0.01
1644047472267,0.03
1644049272341,0.03
1644051072418,0.07
1644052872767,0.07
1644054672575,0.09
1644056472397,0.09
1644058272557,0.09
1644060072651,0.09
1644061872793,0.09
1644063672680,0.09
1644065472746,0.06
1644067272904,0.06
1644069072782,0.02
1644070873009,0.02
1644072672811,0.0
1644074472932,0.0
1644076273108,0.0
1644078073081,0.0
1644079873162,0.0
1644081673212,0.0
1644083473096,0.0
1644085273244,0.0
1644087073213,0.0
1644088873185,0.0
1644090673240,0.0
1644092473331,0.0
1644094273318,0.0
1644096073408,0.0
1644097873502,0.0
1644099673636,0.0
1644101473648,0.0
1644103273556,0.0
1644105073594,0.0
1644106873748,0.0
1644108673740,0.0
1644110473744,0.0
1644112273884,0.0
1644114073948,0.0
1644115873967,0.0
1644117674101,0.0
1644119474031,0.0
1644121274012,0.0
1644123074039,0.0
1644124874101,0.0
1644126674096,0.0
1644128474199,0.0
1644130274275,0.01
1644132074219,0.01
1644133874415,0.03
1644135674472,0.03
1644137474392,0.06
1644139274480,0.06
1644141074581,0.07
1644142874487,0.07
1644144674611,0.09
1644146474636,0.09
1644148274589,0.02
1644150074685,0.02
1644151874653,0.06
1644153674674,0.06
1644155474680,0.04
1644157274703,0.03
1644159074641,0.01
1644160874668,0.01
1644162674867,0.0
1644164474951,0.0
1644166274909,0.0
1644168074982,0.0
1644169874973,0.0
1644171674897,0.0
1644173474976,0.0
1644175274948,0.0
1644177075113,0.0
1644178875080,0.0
1644180675175,0.0
1644182475095,0.0
1644184275214,0.0
1644186075207,0.0
1644187875160,0.0
1644189675223,0.0
1644191475305,0.0
1644193275189,0.0
1644195075342,0.0
1644196875271,0.0
1644198675437,0.0
1644200475291,0.0
1644202275414,0.0
1644204075444,0.0
1644205875407,0.0
1644207675408,0.0
1644209475479,0.0
1644211275475,0.0
1644213075564,0.0
1644214875659,0.0
1644216675706,0.01
1644218475960,0.01
1644220275778,0.03
1644222075711,0.03
1644223875690,0.04
1644225675788,0.04
1644227475813,0.06
1644229275789,0.06
1644231075885,0.06
1644232875996,0.06
1644234675819,0.05
1644236475912,0.05
1644238275955,0.04
1644241876036,0.03
1644243675993,0.03
1644245476129,0.02
1644247275996,0.02
1644249076098,0.0
1644250875971,0.0
1644252676195,0.0
1644254476188,0.0
1644256276099,0.0
1644258076163,0.0
1644259876180,0.0
1644263476244,0.0
1644265276295,0.0
1644267076284,0.0
1644268876309,0.0
1644270676315,0.0
1644272476413,0.0
1644274276371,0.0
1644276076344,0.0
1644277876361,0.0
1644281476435,0.0
1644283276592,0.0
1644285076532,0.0
1644286876492,0.0
1644288676525,0.0
1644290476527,0.0
1644292276526,0.0
1644294076700,0.0
1644295876661,0.0
1644297676701,0.0
1644299476735,0.0
1644301276691,0.0
1644303076677,0.01
1644304877021,0.01
1644306676806,0.03
1644310276872,0.05
1644312077136,0.05
1644313876728,0.07
1644315676853,0.07
1644317476943,0.05
1644319276798,0.05
1644321077240,0.06
1644322876917,0.06
1644324676902,0.05
1644326476949,0.05
1644328276995,0.03
1644330076937,0.03
1644331876911,0.02
1644333677020,0.02
1644335476983,0.0
1644337276964,0.0
1644339076897,0.0
1644340877140,0.0
1644342677036,0.0
1644344477093,0.0
1644346277045,0.0
1644348077124,0.0
1644349877133,0.0
1644351677081,0.0
1644353477148,0.0
1644355277131,0.0
1644357077219,0.0
1644358877246,0.0
1644360677292,0.0
1644362477223,0.0
1644364277189,0.0
1644366077283,0.0
1644367877263,0.0
1644369677183,0.0
1644371477265,0.0
1644373277420,0.0
1644375077270,0.0
1644376877323,0.0
1644378677339,0.0
1644380477443,0.0
1644382277353,0.0
1644384077398,0.0
1644385877327,0.0
1644387677228,0.0
1644389477387,0.02
1644391277310,0.02
1644393077277,0.03
1644394877360,0.03
1644396677503,0.06
1644398477359,0.06
1644400277512,0.08
1644402077400,0.08
1644403877576,0.08
1644405677363,0.08
1644407477405,0.07
1644409277357,0.07
1644411077587,0.05
1644412877601,0.06
1644414677515,0.03
1644416477580,0.03
1644418277479,0.01
1644420077525,0.01
1644421877473,0.0
1644423677571,0.0
1644425477547,0.0
1644427277571,0.0
1644429077513,0.0
1644430877525,0.0
1644432677515,0.0
1644434477556,0.0
1644436277629,0.0
1644438077453,0.0
1644439877557,0.0
1644441677561,0.0
1644443477629,0.0
1644445277499,0.0
1644447077583,0.0
1644448877551,0.0
1644450677699,0.0
1644452477727,0.0
1644454277535,0.0
1644456077660,0.0
1644457877663,0.0
1644459677507,0.0
1644461477616,0.0
1644463277604,0.0
1644465077707,0.0
1644466877625,0.0
1644468677499,0.0
1644470477699,0.0
1644472277743,0.0
1644474077584,0.0
1644475877672,0.01
1644477677668,0.02
1644479477657,0.03
1644481277544,0.03
1644483077681,0.04
1644484877679,0.04
1644486677547,0.08
1644488477762,0.08
1644490277624,0.05
1644492077762,0.05
1644493877777,0.07
1644495677868,0.07
1644497477761,0.05
1644499277802,0.05
1644501077928,0.07
1644502878085,0.07
1644504678079,0.02
1644506478149,0.02
1644508278167,0.0
1644510078144,0.0
1644511878260,0.0
1644513678313,0.0
1644515478380,0.0
1644517278391,0.0
1644519078557,0.0
1644520878891,0.0
1644522678515,0.0
1644524478619,0.0
1644526278659,0.0
1644528078657,0.0
1644529878745,0.0
1644531678700,0.0
1644533478805,0.0
1644535278867,0.0
1644537079021,0.0
1644538878907,0.0
1644540679104,0.0
1644542479087,0.0
1644544279171,0.0
1644546079239,0.0
1644547879099,0.0
1644549679306,0.0
1644551479283,0.0
1644553279319,0.0
1644555079380,0.0
1644556879446,0.0
1644558679608,0.0
1644560479428,0.0
1644562279456,0.02
1644564079623,0.02
1644565879612,0.03
1644567679512,0.03
1644569479655,0.04
1644571279696,0.04
1644573079743,0.05
1644574879755,0.05
1644576679867,0.05
1644578479936,0.05
1644580279842,0.05
1644582080010,0.05
1644583880013,0.06
1644585679935,0.06
1644587480056,0.05
1644589280299,0.05
1644591080219,0.02
1644592880269,0.02
1644594680309,0.0
1644596480335,0.0
1644598280343,0.0
1644600080393,0.0
1644601880429,0.0
1644603680347,0.0
1644605480393,0.0
1644607280700,0.0
1644609080566,0.0
1644610880535,0.0
1644612680699,0.0
1644614480693,0.0
1644616280621,0.0
1644618080655,0.0
1644619880661,0.0
1644621680693,0.0
1644623480855,0.0
1644625281072,0.0
1644627080824,0.0
1644628880915,0.0
1644630680779,0.0
1644632481153,0.0
1644634281011,0.0
1644636081137,0.0
1644637880952,0.0
1644639681082,0.0
1644641481156,0.0
1644643281103,0.0
1644645081229,0.0
1644646881277,0.0
1644648681205,0.01
1644650481240,0.01
1644652281099,0.02
1644654081152,0.02
1644655881183,0.03
1644657681345,0.03
1644659481360,0.05
1644661281268,0.05
1644663081432,0.04
1644664881575,0.04
1644666681459,0.01
1644668481577,0.01
1644670281481,0.02
1644672081543,0.03
1644673881560,0.01
1644675681591,0.01
1644677481535,0.0
1644679281616,0.0
1644681081648,0.0
1644682881732,0.0
1644684681713,0.0
1644686481780,0.0
1644688281901,0.0
1644690081988,0.0
1644691881908,0.0
1644693681892,0.0
1644695481840,0.0
1644697281875,0.0
1644699081996,0.0
1644700881911,0.0
1644702682095,0.0
1644704482092,0.0
1644706282067,0.0
1644708082075,0.0
1644709882264,0.0
1644711682167,0.0
1644713482232,0.0
1644715282229,0.0
1644717082213,0.0
1644718882307,0.0
1644720682503,0.0
1644722482281,0.0
1644724282355,0.0
1644726082412,0.0
1644727882453,0.0
1644729682399,0.0
1644731482410,0.0
1644733282456,0.0
1644735082606,0.0
1644736882496,0.0
1644738682676,0.04
1644740482429,0.04
1644742282527,0.07
1644744082431,0.07
1644745882657,0.07
1644747682699,0.07
1644749482507,0.05
1644751282788,0.05
1644753082754,0.05
1644754882744,0.05
1644756682863,0.02
1644758482735,0.02
1644760282831,0.02
1644762082795,0.02
1644763882788,0.0
1644765682754,0.0
1644767482860,0.0
1644769282917,0.0
1644771082899,0.0
1644772883005,0.0
1644774682757,0.0
1644776483043,0.0
1644778282951,0.0
1644780083089,0.0
1644781882989,0.0
1644783683103,0.0
1644785482969,0.0
1644787283063,0.0
1644789083035,0.0
1644790883104,0.0
1644792683164,0.0
1644794483187,0.0
1644796283219,0.0
1644798083217,0.0
1644799883289,0.0
1644801683312,0.0
1644803483284,0.0
1644805283245,0.0
1644807083162,0.0
1644808883308,0.0
1644810683251,0.0
1644812483308,0.0
1644814283201,0.0
1644816083317,0.0
1644817883351,0.0
1644819683248,0.0
1644821483288,0.0
1644823283240,0.0
1644825083299,0.01
1644826883307,0.01
1644828683357,0.0
1644830483303,0.0
1644832283431,0.0
1644834083479,0.0
1644835883413,0.0
1644837683473,0.0
1644839483352,0.02
1644841283475,0.02
1644843083401,0.07
1644844883468,0.07
1644846683464,0.04
1644848483252,0.04
1644850283564,0.01
1644852083542,0.01
1644853883397,0.0
1644855683449,0.0
1644857483481,0.0
1644859283316,0.0
1644861083352,0.0
1644862883416,0.0
1644864683415,0.0
1644866483496,0.0
1644868283384,0.0
1644870083453,0.0
1644871883609,0.0
1644873683468,0.0
1644875483515,0.0
1644877284125,0.0
1644879084476,0.0
1644880884436,0.0
1644882684208,0.0
1644884484188,0.0
1644886284243,0.0
1644888084431,0.0
1644889884235,0.0
1644891684701,0.0
1644893484172,0.0
1644895284128,0.0
1644897084108,0.0
1644898884239,0.0
1644900684229,0.0
1644902484333,0.0
1644904284515,0.0
1644906084378,0.0
1644907884187,0.01
1644909684319,0.01
1644911483707,0.07
1644913283600,0.07
1644915083655,0.09
1644916883615,0.09
1644918683771,0.08
1644920483635,0.08
1644922283562,0.11
1644924083599,0.11
1644925883680,0.08
1644927683663,0.08
1644929483665,0.08
1644931283639,0.09
1644933083627,0.06
1644934883742,0.06
1644936683647,0.02
1644938483555,0.02
1644940283507,0.0
1644942083547,0.0
1644943883537,0.0
1644945683705,0.0
1644947483576,0.0
1644949283699,0.0
1644951083660,0.0
1644952883899,0.0
1644954683901,0.0
1644956484368,0.0
1644958284079,0.0
1644960084195,0.0
1644961884100,0.0
1644963684268,0.0
1644965484333,0.0
1644967284378,0.0
1644969084390,0.0
1644970884317,0.0
1644972684399,0.0
1644974484415,0.0
1644976284496,0.0
1644978084424,0.0
1644979884484,0.0
1644981684588,0.0
1644983484721,0.0
1644985284676,0.0
1644987084743,0.0
1644988884815,0.0
1644990684897,0.0
1644992484987,0.0
1644994284915,0.02
1644996084992,0.02
1644997884925,0.07
1644999685080,0.07
1645001485012,0.0
1645003285119,0.0
1645005085285,0.0
1645006885251,0.0
1645008685440,0.0
1645010485316,0.0
1645012285340,0.0
1645014085627,0.0
1645019486091,0.03
1645021285543,0.03
1645023085552,0.01
1645024885727,0.01
1645026685795,0.0
1645028485811,0.0
1645030285667,0.0
1645032085767,0.0
1645033885861,0.0
1645035685924,0.0
1645037485926,0.0
1645039286491,0.0
1645041085945,0.0
1645042886006,0.0
1645044685980,0.0
1645046486112,0.0
1645048286219,0.0
1645050086214,0.0
1645051886300,0.0
1645053686210,0.0
1645055486353,0.0
1645057286309,0.0
1645059086411,0.0
1645060886451,0.0
1645062686587,0.0
1645064486604,0.0
1645066286625,0.0
1645068086661,0.0
1645069886699,0.0
1645071686552,0.0
1645073486701,0.0
1645075286773,0.0
1645077086784,0.0
1645078886891,0.0
1645080686848,0.01
1645082486795,0.01
1645084286851,0.04
1645086086943,0.04
1645087886983,0.09
1645089687026,0.09
1645091487113,0.08
1645093287147,0.08
1645095087251,0.11
1645096887251,0.11
1645098687180,0.09
1645100487228,0.1
1645102287359,0.08
1645104087248,0.08
1645105887409,0.06
1645107687273,0.06
1645109487389,0.02
1645111287487,0.02
1645113087444,0.0
1645114888543,0.0
1645116687417,0.0
1645118487471,0.0
1645120287606,0.0
1645122087680,0.0
1645123887647,0.0
1645125687699,0.0
1645127487688,0.0
1645129287759,0.0
1645131087735,0.0
1645132887821,0.0
1645134687786,0.0
1645136487889,0.0
1645138287884,0.0
1645140087867,0.0
1645141887964,0.0
1645143687877,0.0
1645145487970,0.0
1645147288005,0.0
1645149088080,0.0
1645150888139,0.0
1645152688155,0.0
1645154488019,0.0
1645156288020,0.0
1645158088135,0.0
1645159888207,0.0
1645161688128,0.0
1645163488284,0.0
1645165288329,0.0
1645167088337,0.03
1645168888459,0.03
1645170688456,0.07
1645172488448,0.07
1645174288459,0.09
1645176088369,0.09
1645177888464,0.11
1645179688565,0.11
1645181488676,0.1
1645183288591,0.1
1645185088595,0.0
1645186888611,0.0
1645188688631,0.0
1645189447693,0.0
1645191247459,0.02
1645193047508,0.02
1645194847580,0.0
1645196647636,0.0
1645198447616,0.0
1645200247709,0.0
1645202047647,0.0
1645203847739,0.0
1645205647727,0.0
1645207447819,0.0
1645209247903,0.0
1645211047887,0.0
1645212848023,0.0
1645214648065,0.0
1645216448096,0.0
1645218248185,0.0
1645220048376,0.0
1645221848364,0.0
1645223648252,0.0
1645225448527,0.0
1645227248300,0.0
1645229048415,0.0
1645230848521,0.0
1645232648776,0.0
1645234448624,0.0
1645236248714,0.0
1645238048755,0.0
1645239848813,0.0
1645241648681,0.0
1645243448894,0.0
1645245248939,0.0
1645247048867,0.0
1645248848887,0.0
1645250648973,0.0
1645252449004,0.03
1645254249103,0.03
1645256049059,0.06
1645257849059,0.06
1645259649036,0.09
1645261449243,0.09
1645263249180,0.11
1645265049360,0.11
1645266849323,0.11
1645268649373,0.11
1645270449437,0.11
1645272249647,0.11
1645274049513,0.04
1645275849539,0.04
1645277649513,0.02
1645279449675,0.02
1645281249683,0.01
1645283049722,0.01
1645284849707,0.0
1645286649843,0.0
1645288449811,0.0
1645290249793,0.0
1645292049916,0.0
1645293849887,0.0
1645295649983,0.0
1645297450005,0.0
1645299249953,0.0
1645301050213,0.0
1645302850132,0.0
1645304650176,0.0
1645306450239,0.0
1645308250272,0.0
1645310050279,0.0
1645311850417,0.0
1645313650323,0.0
1645315450516,0.0
1645317250488,0.0
1645319050506,0.0
1645320850488,0.0
1645322650625,0.0
1645324450509,0.0
1645326250705,0.0
1645328050657,0.0
1645329850747,0.0
1645331650744,0.0
1645333450796,0.0
1645335250768,0.0
1645337050835,0.0
1645338850843,0.03
1645340650791,0.03
1645342450965,0.06
1645344250963,0.07
1645346050961,0.04
1645347850942,0.04
1645349651057,0.0
1645351451156,0.0
1645353251044,0.0
1645355051105,0.0
1645356851264,0.0
1645358651360,0.0
1645360451261,0.0
1645362251340,0.0
1645364051249,0.05
1645365851363,0.05
1645367651289,0.01
1645369451387,0.01
1645371251283,0.0
1645373051474,0.0
1645374851507,0.0
1645376651411,0.0
1645378451567,0.0
1645380251516,0.0
1645382051597,0.0
1645383851596,0.0
1645385651827,0.0
1645387451643,0.0
1645389251723,0.0
1645391051660,0.0
1645392851718,0.0
1645394651609,0.0
1645396451837,0.0
1645398251921,0.0
1645400051716,0.0
1645401851812,0.0
1645403651742,0.0
1645405451851,0.0
1645407251832,0.0
1645409051958,0.0
1645410851847,0.0
1645412652015,0.0
1645414452064,0.0
1645416252003,0.0
1645418052059,0.0
1645419852149,0.0
1645421652071,0.0
1645423452239,0.0
1645425252100,0.01
1645427052225,0.01
1645428852240,0.03
1645430652430,0.03
1645432452176,0.04
1645434252268,0.04
1645436052240,0.11
1645437852471,0.11
1645439652263,0.11
1645441452385,0.11
1645443252316,0.11
1645445052512,0.11
1645446852368,0.09
1645448652535,0.09
1645450452373,0.06
1645452252520,0.06
1645454052503,0.03
1645455852698,0.03
1645457652545,0.0
1645459452767,0.0
1645461252640,0.0
1645463052681,0.0
1645464852516,0.0
1645466652600,0.0
1645468452684,0.0
1645470252727,0.0
1645472052708,0.0
1645473852799,0.0
1645475652743,0.0
1645477452796,0.0
1645479252729,0.0
1645481052856,0.0
1645482852749,0.0
1645484653024,0.0
1645486452884,0.0
1645488252848,0.0
1645490052832,0.0
1645491852837,0.0
1645493652911,0.0
1645495452953,0.0
1645497252856,0.0
1645499053029,0.0
1645500852976,0.0
1645502653032,0.0
1645504452980,0.0
1645506252931,0.0
1645508053084,0.0
1645509853023,0.0
1645511652916,0.04
1645513453136,0.04
1645515253025,0.06
1645517053025,0.06
1645518853078,0.09
1645520653204,0.09
1645522453107,0.11
1645524253112,0.11
1645526053026,0.11
1645527853236,0.11
1645529653147,0.1
1645531453195,0.1
1645533253221,0.0
1645535053181,0.0
1645536853212,0.02
1645538653180,0.02
1645540453203,0.01
1645542253179,0.01
1645544053203,0.0
1645545853327,0.0
1645547653237,0.0
1645549453268,0.0
1645551253201,0.0
1645553053287,0.0
1645554853331,0.0
1645556653344,0.0
1645558453239,0.0
1645560253427,0.0
1645562053321,0.0
1645563853331,0.0
1645565653340,0.0
1645567453393,0.0
1645569253375,0.0
1645571053301,0.0
1645572853272,0.0
1645574653273,0.0
1645576453379,0.0
1645578253392,0.0
1645580053415,0.0
1645581853376,0.0
1645583653400,0.0
1645585453567,0.0
1645587253471,0.0
1645589053439,0.0
1645590853309,0.0
1645592653584,0.0
1645594453381,0.0
1645596253443,0.0
1645598053428,0.04
1645599853394,0.04
1645601653436,0.06
1645603453418,0.06
1645605253384,0.07
1645607053545,0.07
1645608853503,0.09
1645610653737,0.09
1645612453684,0.1
1645614253511,0.1
1645616053447,0.1
1645617853505,0.1
1645619653371,0.09
1645621453387,0.09
1645623253459,0.07
1645625053657,0.07
1645626853500,0.03
1645628653436,0.03
1645630453475,0.01
1645632253559,0.01
1645634053436,0.0
1645635853576,0.0
1645637653579,0.0
1645639453775,0.0
1645641253741,0.0
1645643053896,0.0
1645644853888,0.0
1645646654044,0.0
1645648453944,0.0
1645650254020,0.0
1645652053917,0.0
1645653854033,0.0
1645655654044,0.0
1645657454339,0.0
1645659254212,0.0
1645661054350,0.0
1645662854317,0.0
1645664654380,0.0
1645666454416,0.0
1645668254416,0.0
1645670054505,0.0
1645671854551,0.0
1645673654533,0.0
1645675454735,0.0
1645677254749,0.0
1645679054791,0.0
1645680854692,0.0
1645682654827,0.0
1645684454731,0.01
1645686254863,0.01
1645688054844,0.04
1645689854983,0.04
1645691654873,0.01
1645693455268,0.01
1645695255159,0.04
1645697055101,0.04
1645698855105,0.01
1645700655309,0.01
1645702455271,0.0
1645704255187,0.0
1645706055164,0.0
1645707855376,0.0
1645709655411,0.02
1645711455496,0.02
1645713255376,0.01
1645715055428,0.01
1645716855453,0.0
1645718655687,0.0
1645720455652,0.0
1645722255615,0.0
1645724055628,0.0
1645725855883,0.0
1645727655700,0.0
1645729456127,0.0
1645731255904,0.0
1645733055909,0.0
1645734855949,0.0
1645736656152,0.0
1645738456076,0.0
1645740256209,0.0
1645742055997,0.0
1645743856205,0.0
1645745656099,0.0
1645747456168,0.0
1645749256264,0.0
1645751056271,0.0
1645752856331,0.0
1645754656503,0.0
1645756456460,0.0
1645758256449,0.0
1645760056455,0.0
1645761856559,0.0
1645763656484,0.0
1645765456547,0.0
1645767256617,0.0
1645769056556,0.0
1645770856735,0.03
1645772656725,0.03
1645774456620,0.06
1645776256852,0.06
1645778056815,0.09
1645779856884,0.09
1645781656820,0.09
1645783456915,0.09
1645785256940,0.1
1645787056987,0.1
1645788856889,0.09
1645790656931,0.09
1645792457005,0.08
1645794257008,0.08
1645796056990,0.04
1645797857065,0.04
1645799657131,0.03
1645801457111,0.03
1645803257141,0.01
1645805057355,0.01
1645806857075,0.0
1645808657381,0.0
1645810457206,0.0
1645812257375,0.0
1645814057345,0.0
1645815857282,0.0
1645817657426,0.0
1645819457413,0.0
1645821257367,0.0
1645823057513,0.0
1645824857527,0.0
1645826657660,0.0
1645828457485,0.0
1645830257557,0.0
1645832057639,0.0
1645833857673,0.0
1645835657713,0.0
1645837457712,0.0
1645839257733,0.0
1645841057792,0.0
1645842857693,0.0
1645844657669,0.0
1645846457860,0.0
1645848257957,0.0
1645850057908,0.0
1645851857835,0.0
1645853657887,0.01
1645855457983,0.01
1645857257969,0.03
1645859058025,0.03
1645860858008,0.04
1645862658055,0.04
1645864458027,0.05
1645866258044,0.05
1645868057956,0.06
1645869858167,0.06
1645871658071,0.05
1645873458015,0.05
1645875258045,0.06
1645877058148,0.06
1645878858259,0.07
1645880658332,0.07
1645882458203,0.06
1645884258273,0.06
1645886058331,0.03
1645887858345,0.03
1645889658318,0.01
1645891458481,0.01
1645893258258,0.0
1645895058368,0.0
1645896858376,0.0
1645898658470,0.0
1645900458396,0.0
1645902258372,0.0
1645904058521,0.0
1645905858568,0.0
1645907658411,0.0
1645909458676,0.0
1645911258605,0.0
1645913058615,0.0
1645914858516,0.0
1645916658790,0.0
1645918458664,0.0
1645920258639,0.0
1645922058665,0.0
1645923858759,0.0
1645925658640,0.0
1645927458778,0.0
1645929258745,0.0
1645931058735,0.0
1645932858775,0.0
1645934658843,0.0
1645936458829,0.0
1645938258895,0.0
1645940058831,0.01
1645941858847,0.01
1645943658977,0.03
1645945458969,0.03
1645947258964,0.04
1645949058960,0.04
1645950858837,0.07
1645952658953,0.07
1645954458933,0.06
1645956258907,0.06
1645958058899,0.05
1645959859048,0.05
1645963459096,0.06
1645965259092,0.07
1645967060066,0.07
1645968858996,0.07
1645970659092,0.07
1645972458979,0.03
1645974259031,0.03
1645976059089,0.01
1645977859127,0.01
1645979659071,0.0
1645981459148,0.0
1645983259215,0.0
1645985059253,0.0
1645986859140,0.0
1645988659111,0.0
1645990459321,0.0
1645992259252,0.0
1645994059127,0.0
1645995859209,0.0
1645997659312,0.0
1645999459285,0.0
1646001259247,0.0
1646003059555,0.0
1646004859161,0.0
1646006659253,0.0
1646008459221,0.0
1646010259439,0.0
1646012059297,0.0
1646013859352,0.0
1646015659231,0.0
1646017459384,0.0
1646019259233,0.0
1646021059359,0.0
1646022859269,0.0
1646024659473,0.0
1646026459415,0.01
1646028259512,0.01
1646030059449,0.03
1646031859438,0.03
1646033659407,0.06
1646035459551,0.06
1646037259340,0.07
1646039059533,0.07
1646040859388,0.06
1646042659535,0.06
1646044459552,0.09
1646046259589,0.09
1646048059528,0.06
1646049859620,0.06
1646051659428,0.07
1646053459593,0.07
1646055259512,0.06
1646057059599,0.06
1646058859552,0.03
1646060659635,0.03
1646062459475,0.01
1646064259663,0.01
1646066059468,0.0
1646067859617,0.0
1646069659440,0.0
1646071459640,0.0
1646073259636,0.0
1646075059708,0.0
1646076860055,0.0
1646078659659,0.0
1646080459593,0.0
1646082259577,0.0
1646084059611,0.0
1646085859751,0.0
1646087659705,0.0
1646089459837,0.0
1646091260440,0.0
1646093060096,0.0
1646094859980,0.0
1646096659954,0.0
1646098459943,0.0
1646100260133,0.0
1646102060083,0.0
1646103860097,0.0
1646105660259,0.0
1646107460254,0.0
1646109260309,0.0
1646111060348,0.0
1646112860423,0.0
1646114660443,0.0
1646116460447,0.01
1646118260563,0.01
1646120060676,0.0
1646121860676,0.0
1646123661904,0.0
1646125460821,0.0
1646127260710,0.0
1646129060860,0.0
1646130860924,0.02
1646132660875,0.02
1646134460885,0.01
1646136261144,0.02
1646138060947,0.1
1646139861075,0.1
1646141661124,0.08
1646143461301,0.08
1646145261208,0.03
1646147061349,0.03
1646148861296,0.01
1646150661331,0.01
1646152462716,0.0
1646154261375,0.0
1646156061352,0.0
1646157861444,0.0
1646159661456,0.0
1646161461559,0.0
1646163261604,0.0
1646165061664,0.0
1646166861548,0.0
1646168661780,0.0
1646170461657,0.0
1646172261891,0.0
1646174061691,0.0
1646175861868,0.0
1646177661938,0.0
1646179461969,0.0
1646181262033,0.0
1646183062113,0.0
1646184862064,0.0
1646186662187,0.0
1646188462196,0.0
1646190262264,0.0
1646192062136,0.0
1646193862299,0.0
1646195662331,0.0
1646197462360,0.0
1646199262407,0.01
1646201062376,0.01
1646202862524,0.03
1646204662412,0.03
1646206462475,0.08
1646208262565,0.08
1646210062595,0.09
1646211862669,0.09
1646213662585,0.07
1646215463155,0.07
1646217262717,0.09
1646219062648,0.1
1646220862854,0.05
1646222662812,0.05
1646224462828,0.07
1646226262821,0.07
1646228062995,0.05
1646229863009,0.05
1646231662961,0.03
1646233463074,0.03
1646235262950,0.02
1646237063156,0.02
1646238863117,0.0
1646240663227,0.0
1646242463117,0.0
1646244264297,0.0
1646246063337,0.0
1646247863369,0.0
1646249663341,0.0
1646251463325,0.0
1646253263356,0.0
1646255063469,0.0
1646256863508,0.0
1646258663539,0.0
1646260463551,0.0
1646262263738,0.0
1646264063618,0.0
1646265863672,0.0
1646267663646,0.0
1646269463732,0.0
1646271263659,0.0
1646273063790,0.0
1646274863839,0.0
1646276663847,0.0
1646278463747,0.0
1646280263821,0.0
1646282063921,0.0
1646283864071,0.0
1646285663950,0.01
1646287463920,0.01
1646289263939,0.04
1646291064171,0.04
1646292864031,0.08
1646294664077,0.08
