1639054800000,1.4
1639058400000,1.4
1639058400000,1.6
1639062000000,1.4
1639062000000,1.5
1639065600000,1.1
1639065600000,1
1639069200000,1.3
1639069200000,1.3
1639072800000,1.1
1639072800000,1.5
1639076400000,1.6
1639076400000,1.8
1639080000000,1.6
1639080000000,1.6
1639083600000,1.5
1639083600000,1.5
1639087200000,1.5
1639087200000,1.5
1639090800000,1.2
1639090800000,1.3
1639094400000,1.2
1639094400000,1.2
1639098000000,0.9
1639098000000,0.9
1639101600000,0.8
1639101600000,0.8
1639105200000,1.3
1639105200000,1.3
1639108800000,1.4
1639108800000,1.4
1639112400000,1.4
1639112400000,1.4
1639116000000,1.5
1639116000000,1.5
1639119600000,1.5
1639119600000,1.5
1639123200000,1.4
1639123200000,1.4
1639126800000,1.5
1639126800000,1.5
1639129290464,1.7
1639131090541,1.7
1639132890556,1.7
1639134690724,1.7
1639136490831,1.5
1639138290726,1.6
1639140090680,1.8
1639141890739,1.8
1639143690761,1.8
1639145490882,1.8
1639147290839,1.6
1639149090935,1.6
1639150890833,1.4
1639152691125,1.4
1639154490936,1.3
1639156291031,1.3
1639158090977,1.3
1639159891179,1.3
1639161691029,1.3
1639163491099,1.3
1639165291155,1.0
1639167091305,1.0
1639168891236,0.9
1639170691389,0.9
1639172491299,0.9
1639174291480,0.7
1639176091419,0.6
1639177891544,0.6
1639179691614,0.7
1639181491618,0.7
1639183291495,0.7
1639185091691,0.7
1639186891572,0.7
1639188691609,0.7
1639190491737,0.8
1639192291780,0.8
1639194091774,0.9
1639195891816,0.9
1639197691803,1.0
1639199491887,1.0
1639201291976,1.2
1639203092039,1.0
1639204891961,1.3
1639206691957,0.8
1639208492026,1.1
1639210292167,1.1
1639212092077,0.8
1639213892188,0.7
1639215692267,0.9
1639217492265,0.7
1639219292262,1.0
1639221092271,1.0
1639222892349,2.2
1639224692320,2.2
1639226492384,1.8
1639228292460,1.8
1639230092495,0.9
1639231892456,0.9
1639233692400,0.5
1639235492509,0.2
1639237292455,0.0
1639239092593,0.0
1639240892471,0.1
1639242692631,0.1
1639244492643,1.8
1639246292671,1.6
1639248092613,1.4
1639249892764,1.4
1639251692780,0.3
1639253492741,0.3
1639255292651,-0.1
1639257092821,-0.1
1639258892832,0.0
1639260692781,0.0
1639262492823,0.9
1639264292901,0.9
1639266092983,1.7
1639267892977,0.8
1639269692980,0.7
1639271492990,0.7
1639273292931,0.4
1639275093120,0.4
1639276893001,0.7
1639278693043,0.7
1639280493131,1.1
1639282293167,1.1
1639284093180,1.3
1639285893161,1.3
1639287693092,1.5
1639289493335,1.5
1639291293337,1.6
1639293093368,1.4
1639294893299,1.6
1639296693333,1.6
1639298493428,1.9
1639300293422,1.9
1639302093384,2.2
1639303893451,2.2
1639305693475,2.3
1639307493517,2.3
1639309293355,2.6
1639311093544,2.6
1639312893477,2.9
1639314693607,2.9
1639316493516,3.2
1639318293660,3.2
1639320093602,3.4
1639321893587,3.4
1639323693537,3.5
1639325493775,3.3
1639327293667,3.3
1639329093747,3.3
1639330893609,3.3
1639334493701,3.3
1639336293789,3.3
1639338093691,3.2
1639339893789,3.2
1639341693813,3.5
1639343493837,3.5
1639345293805,3.3
1639347093838,3.3
1639348893860,3.1
1639350693907,3.1
1639352493904,3.0
1639354293973,3.0
1639356093967,3.3
1639357894039,3.3
1639359693901,3.2
1639361494007,3.2
1639363293964,3.6
1639365094055,3.6
1639366894143,3.7
1639368693995,3.7
1639370494027,4.1
1639372294124,4.1
1639374094017,4.0
1639375894103,4.0
1639377694116,4.0
1639379494101,4.0
1639381294035,4.3
1639383094080,4.3
1639384894172,4.5
1639386694341,4.5
1639388494080,5.1
1639390294208,5.1
1639392094083,5.6
1639393894248,5.6
1639395694245,6.6
1639397494297,6.6
1639399294276,7.2
1639401094303,7.2
1639402894233,8.0
1639404694251,8.0
1639406494204,8.5
1639408294295,8.5
1639410094235,8.2
1639411894309,8.2
1639413694405,7.9
1639415494323,7.9
1639417294313,7.7
1639419094386,8.0
1639420894319,8.0
1639422694336,8.0
1639424494345,7.8
1639426294315,7.8
1639428094280,7.2
1639429894340,7.2
1639431694415,7.0
1639433494329,7.1
1639435294464,7.0
1639437094491,6.8
1639438894504,6.8
1639440694490,6.8
1639442494445,7.0
1639444294497,7.0
1639446094471,7.0
1639447894423,7.0
1639449694379,6.8
1639451494485,6.4
1639453294469,5.9
1639455094469,5.6
1639456894521,5.6
1639458694633,5.7
1639460494569,5.8
1639462294603,5.5
1639464094472,5.1
1639465894491,4.8
1639467694562,4.9
1639469494556,3.7
1639471294561,3.6
1639473094580,3.9
1639474894768,4.6
1639476694598,4.9
1639478494548,5.6
1639480294971,5.6
1639482094755,6.2
1639483894849,6.2
1639485694483,6.1
1639487494603,6.1
1639489294541,6.3
1639491094596,6.3
1639492894559,6.0
1639494694583,6.0
1639496494639,5.9
1639498294728,5.9
1639500094707,5.6
1639501894859,5.6
1639503694795,5.6
1639505494956,5.5
1639507294900,5.7
1639509094892,6.0
1639510894992,6.4
1639512695115,6.7
1639514495035,6.9
1639516295197,6.9
1639518095214,7.1
1639519895340,7.1
1639521695303,7.4
1639523495440,7.4
1639525295395,7.8
1639527095404,7.8
1639528895519,7.9
1639530695528,7.9
1639532495667,7.9
1639534295680,7.9
1639536095775,7.7
1639537895839,7.7
1639539695785,7.6
1639541495931,7.6
1639543295811,7.7
1639545096019,7.9
1639546896023,8.1
1639548696059,8.1
1639550496096,8.3
1639552296067,8.3
1639554096095,8.3
1639555896295,8.3
1639557696137,8.5
1639559496269,8.5
1639561296259,8.5
1639563096369,8.5
1639564896459,8.7
1639566696579,8.7
1639568496544,9.0
1639570296722,9.0
1639572096624,9.0
1639573896871,9.0
1639575696591,9.0
1639577496815,8.9
1639579296778,8.9
1639581096818,8.9
1639582896804,8.8
1639584696945,8.8
1639586496927,8.7
1639588296984,8.7
1639590097057,8.6
1639591897073,8.6
1639593697083,8.4
1639595497191,8.4
1639597297125,8.4
1639599097129,8.4
1639600897247,8.5
1639602697297,8.5
1639604497296,8.5
1639606297427,8.5
1639608097468,8.5
1639609897520,8.5
1639611697457,7.9
1639613497582,7.9
1639615297515,7.0
1639617097630,7.0
1639618897674,6.0
1639620697608,6.0
1639622497741,5.8
1639624297835,5.8
1639626097817,6.0
1639627897821,6.0
1639629697895,7.0
1639631497986,7.0
1639633297960,7.0
1639635098117,7.0
1639636898069,6.4
1639638698679,6.4
1639640497981,5.8
1639642298579,5.8
1639644099594,5.9
1639645898267,5.9
1639647698282,6.9
1639649498312,6.9
1639651298311,8.0
1639653098303,8.0
1639654898449,8.4
1639656698504,8.2
1639658498388,8.0
1639660298420,8.0
1639662098539,7.3
1639663898577,7.3
1639665698464,6.8
1639667498820,6.8
1639669298608,6.7
1639671098608,6.7
1639672898607,6.7
1639674698644,6.7
1639676498603,6.5
1639678298674,6.4
1639680098750,6.4
1639681898807,6.3
1639683698787,6.2
1639685498759,6.2
1639687298861,6.1
1639689098799,6.1
1639690898774,6.0
1639692698805,6.1
1639694498925,5.7
1639696298935,5.7
1639698099021,5.6
1639699899043,5.6
1639701698992,5.7
1639703498989,5.7
1639705299076,6.0
1639707099042,6.0
1639708899000,6.0
1639710699055,5.9
1639712499090,5.9
1639714299129,5.8
1639716099114,5.7
1639717899191,5.7
1639719699259,5.8
1639721499299,5.5
1639723299340,5.6
1639725099341,5.5
1639726899169,5.5
1639728699172,5.5
1639730499225,5.8
1639732299367,5.8
1639734099144,5.6
1639735899364,5.6
1639737699300,6.3
1639739499361,7.0
1639741299369,8.2
1639743099412,8.2
1639744899455,8.4
1639746699530,8.4
1639748499390,7.2
1639750299610,7.2
1639752099474,6.3
1639753899495,6.3
1639755699552,5.7
1639757499569,5.9
1639759299517,5.9
1639761099667,6.7
1639762899621,6.4
1639764699620,6.7
1639766499688,6.5
1639768299707,6.2
1639770099589,6.7
1639771899713,7.1
1639773699771,5.7
1639775499736,5.3
1639777299776,4.6
1639779099817,3.7
1639780899822,3.9
1639782699808,5.4
1639784499824,5.1
1639786299920,5.1
1639788099783,5.2
1639789899851,5.2
1639791699850,5.8
1639793499891,5.8
1639795299913,5.6
1639797099983,5.6
1639798899967,6.1
1639800699891,6.3
1639802499870,6.8
1639804300054,6.8
1639806099967,6.0
1639807900041,6.0
1639809700035,5.2
1639811500019,5.2
1639813299981,5.4
1639815100092,5.4
1639816900026,5.8
1639818700159,5.8
1639820501050,6.9
1639822301707,6.9
1639824101125,7.7
1639825901155,7.7
1639827701508,7.8
1639829500929,7.5
1639831301356,7.4
1639833101301,7.4
1639834901239,7.0
1639836701237,7.0
1639838501299,6.5
1639840301032,6.5
1639842101261,6.5
1639843901655,6.5
1639845701573,6.8
1639847501795,6.8
1639849301143,6.7
1639851101484,6.7
1639852901701,6.6
1639854701432,6.6
1639856501542,6.9
1639858301151,6.9
1639860101263,6.9
1639861901380,7.0
1639863701672,7.0
1639865501432,7.0
1639867301739,6.9
1639869101157,6.9
1639870900449,6.6
1639872701133,6.6
1639874500954,6.5
1639876300489,6.5
1639878101394,6.5
1639879901492,6.5
1639881700980,6.5
1639883501206,6.5
1639885301468,6.6
1639887100815,6.5
1639888901033,6.8
1639890700588,6.6
1639892500547,6.6
1639894301652,6.6
1639896101572,6.5
1639897901537,6.4
1639899701506,6.5
1639901500650,6.8
1639903300490,6.7
1639905100689,6.7
1639906900725,6.6
1639908700515,6.6
1639910500681,6.3
1639912300515,6.5
1639914100531,6.8
1639915900659,6.8
1639917700639,6.2
1639919500601,6.2
1639921300658,4.9
1639923100615,4.9
1639924900620,3.9
1639926700908,3.9
1639928500708,3.4
1639930300549,3.5
1639932100779,2.7
1639933900683,2.7
1639935700679,2.2
1639937500702,2.2
1639939300715,2.0
1639941100617,2.0
1639942900676,2.0
1639944700706,2.0
1639946500643,2.1
1639948300589,2.1
1639950100581,2.1
1639951900680,2.1
1639953700776,1.7
1639955500735,1.7
1639957300776,1.3
1639959100833,1.3
1639960901013,1.4
1639962700927,1.8
1639964501019,1.8
1639966301013,1.8
1639968101097,1.8
1639969901220,1.7
1639971701181,1.5
1639973501361,1.6
1639975301241,1.6
1639977101228,1.6
1639978901309,1.5
1639980701453,1.5
1639982501348,1.4
1639984301504,1.4
1639986101594,0.7
1639987901556,0.7
1639989701544,1.3
1639991501524,1.1
1639993301611,2.2
1639995101737,2.2
1639996901759,3.1
1639998701724,2.6
1640000501811,3.3
1640002302012,3.2
1640004102204,3.3
1640005901906,3.2
1640007702068,2.7
1640009502183,2.6
1640011302027,1.9
1640013102284,1.9
1640014902212,1.4
1640016702278,1.4
1640018502187,1.4
1640020302385,1.4
1640022102405,0.8
1640023902519,0.8
1640025702460,0.6
1640027502364,0.6
1640029302503,0.0
1640031102604,0.0
1640032902520,-0.2
1640034702618,-0.4
1640036502555,-0.7
1640038302648,-0.9
1640040102616,-1.1
1640041902807,-1.5
1640043702797,-2.0
1640045502879,-2.0
1640047302856,-2.0
1640049102965,-1.9
1640050902860,-2.0
1640052703099,-2.0
1640054503089,-1.5
1640056303068,-1.5
1640058102979,-1.6
1640059903123,-1.7
1640061703072,-0.3
1640063503187,-0.3
1640065303181,0.9
1640067103308,0.9
1640068903185,0.4
1640070703399,0.4
1640072503271,0.3
1640074303478,-1.2
1640076103452,-0.7
1640077903487,-0.5
1640079703477,0.3
1640081503660,0.3
1640083303566,0.3
1640085103704,0.3
1640086903527,0.9
1640088703751,0.9
1640090503706,1.1
1640092303762,1.1
1640094103761,1.1
1640095903820,1.1
1640097703835,1.1
1640099503913,1.1
1640101303853,0.4
1640103103883,0.5
1640104903898,-0.5
1640106704032,-0.8
1640108504046,-1.0
1640110304004,-1.0
1640112104157,-0.6
1640113904128,-0.6
1640115704123,-0.4
1640117504265,-0.4
1640119304155,-0.7
1640121104245,-0.7
1640122904271,-0.7
1640124704507,0.0
1640126504351,0.2
1640128304267,0.6
1640130104364,0.8
1640131904412,0.6
1640133704361,0.8
1640135504563,1.0
1640137304429,0.8
1640139104627,0.8
1640140904532,1.2
1640142704629,1.2
1640144504630,1.4
1640146304659,1.0
1640148104539,1.2
1640149904705,1.8
1640151704587,1.5
1640153504751,1.5
1640155304827,1.2
1640157104793,1.2
1640158904819,1.3
1640160704851,1.3
1640162504904,1.3
1640164304919,1.1
1640166104913,1.4
1640167904957,1.4
1640169704863,1.7
1640171504920,1.7
1640173305005,1.7
1640175105025,1.7
1640176905073,1.5
1640178705212,1.6
1640180505021,1.4
1640182305212,1.9
1640184105152,1.9
1640185905081,1.9
1640187705233,2.2
1640189505312,2.2
1640191305233,2.1
1640193105290,2.1
1640194905247,2.0
1640196705286,2.0
1640198505321,1.9
1640200305371,1.9
1640202105517,2.1
1640203905376,2.1
1640205705363,2.5
1640207505319,2.8
1640209305333,3.1
1640211105525,3.2
1640212905385,3.2
1640214705497,2.6
1640216505487,1.6
1640218305508,1.6
1640220105626,1.9
1640221905631,1.9
1640223705604,2.3
1640225505625,2.9
1640227305628,2.9
1640229105626,2.9
1640230905672,2.3
1640232705900,2.3
1640234505722,1.9
1640236305816,1.9
1640238105815,1.7
1640239905707,1.8
1640241705784,1.6
1640243505781,1.6
1640245305765,1.3
1640247105824,1.2
1640248905772,1.1
1640250705951,1.1
1640252505915,1.0
1640254305920,1.0
1640256105943,1.0
1640257905976,1.0
1640259706003,1.0
1640261505977,1.0
1640263306027,1.1
1640265106014,1.1
1640266905968,1.1
1640268705990,1.3
1640270506029,1.1
1640272306146,1.2
1640274105940,1.0
1640275906076,1.0
1640277706083,0.8
1640279506055,0.8
1640281306115,0.8
1640283106072,0.8
1640284906121,0.1
1640286706248,0.1
1640288506191,-0.4
1640290306265,-0.4
1640292106146,0.7
1640293906203,0.7
1640295706335,0.9
1640297506216,0.9
1640299306141,0.2
1640301106297,0.2
1640302906269,0.6
1640304706525,0.5
1640306506329,1.0
1640308306372,1.2
1640310106347,1.7
1640311906371,1.6
1640313706279,1.1
1640315506294,1.1
1640317306284,1.0
1640319106428,1.0
1640320906324,0.5
1640322706396,0.5
1640324506391,-0.2
1640326306332,-0.2
1640328106517,-0.7
1640329906583,-0.7
1640331706423,-0.9
1640333506517,-0.9
1640335306437,-1.3
1640337106436,-1.3
1640338906479,-1.5
1640340706528,-1.5
1640342506493,-2.0
1640344306607,-2.0
1640346106576,-2.7
1640347906559,-2.7
1640349706417,-2.9
1640351506494,-3.3
1640353306579,-3.1
1640355106591,-3.1
1640356906591,-3.7
1640358706669,-3.7
1640360506574,-4.0
1640362306645,-4.0
1640364106615,-3.9
1640365906644,-3.9
1640367706587,-4.2
1640369506622,-4.2
1640371306635,-4.5
1640373106648,-4.6
1640374906627,-4.8
1640376706683,-4.8
1640378506630,-5.1
1640380306712,-5.1
1640382106509,-5.0
1640383906682,-5.0
1640385706545,-5.4
1640387506658,-5.4
1640389306611,-5.1
1640391106674,-5.1
1640392906563,-3.9
1640394706609,-3.9
1640396506644,-4.0
1640398306670,-4.0
1640400106717,-3.6
1640401906659,-3.6
1640403706665,-3.7
1640405506821,-3.5
1640407306595,-3.8
1640409106631,-4.1
1640410906752,-4.2
1640412706740,-4.7
1640414506775,-5.3
1640416306971,-5.4
1640418106841,-6.2
1640419906965,-6.3
1640421706943,-5.8
1640423507067,-5.1
1640425307032,-3.0
1640427107077,-3.0
1640428907223,-0.8
1640430707249,-0.8
1640432507196,-0.4
1640434307378,-0.4
1640436107909,-0.3
1640437907376,-0.3
1640439707400,-1.3
1640441507584,-1.1
1640443307555,-2.3
1640445107638,-2.3
1640446907668,-3.2
1640448707736,-2.8
1640450507767,-3.1
1640452307837,-3.1
1640454107832,-3.2
1640455907928,-3.2
1640457707995,-3.1
1640459507955,-3.1
1640461307959,-3.2
1640463108063,-2.9
1640464908152,-3.2
1640466708283,-3.2
1640468508351,-3.4
1640470308379,-3.4
1640472108270,-3.8
1640473908447,-3.8
1640475708421,-4.2
1640477508419,-4.2
1640479308620,-4.5
1640481108588,-4.5
1640482908743,-4.6
1640484708707,-4.6
1640486508696,-4.8
1640488308611,-4.8
1640490108838,-5.4
1640491908941,-5.4
1640493708905,-5.7
1640495509039,-5.7
1640497308921,-5.7
1640499108945,-5.7
1640500908919,-6.0
1640502709063,-6.0
1640504509037,-5.9
1640506309095,-6.1
1640508109104,-5.6
1640509909081,-5.6
1640511709191,-4.0
1640513509238,-4.4
1640515309153,-2.7
1640517109231,-2.7
1640518909295,-1.9
1640520709397,-1.9
1640522509343,-1.4
1640524309486,-1.4
1640526109415,-1.5
1640527909514,-1.5
1640529709515,-2.9
1640531509510,-3.2
1640533309559,-4.3
1640535109711,-4.1
1640536909727,-4.9
1640538709700,-4.3
1640540509704,-4.0
1640542309860,-4.0
1640544109748,-4.1
1640545909828,-4.1
1640547709951,-4.3
1640549509903,-4.3
1640551309907,-4.7
1640553109931,-4.8
1640554910036,-5.2
1640556710096,-5.4
1640558510088,-5.5
1640560310090,-5.6
1640562110119,-5.5
1640563910143,-5.6
1640565710092,-6.0
1640567510295,-5.8
1640569310312,-6.2
1640571110287,-6.2
1640572910388,-6.2
1640574710393,-6.2
1640576510399,-5.2
1640578310513,-5.7
1640580110522,-5.4
1640581910463,-5.4
1640583710628,-4.7
1640585510501,-5.0
1640587310559,-3.7
1640589110683,-3.6
1640590910647,-2.6
1640592710688,-2.8
1640594510631,-2.7
1640596310691,-2.7
1640598110622,-1.7
1640599910753,-1.7
1640601710782,-1.0
1640603510814,-1.0
1640605310887,-0.7
1640607110871,-0.7
1640608910811,-0.5
1640610710934,-0.5
1640612510935,-0.5
1640614311073,-0.5
1640616111003,-0.5
1640617910988,-0.5
1640619711029,0.1
1640621511127,0.1
1640623311163,0.5
1640625111105,0.5
1640626911164,0.5
1640628711275,0.5
1640630511239,0.7
1640632311165,0.6
1640634111311,0.7
1640635911283,0.7
1640637711343,0.5
1640639511331,0.5
1640641311347,0.4
1640643111441,0.5
1640644911320,0.3
1640646711467,0.5
1640648511397,0.5
1640650311537,0.6
1640652111413,0.4
1640653911527,0.4
1640655711621,0.4
1640657511611,0.3
1640659311641,0.2
1640661111584,0.2
1640662911643,0.2
1640664711638,0.2
1640666511665,0.4
1640668311636,0.4
1640670111775,0.6
1640671911664,0.6
1640673711781,0.7
1640675511755,0.7
1640677311831,0.7
1640679111755,0.7
1640680911895,0.7
1640682711917,0.7
1640684511885,0.8
1640686311879,0.8
1640688111968,1.0
1640689911885,1.0
1640691711945,1.0
1640693511933,1.0
1640695311915,1.0
1640697111921,1.0
1640698912028,0.9
1640700712011,0.9
1640702512115,1.0
1640704312127,1.0
1640706112083,1.0
1640707912084,1.0
1640709712128,1.1
1640711512137,1.1
1640713312111,1.1
1640715112140,1.1
1640716912149,1.2
1640718712293,1.1
1640720512280,1.3
1640722312236,1.3
1640724112235,1.3
1640725912292,1.3
1640727712255,1.3
1640729512315,1.2
1640731312297,1.3
1640733112354,1.1
1640734912321,1.2
1640736712340,1.3
1640738512375,1.4
1640740312373,1.4
1640742112388,1.5
1640743912403,1.5
1640745712468,1.3
1640747512519,1.3
1640749312411,1.2
1640751112492,1.4
1640752912573,1.7
1640754712520,1.7
1640756512599,1.8
1640758312499,1.8
1640760112531,1.9
1640761912604,1.9
1640763712619,1.8
1640765512656,1.8
1640767312544,1.7
1640769112658,1.7
1640770912529,1.8
1640772712708,1.8
1640774512713,2.1
1640776312615,2.1
1640778112695,2.2
1640779912740,2.2
1640781712572,2.2
1640783512716,2.2
1640785312679,2.1
1640787112592,2.1
1640788912908,1.8
1640790712795,1.8
1640792512743,1.8
1640794312757,2.0
1640796112717,1.9
1640797912664,1.9
1640799712791,1.7
1640801512777,1.7
1640803312797,1.7
1640805112735,1.7
1640806912792,1.9
1640808712835,1.9
1640810512700,2.1
1640812312873,2.1
1640814112816,2.2
1640815912897,2.1
1640817712837,2.3
1640819512775,2.2
1640821312864,2.5
1640823112865,2.5
1640824912891,2.7
1640826712864,2.7
1640828512856,3.0
1640830313116,3.0
1640832112856,3.4
1640833912942,3.4
1640835712792,4.3
1640837512912,4.3
1640839312921,5.3
1640841113015,5.3
1640842912813,6.4
1640844712840,6.4
1640846512839,7.3
1640848312980,7.3
1640850112862,7.4
1640851912840,7.4
1640853712969,6.6
1640855512873,6.6
1640857312801,6.8
1640859112963,6.8
1640860912921,7.0
1640862712936,7.1
1640864512972,7.6
1640866312899,7.5
1640868112963,7.9
1640869913032,7.8
1640871713107,7.5
1640873513161,7.5
1640875313211,7.9
1640877113359,7.9
1640878913273,8.7
1640880713455,8.7
1640882513271,8.6
1640884313384,8.3
1640886113463,8.6
1640887913597,8.6
1640889713556,8.6
1640891513559,8.8
1640893313573,8.9
1640895113717,8.9
1640896913700,8.6
1640898713880,8.6
1640900513709,8.2
1640902313855,8.2
1640904113799,7.9
1640905913831,7.9
1640907713942,7.7
1640909513991,7.7
1640911314085,7.7
1640913114024,7.7
1640914914131,8.2
1640916714155,8.2
1640918514121,8.1
1640920314289,8.1
1640922114273,8.0
1640923914255,8.0
1640925714406,7.8
1640927514397,7.8
1640929314455,7.8
1640931114573,7.8
1640932914476,7.7
1640934714669,7.7
1640936514641,7.8
1640938314549,7.8
1640940114682,8.0
1640941914797,8.0
1640943714791,8.1
1640945514767,8.2
1640947314869,8.3
1640949114838,8.6
1640950914840,8.9
1640952714867,9.0
1640954514963,8.9
1640956315001,8.9
1640958115061,7.8
1640959915091,7.8
1640961715158,7.6
1640963515127,7.6
1640965315147,7.1
1640967115106,7.5
1640968915253,7.4
1640970715245,7.5
1640972515316,7.4
1640974315323,7.7
1640976115415,7.3
1640977915383,6.9
1640979715423,6.6
1640981515451,6.6
1640983315511,6.4
1640985115517,6.4
1640986915569,6.3
1640988715626,6.3
1640990515671,6.4
1640992315676,6.4
1640994115721,6.4
1640995915724,6.4
1640997715815,6.2
1640999515892,6.2
1641001315888,6.1
1641003115931,6.5
1641004915951,6.3
1641006716039,6.3
1641008515939,6.2
1641010315948,6.2
1641012116053,6.1
1641013916152,6.1
1641015716147,5.7
1641017516252,5.7
1641019316224,5.6
1641021116288,5.6
1641022916279,5.2
1641024716244,5.2
1641026516272,5.4
1641028316460,5.4
1641030116340,5.3
1641031916317,5.3
1641033716379,5.4
1641035516351,5.4
1641037316352,5.4
1641039116557,5.3
1641040916535,5.3
1641042716643,5.2
1641044516615,5.1
1641046316575,5.1
1641048116525,5.2
1641049916803,5.3
1641051716624,5.5
1641053516889,5.9
1641055316897,6.4
1641057116845,6.4
1641058916857,7.0
1641060716965,7.0
1641062516880,8.0
1641064316894,8.0
1641066116959,8.7
1641067916903,8.2
1641069716963,8.8
1641071517053,8.8
1641073317020,8.9
1641075117055,9.0
1641076917108,9.0
1641078717168,9.0
1641080517087,8.8
1641082317137,8.8
1641084117124,8.9
1641085917189,8.9
1641087717215,8.8
1641089517210,8.9
1641091317235,8.8
1641093117253,8.8
1641094917180,8.9
1641096717334,8.9
1641098517307,8.8
1641100317421,8.7
1641102117389,8.7
1641103917433,8.7
1641105717480,8.6
1641107517476,8.6
1641109317360,8.5
1641111117524,8.5
1641112917479,8.5
1641114717477,8.5
1641116517512,8.4
1641118317485,8.4
1641120117505,8.3
1641121917612,8.5
1641123717532,8.4
1641125517555,8.4
1641127317608,8.1
1641129117666,8.1
1641130917657,8.4
1641132717690,8.4
1641134517671,8.3
1641136317771,8.3
1641138117679,8.2
1641139917767,8.1
1641141717848,8.1
1641143517813,8.1
1641145317765,7.8
1641147117899,7.8
1641148917851,7.6
1641150717781,7.4
1641152517996,7.3
1641154317920,7.5
1641156117816,7.5
1641157917940,7.5
1641159717971,7.5
1641161517983,7.4
1641163317896,7.3
1641165117899,7.1
1641166918007,7.3
1641168718097,7.2
1641170518047,7.3
1641172317964,7.3
1641174117975,7.8
1641175918011,7.8
1641177718129,7.4
1641179518157,7.4
1641181318108,7.4
1641183118233,7.4
1641184918159,7.6
1641186718247,7.6
1641188518103,7.5
1641190318253,7.4
1641192118197,7.4
1641193918267,7.4
1641195718074,7.4
1641197518285,7.4
1641199318117,7.5
1641201118293,7.5
1641202918343,7.5
1641204718259,7.6
1641206518317,7.6
1641208318412,7.6
1641210118245,7.6
1641211918360,7.6
1641213718379,7.6
1641215518414,7.7
1641217318306,7.6
1641219118468,7.6
1641220918399,7.7
1641222718495,7.7
1641224519167,7.6
1641226318312,7.6
1641229918295,7.2
1641231718367,7.2
1641233518319,7.2
1641235318452,5.8
1641237118363,5.8
1641238918561,5.0
1641240718487,5.1
1641242518439,4.5
1641244318516,4.5
1641246118465,4.0
1641247918375,4.0
1641249718365,3.4
1641251518423,3.4
1641253318517,2.2
1641255118519,2.2
1641256918512,1.9
1641258718561,2.1
1641260518526,1.8
1641262318621,1.8
1641264118524,1.5
1641265918509,1.7
1641267718605,1.3
1641269518536,1.2
1641271318492,1.2
1641273118648,1.0
1641274918612,2.0
1641276718581,2.0
1641278518548,2.3
1641280318791,1.5
1641282118507,2.0
1641283918519,2.0
1641285718587,1.4
1641287518599,1.4
1641289318621,1.8
1641291118527,1.8
1641292918537,2.3
1641294718684,2.1
1641296518552,2.6
1641298318643,2.6
1641300118665,2.3
1641301918608,2.3
1641303718606,2.5
1641305518616,2.5
1641307318579,3.1
1641309118556,3.1
1641310918652,2.6
1641312718674,2.6
1641314518615,2.2
1641316318663,2.2
1641318118623,1.7
1641319918639,1.7
1641321718620,1.6
1641323518697,1.6
1641325318763,1.5
1641327118787,1.9
1641328918863,1.7
1641330718755,1.7
1641332518839,1.2
1641334318883,1.2
1641336118903,2.2
1641337918935,2.2
1641339719027,2.5
1641341519063,2.5
1641343318988,2.2
1641345119153,2.2
1641346919216,2.1
1641348719359,2.8
1641350519319,2.5
1641352319298,2.1
1641354119415,1.7
1641355919503,1.7
1641357719477,1.6
1641359519551,2.3
1641361319487,2.4
1641363120811,2.4
1641364921099,2.5
1641366721256,2.5
1641368519710,2.4
1641370319915,2.5
1641372119844,1.8
1641373919840,1.8
1641375719851,2.5
1641377519940,2.4
1641379319979,2.6
1641381120107,2.6
1641382920095,2.5
1641384720203,2.5
1641386520151,2.3
1641388320127,2.6
1641390120320,1.9
1641391920340,1.6
1641393720430,0.7
1641395520503,0.7
1641397320351,0.1
1641399120352,0.1
1641400920404,0.2
1641402720395,0.2
1641404520400,0.7
1641406320659,0.7
1641408120597,0.8
1641409920715,0.8
1641411720593,0.6
1641413520839,0.6
1641415320709,0.5
1641417120922,0.5
1641418920851,0.5
1641420720921,0.5
1641422520923,-0.2
1641424321049,-0.2
1641426121004,-0.4
1641427921869,-0.4
1641429721862,-0.6
1641431521171,-0.6
1641433321233,-0.4
1641435121321,-0.4
1641436921236,-1.1
1641438721248,-1.2
1641440521315,-1.4
1641442321315,-1.4
1641444121387,-1.4
1641445921528,-1.6
1641447721525,-1.7
1641449521472,-1.7
1641451321399,-2.8
1641453121473,-3.0
1641454921473,-3.2
1641456721632,-3.2
1641458521524,-2.8
1641460321627,-2.5
1641462121667,-1.2
1641463921600,-1.3
1641465721788,0.4
1641467521765,0.4
1641469321863,1.2
1641471121846,0.8
1641472921940,0.9
1641474721905,0.6
1641476521960,0.2
1641478322005,0.2
1641480122005,-0.6
1641481922064,-0.3
1641483722085,-0.9
1641485522201,-0.9
1641487322183,-0.7
1641489122295,-0.7
1641490922211,-0.3
1641492722255,-0.3
1641494522255,0.4
1641496322363,0.4
1641498122321,-0.1
1641499922444,-0.1
1641501722431,-0.2
1641503522367,-0.2
1641505322477,0.0
1641507122399,-0.1
1641508922593,0.0
1641510722552,0.3
1641512522541,0.6
1641514322617,0.4
1641516122644,0.9
1641517922680,1.0
1641519722725,1.3
1641521522784,1.3
1641523322748,1.2
1641525122996,1.2
1641526922838,1.2
1641528722863,1.2
1641530522910,1.4
1641532322968,1.4
1641534122970,1.5
1641535923035,1.5
1641537723032,1.3
1641539522992,1.3
1641541323062,2.0
1641543123111,2.0
1641544923117,2.2
1641546723035,2.2
1641548523129,2.2
1641550323213,2.4
1641552123113,2.7
1641553923236,2.8
1641555723163,2.8
1641557523265,2.8
1641559323136,3.3
1641561123211,3.3
1641562923320,3.3
1641564723226,3.3
1641566523384,3.2
1641568323343,3.2
1641570123357,2.6
1641571923477,2.6
1641573723484,2.5
1641575523444,2.5
1641577323500,1.8
1641579123413,1.5
1641580923456,1.4
1641582723473,1.2
1641584523635,1.3
1641586323594,1.3
1641588123717,2.1
1641589923787,2.1
1641591723700,2.1
1641593523712,2.1
1641595323743,1.7
1641597123737,1.7
1641598923764,0.5
1641600723745,0.5
1641602523842,0.7
1641604323855,0.6
1641606123764,0.8
1641607923819,0.8
1641609723819,0.3
1641611523947,0.3
1641613323764,0.4
1641615123899,0.4
1641616923783,0.5
1641618723891,0.5
1641620523819,0.7
1641622323863,0.6
1641624123905,1.0
1641625923943,1.2
1641627723957,0.9
1641629523940,0.9
1641631324056,2.4
1641633123911,2.4
1641634923923,2.9
1641636724071,2.9
1641638523969,3.7
1641640323990,2.5
1641642124116,2.8
1641643925052,2.6
1641645724065,3.0
1641647524247,3.0
1641649324039,2.7
1641651124255,2.2
1641652924071,2.1
1641654724191,2.1
1641656524072,1.6
1641658324192,1.6
1641660124112,0.9
1641661924255,0.9
1641663724256,0.4
1641665524412,0.5
1641667324361,0.8
1641669124272,0.8
1641670924290,0.8
1641672724261,0.8
1641674524279,0.5
1641676324232,0.6
1641678124344,0.6
1641679924429,0.8
1641681724295,1.1
1641683524267,1.1
1641685324321,1.4
1641687124407,1.4
1641688924421,1.4
1641690724408,1.3
1641692524403,1.8
1641694324506,1.8
1641696124354,1.5
1641697924395,1.5
1641699724341,1.4
1641701524445,1.4
1641703324483,1.2
1641705124511,1.1
1641706924356,1.1
1641708724701,1.1
1641710524484,1.0
1641712324527,1.0
1641714124527,1.6
1641715924464,1.6
1641717724532,1.3
1641719524600,1.3
1641721324520,1.1
1641723124512,1.1
1641724924518,1.0
1641726724634,1.0
1641728524461,1.2
1641730324611,1.1
1641732124623,1.0
1641733924571,1.0
1641735724616,1.5
1641737524608,1.5
1641739324621,1.8
1641741124628,1.8
1641742924598,1.8
1641744724681,1.8
1641746524587,1.8
1641748324604,1.6
1641750124634,1.7
1641751924638,1.7
1641753724591,1.8
1641755524683,1.7
1641757324691,1.9
1641759124547,1.7
1641760924608,2.0
1641762724576,2.2
1641764524554,2.4
1641766324691,2.3
1641768124583,2.3
1641769924624,2.3
1641771724624,2.4
1641773524619,2.6
1641775324586,2.4
1641777124798,2.4
1641778924673,2.1
1641780724726,2.3
1641782524827,2.0
1641784324880,2.0
1641786124884,2.2
1641787924936,2.5
1641789724921,2.6
1641791525023,2.6
1641793325087,2.5
1641795125195,2.5
1641796925096,2.5
1641798725264,2.3
1641800525213,2.4
1641802325351,2.4
1641804125325,2.5
1641805925447,2.5
1641807725481,2.7
1641809525547,2.7
1641811325561,3.0
1641813125661,3.0
1641814925681,3.1
1641816725686,3.1
1641818525637,3.1
1641820325877,3.1
1641822125767,2.8
1641823925960,2.9
1641825725856,2.0
1641827525955,2.0
1641829325979,2.2
1641831126107,2.2
1641832926299,2.9
1641834726123,2.9
1641836526215,1.7
1641838326351,1.7
1641840126264,1.4
1641841926320,1.4
1641843726485,1.3
1641845526447,1.0
1641847326526,0.5
1641849126447,0.6
1641850926591,0.3
1641852726603,0.6
1641854526595,0.1
1641856326592,0.1
1641858126680,-0.1
1641859926677,0.1
1641861726752,0.7
1641863526928,1.1
1641865326875,2.1
1641867126856,2.1
1641868926972,2.3
1641870727053,2.3
1641872526975,1.1
1641874327099,1.1
1641876127103,1.3
1641877927259,1.2
1641879727143,1.2
1641881527123,1.2
1641883327222,1.3
1641885127360,1.3
1641886927279,1.3
1641888727257,1.3
1641890527295,1.9
1641892327471,1.9
1641894127492,2.6
1641895927545,2.4
1641897727537,2.6
1641899527507,2.6
1641901327463,2.7
1641903127785,2.7
1641904927627,2.9
1641906727712,2.9
1641908527760,2.8
1641910327815,2.8
1641912128045,2.8
1641913927925,3.0
1641915727863,3.0
1641917527911,3.0
1641919328003,2.6
1641921128087,2.6
1641922927981,2.9
1641924728153,2.9
1641926528137,3.4
1641928328263,3.4
1641930128197,3.8
1641931928273,3.8
1641933728279,3.9
1641935528239,3.9
1641937328283,4.0
1641939128459,4.0
1641940928311,3.9
1641942728544,3.9
1641944528396,3.2
1641946328569,2.7
1641948128415,2.9
1641949928537,2.1
1641951728584,2.2
1641953528615,2.2
1641955328547,2.0
1641957128737,2.1
1641958928689,2.0
1641960728734,2.0
1641962528763,2.2
1641964328840,2.2
1641966128737,2.8
1641967928756,2.8
1641969728899,3.4
1641971529020,3.4
1641973328984,3.6
1641975129010,3.3
1641976928990,3.9
1641978729089,3.9
1641980529111,4.6
1641982330125,4.6
1641984129159,5.2
1641985929178,5.2
1641987729163,6.5
1641989529352,6.5
1641991329213,7.2
1641993129328,7.2
1641994929213,6.9
1641996729468,6.9
1641998529351,6.9
1642000329323,6.9
1642002129332,7.3
1642003929480,7.3
1642005729416,7.3
1642007529501,7.3
1642009329623,7.4
1642011129537,7.4
1642012929527,7.6
1642014729579,7.3
1642016529532,7.4
1642018329672,7.4
1642020129585,7.4
1642021929835,7.4
1642023729840,7.9
1642025529773,7.9
1642027329691,8.0
1642029129795,8.0
1642030929760,8.2
1642032729883,8.4
1642034529711,8.3
1642036329821,7.9
1642038129831,7.9
1642039929961,7.9
1642041729865,7.8
1642043529959,7.8
1642045329897,7.8
1642047129946,7.8
1642048929969,7.5
1642050729968,7.5
1642052530049,7.2
1642054330005,7.3
1642056129955,7.2
1642057929959,7.2
1642059730132,7.3
1642061532425,7.3
1642063330109,7.6
1642065130152,7.6
1642066930212,8.2
1642068730067,8.4
1642069936410,8.7
1642071736532,8.8
1642073536446,9.0
1642075336872,8.6
1642077136484,8.7
1642078936813,8.6
1642080736605,8.1
1642082536807,8.1
1642084336612,7.6
1642086137077,7.6
1642087936783,7.1
1642089737025,7.1
1642091536953,7.3
1642093337016,7.3
1642095136927,7.5
1642096937331,7.8
1642098736974,7.6
1642100537185,7.6
1642102337231,8.2
1642104137280,8.2
1642105937191,8.3
1642107738019,8.3
1642109537395,7.8
1642111337388,7.8
1642113137415,7.8
1642114937595,7.8
1642116737515,8.3
1642118537736,8.3
1642120337617,8.8
1642122137702,8.8
1642123937876,8.7
1642125737808,9.2
1642127537887,9.1
1642129337831,9.1
1642131137995,8.2
1642132938028,8.2
1642134737848,7.4
1642136538013,7.6
1642138337911,6.7
1642140138151,6.7
1642141938112,6.2
1642143738121,6.2
1642145538123,5.8
1642147338294,5.8
1642149138163,5.8
1642150938783,5.8
1642152738347,6.2
1642154538542,6.2
1642156338322,6.4
1642158138796,6.4
1642159938480,6.2
1642161738904,6.2
1642163538544,6.1
1642165338648,6.3
1642167138659,6.0
1642168938879,6.0
1642170738680,5.1
1642172538977,5.1
1642174338695,4.2
1642176138931,4.2
1642177938883,3.8
1642179739109,4.0
1642181538874,3.5
1642183339084,3.6
1642185139009,3.3
1642186939301,3.3
1642188739116,3.0
1642190539227,2.8
1642192339103,2.4
1642194139348,2.1
1642195939151,1.7
1642197739396,1.7
1642199539280,1.6
1642201339708,1.8
1642203139357,1.2
1642204939552,1.2
1642206739404,0.4
1642208539672,0.4
1642210339540,0.3
1642212139740,0.3
1642213939567,0.2
1642215739603,0.1
1642217539613,0.4
1642219339805,0.4
1642221139583,0.5
1642222939771,0.4
1642224739742,0.7
1642226539828,0.7
1642228339700,0.6
1642230139817,0.3
1642231939864,0.4
1642233740092,0.4
1642235539979,0.9
1642237339963,0.9
1642239140031,1.7
1642240940087,1.7
1642242740139,2.5
1642244540161,2.5
1642246340122,3.3
1642248140149,3.3
1642249940218,4.3
1642251740315,4.3
1642253540267,4.3
1642255340277,4.3
1642257140307,4.0
1642258940419,4.1
1642260740325,3.9
1642262540409,3.9
1642264340380,4.0
1642266140584,4.2
1642267940348,4.4
1642269740566,4.3
1642271540612,4.4
1642273340613,4.4
1642275140600,4.6
1642276940675,4.7
1642278740604,4.8
1642280540795,4.9
1642282340647,5.0
1642284140759,4.9
1642285940673,5.1
1642287740997,5.1
1642289540658,5.2
1642291340793,5.2
1642293140804,5.1
1642294941088,5.1
1642296740860,5.2
1642298540937,5.2
1642300340889,4.8
1642302141007,4.8
1642303941027,4.6
1642305740949,4.5
1642307540913,4.4
1642309341259,4.3
1642311141184,4.3
1642312941292,4.4
1642314741124,4.4
1642316541147,4.5
1642318341153,4.5
1642320141355,4.5
1642321941136,4.6
1642323741385,4.7
1642325541185,4.8
1642327341426,4.9
1642329141287,5.2
1642330941338,5.2
1642332741315,6.4
1642334541412,6.4
1642336341255,6.6
1642338141486,6.6
1642339941431,6.4
1642341741709,6.4
1642343541434,6.5
1642345341683,6.5
1642347141372,5.4
1642348941444,5.4
1642350741507,5.1
1642352541505,5.1
1642354341563,5.0
1642356141771,5.0
1642357941524,4.9
1642359741594,4.9
1642361541617,5.2
1642363341667,5.2
1642365141692,5.5
1642366941742,5.5
1642368741696,6.1
1642370541702,6.1
1642372341680,7.0
1642374141958,6.5
1642375941572,7.3
1642377741768,7.3
1642379541753,7.0
1642381341836,7.2
1642383141733,5.6
1642384941727,5.5
1642386741762,4.6
1642388541940,4.8
1642390341774,5.3
1642392141883,5.3
1642393941831,5.2
1642395741954,5.2
1642397541857,4.2
1642399341915,4.2
1642401141844,3.2
1642402942172,3.4
1642404741816,3.1
1642406542016,2.8
1642408341956,3.2
1642410142177,3.2
1642411941916,4.0
1642413742364,4.0
1642415542069,4.7
1642417342081,4.7
1642419142033,4.8
1642420942252,4.8
1642422741964,4.7
1642424542092,4.7
1642426341955,4.3
1642428142124,4.3
1642429942076,3.8
1642431742143,3.8
1642433541980,3.1
1642435342209,3.1
1642437142067,2.8
1642438942252,2.8
1642440742015,2.3
1642442542116,2.3
1642444342048,2.1
1642446142155,2.0
1642447942016,2.2
1642449742209,2.2
1642451542083,2.1
1642453342359,2.1
1642455142211,2.2
1642456942320,2.2
1642458742189,2.4
1642460542376,2.4
1642462342177,2.4
1642464142244,2.4
1642465942103,2.4
1642467742519,1.8
1642469542223,1.8
1642471342318,1.8
1642473142231,0.7
1642474942247,0.7
1642476742220,0.6
1642478542193,0.6
1642480342261,0.8
1642482142408,1.0
1642483942261,2.4
1642485742413,2.4
1642487542322,4.7
1642489342327,4.7
1642491142165,6.1
1642492942380,6.1
1642494742400,6.0
1642496542614,6.0
1642498342317,7.0
1642500142400,7.0
1642501942224,6.6
1642503742389,6.6
1642505542347,7.1
1642507342504,6.8
1642509142317,6.8
1642510942305,6.5
1642512742309,5.7
1642514542336,5.7
1642516342336,5.0
1642518142397,5.0
1642519942377,5.4
1642521742492,5.4
1642523542339,6.2
1642525342495,6.2
1642527142648,6.0
1642528942693,6.0
1642530742675,6.2
1642532542622,6.1
1642534342716,5.8
1642536142861,5.8
1642537942805,5.6
1642539743023,5.6
1642541542923,5.3
1642543343080,5.3
1642545143026,4.8
1642546943304,4.8
1642548743121,4.6
1642550543215,4.6
1642552343103,4.7
1642554143208,4.7
1642555943352,4.9
1642557743449,4.9
1642559543299,5.1
1642561343573,5.1
1642563143497,5.4
1642564943472,5.3
1642566743575,5.5
1642568543630,5.5
1642570343555,6.0
1642572143787,6.0
1642573943679,6.3
1642575743780,6.3
1642577543721,6.0
1642579343950,6.0
1642581143903,5.8
1642582944553,5.8
1642586544337,5.6
1642588343986,5.8
1642590144215,5.8
1642591944184,5.9
1642593744273,5.9
1642595544211,6.0
1642597344275,6.0
1642599144316,5.9
1642600944291,6.0
1642602744463,6.5
1642604544571,6.5
1642606344501,6.6
1642608144504,6.6
1642609944517,5.3
1642611744583,5.3
1642613544619,4.8
1642615344637,4.8
1642617144585,3.1
1642618944779,3.3
1642620744716,1.6
1642622544831,1.6
1642624344735,2.1
1642626144852,2.5
1642627944860,1.9
1642629744900,1.9
1642631544931,1.3
1642633345264,1.3
1642635145043,0.9
1642636945268,0.9
1642638744979,0.6
1642640545168,0.7
1642642345199,1.4
1642644145332,1.4
1642645945146,1.2
1642647745269,1.2
1642649545217,1.6
1642651345417,1.6
1642653145331,1.9
1642654945584,1.6
1642656745408,1.6
1642658545577,1.6
1642660345507,1.6
1642662145639,1.6
1642663945639,1.4
1642665745655,1.3
1642667545685,1.3
1642669345663,1.3
1642671145663,1.6
1642672945837,1.6
1642674745722,1.9
1642676546051,1.9
1642678345771,2.2
1642680146036,2.2
1642681254076,2.3
1642683053776,2.2
1642684853863,2.2
1642686654023,1.7
1642688453923,1.8
1642690253983,1.6
1642692054075,1.8
1642693854024,1.4
1642695654455,1.4
1642697454268,1.2
1642699254312,1.1
1642701054260,1.1
1642702854688,0.9
1642704654356,0.8
1642706454535,0.7
1642708254495,0.5
1642710054688,0.5
1642711854631,0.3
1642713654692,0.3
1642715454683,0.3
1642717254766,0.2
1642719054625,0.1
1642720854830,0.1
1642722654836,-0.1
1642724454978,-0.1
1642726254882,-0.1
1642728055195,-0.5
1642729855057,-0.6
1642731655043,-0.6
1642733454925,-0.5
1642735255190,-0.5
1642737055147,-0.3
1642738855159,-0.3
1642740655108,-0.1
1642742455305,-0.6
1642744255303,-0.1
1642746055511,-0.1
1642747855391,0.5
1642749655447,-0.2
1642751455409,0.6
1642753255526,0.3
1642755055412,1.1
1642756855951,1.1
1642758655743,2.1
1642760455595,2.1
1642762255552,4.2
1642764055843,4.8
1642765855755,4.9
1642767655726,4.9
1642769455709,4.5
1642771255916,4.2
1642773056044,5.3
1642774856089,5.3
1642776656116,6.0
1642778456023,5.8
1642780256105,5.1
1642782056221,5.1
1642783856235,4.2
1642785656120,5.0
1642787456156,4.5
1642789257931,4.4
1642791056281,3.2
1642792856245,3.2
1642794656331,2.3
1642798256524,2.0
1642800056504,2.8
1642801856469,2.2
1642803656681,2.9
1642805456501,2.4
1642807256741,2.4
1642809056635,1.9
1642810856580,1.9
1642812656644,0.9
1642814456845,1.5
1642816256865,1.1
1642818057417,1.1
1642819856929,0.6
1642821656979,0.6
1642823456914,0.8
1642825257007,1.0
1642827056863,1.0
1642828856972,1.0
1642830656959,1.0
1642832457063,1.0
1642834257076,1.9
1642836057125,2.1
1642837857078,2.6
1642839657324,2.7
1642841457308,3.2
1642843257071,3.2
1642845057160,3.8
1642846857326,3.8
1642848657296,4.8
1642850457323,4.8
1642852257332,6.6
1642854057412,6.6
1642855857588,7.0
1642857657531,7.0
1642859457595,6.3
1642861257447,6.2
1642863057524,5.7
1642864857502,5.7
1642866657472,4.7
1642868457552,4.7
1642870257644,4.2
1642872057543,4.2
1642873857666,3.8
1642875657687,3.8
1642877457655,4.1
1642879257796,4.1
1642881057851,4.2
1642882857725,4.2
1642884657812,3.9
1642886457930,3.8
1642888257797,3.9
1642890057849,3.9
1642891858112,3.8
1642893658607,3.8
1642895458013,4.7
1642897257988,5.3
1642899058631,5.1
1642900858487,5.1
1642902658343,5.1
1642904458413,5.1
1642906258344,5.0
1642908058388,5.0
1642909858260,5.0
1642911658318,5.0
1642913458332,5.8
1642915258484,5.8
1642917058563,6.5
1642918858455,6.5
1642920658512,7.2
1642922458355,7.2
1642924258392,6.0
1642926058435,6.0
1642927858433,4.6
1642929658548,4.6
1642931458593,5.7
1642933258561,6.5
1642935059080,7.7
1642936858933,7.7
1642938661125,9.0
1642940458577,9.0
1642942258679,8.9
1642944058977,8.3
1642945858657,8.0
1642947658976,8.0
1642949458727,7.3
1642951258842,7.3
1642953058815,7.1
1642954858786,7.3
1642956658801,6.7
1642958458725,6.7
1642960258849,5.9
1642962058855,5.9
1642963858879,6.3
1642965658932,6.4
1642967458860,6.4
1642969258955,6.1
1642971058803,5.8
1642972858967,5.8
1642974658977,5.6
1642976458907,5.6
1642978259121,6.6
1642980058911,6.5
1642981858991,6.5
1642983659132,6.5
1642985459003,6.3
1642987259108,6.3
1642989059095,6.0
1642990859087,5.8
1642992659117,5.6
1642994459109,5.6
1642996259192,5.3
1642998059317,5.3
1642999859157,5.1
1643001659165,5.1
1643003459312,5.2
1643005259194,5.3
1643007059201,5.1
1643008859301,5.1
1643010659356,5.3
1643012459468,5.3
1643014259416,5.3
1643016059327,5.3
1643017859337,5.4
1643019659501,5.4
1643021459367,5.4
1643023259296,5.4
1643025059576,5.6
1643026859517,5.6
1643028660428,5.9
1643030459653,5.9
1643032259567,6.1
1643034059413,6.0
1643035859389,5.8
1643037659561,5.8
1643039459455,6.0
1643041259363,6.0
1643043059439,6.0
1643044859555,6.0
1643046659380,6.0
1643048459346,6.0
1643050259563,6.1
1643052059495,6.1
1643053859501,6.2
1643055659520,6.2
1643057459669,5.8
1643059259431,5.8
1643061059640,6.4
1643062859509,6.4
1643064659611,6.8
1643066459547,6.8
1643068259728,6.7
1643070059523,6.6
1643071859764,6.1
1643073659627,6.1
1643075459755,5.5
1643077259663,5.8
1643079059636,5.3
1643080859683,5.3
1643082659713,5.0
1643084459703,5.0
1643086259726,4.6
1643088059823,4.6
1643089859723,4.1
1643091659642,4.1
1643093459705,4.0
1643095259845,4.1
1643097059752,4.0
1643098859648,4.0
1643100659762,4.3
1643102459727,3.9
1643104259715,5.0
1643106059693,5.0
1643107859899,5.8
1643109659900,5.8
1643111459727,6.4
1643113259695,6.4
1643115059864,6.3
1643116859816,6.3
1643118659815,6.3
1643120459853,6.3
1643122259747,5.9
1643124059707,5.9
1643125859834,5.8
1643127659868,5.8
1643129459671,5.3
1643131259935,5.3
1643133059847,5.4
1643134859983,5.4
1643136659871,6.1
1643138459941,5.8
1643140259948,5.8
1643142060120,5.8
1643143859907,5.7
1643145660339,5.7
1643147460209,6.0
1643149260107,6.2
1643151060327,6.3
1643152860279,6.1
1643154660412,6.2
1643156460392,6.2
1643158260327,5.9
1643160060657,5.9
1643161860433,5.4
1643163660479,5.4
1643165460664,5.3
1643167260563,5.3
1643169060909,5.4
1643170860764,5.4
1643172660700,5.5
1643174460732,5.5
1643176260953,5.6
1643178060773,5.6
1643179861091,5.8
1643181660963,5.8
1643183461228,5.9
1643185261105,5.9
1643187061034,6.2
1643188861121,6.2
1643190661835,6.7
1643192461472,6.7
1643194261371,6.6
1643196061377,6.6
1643197861291,6.5
1643199661199,6.2
1643201461472,6.3
1643203261451,6.3
1643205061538,5.9
1643206861534,5.9
1643208661873,5.8
1643210461555,6.0
1643212261734,5.8
1643214061728,6.1
1643215861659,6.0
1643217661863,6.0
1643219461793,5.7
1643221261971,5.7
1643223061915,5.7
1643224861945,6.0
1643226662059,5.9
1643228462076,5.9
1643230262055,5.7
1643232062139,5.7
1643233862071,5.9
1643235662244,6.1
1643237462227,6.1
1643239262193,6.1
1643241062328,6.6
1643242862307,6.6
1643244662339,6.6
1643246462365,6.6
1643248262440,6.5
1643250062547,6.5
1643251862550,6.5
1643253662595,6.5
1643255462887,6.7
1643257262572,6.7
1643259062728,6.9
1643260862797,7.1
1643262662743,7.4
1643264462927,7.4
1643266262711,7.1
1643268062831,7.1
1643269862829,6.4
1643271662924,6.8
1643273462947,6.4
1643275263140,6.4
1643277063010,6.0
1643278862916,6.0
1643280663072,6.1
1643282463214,6.1
1643284263171,6.2
1643286063375,6.3
1643287863095,6.3
1643289663272,6.3
1643291463556,6.3
1643293263337,6.0
1643295063311,5.8
1643296863435,6.0
1643298663451,5.8
1643300463449,5.8
1643302263361,5.1
1643304063551,5.1
1643305863443,5.5
1643307663458,5.6
1643309463638,5.7
1643311263653,5.7
1643313063703,5.4
1643314863716,5.4
1643316663666,5.0
1643318463631,5.2
1643320263889,5.0
1643322063780,5.3
1643323863885,5.0
1643325663872,5.0
1643327463920,4.4
1643329263778,4.4
1643331064117,4.4
1643332863961,4.7
1643334663978,4.7
1643336463852,4.7
1643338263876,4.3
1643340063903,4.3
1643341864204,4.1
1643343663998,4.1
1643345464168,4.0
1643347264080,3.8
1643349064320,3.1
1643350864204,3.1
1643352664240,2.8
1643354464216,3.1
1643356264270,2.6
1643358064347,2.8
1643359864313,3.3
1643361664541,3.3
1643363464383,4.5
1643365264690,4.5
1643367064404,5.2
1643368864664,5.0
1643370664424,5.5
1643372464833,5.5
1643374264353,5.5
1643376064562,5.5
1643377864523,5.2
1643379664633,5.2
1643381464651,4.6
1643383264655,4.7
1643385064636,3.9
1643386864756,3.9
1643388664714,2.7
1643390464821,3.3
1643392264614,3.4
1643394064771,3.7
1643395864633,4.0
1643397664887,4.0
1643399464817,4.1
1643401265008,4.1
1643403064747,4.1
1643404864986,4.1
1643406664727,4.3
1643408464977,4.3
1643410264782,4.8
1643412064905,4.8
1643413864948,5.2
1643415664872,5.2
1643417464876,5.3
1643419265093,5.4
1643421064944,5.7
1643422865005,5.7
1643424665046,5.9
1643426465044,5.9
1643428265077,6.6
1643430065100,6.9
1643431864960,7.3
1643433665083,7.3
1643435465291,7.5
1643437265097,7.5
1643439065136,7.6
1643440865195,7.5
1643442665163,7.6
1643444465308,7.6
1643446265201,7.6
1643448065083,7.6
1643449865356,7.7
1643451665286,8.0
1643453465232,8.0
1643455265319,8.3
1643457065281,8.4
1643458865331,8.4
1643460665303,8.5
1643462465228,8.5
1643464265308,8.2
1643466065335,8.1
1643467865383,7.7
1643469665377,7.7
1643471465347,6.2
1643473265275,6.2
1643475065380,6.0
1643476865485,6.0
1643478665463,5.4
1643480465440,6.2
1643482265441,5.9
1643484065503,5.9
1643485865412,5.7
1643487665541,5.7
1643489466808,6.0
1643491265521,5.8
1643493065448,5.1
1643494865593,5.1
1643496665429,4.7
1643498465467,4.7
1643500265436,4.3
1643502065556,4.2
1643503865536,4.7
1643505665455,4.7
1643507465727,6.2
1643509265631,6.2
1643511065740,5.8
1643512865597,5.8
1643514665696,6.0
1643516465539,6.0
1643518265595,5.8
1643520065637,5.8
1643521865655,5.9
1643523665534,5.9
1643525465703,5.9
1643527265676,5.7
1643529065651,5.5
1643530865731,5.5
1643532665863,5.4
1643534465656,5.4
1643536265604,5.9
1643538065657,5.8
1643539865751,5.9
1643541665759,5.9
1643543465593,6.0
1643545265627,6.0
1643547065784,6.0
1643548866103,6.0
1643550665780,5.8
1643552465795,5.8
1643554265827,5.2
1643556065766,5.2
1643557865779,4.5
1643559665965,4.5
1643561465800,3.8
1643563265899,3.5
1643565065940,2.6
1643566865727,2.6
1643568665845,1.7
1643570465786,1.7
1643572265904,1.4
1643574065835,1.8
1643575865851,1.2
1643577665718,1.4
1643579465779,1.1
1643581265749,1.1
1643583065920,1.6
1643584865839,1.4
1643586665871,1.5
1643588465892,1.2
1643590265865,1.3
1643592065987,1.3
1643593865899,1.6
1643595666057,1.6
1643597466129,1.5
1643599266235,1.4
1643601066257,1.2
1643602866304,1.2
1643604666355,1.4
1643606466453,1.4
1643608266320,1.7
1643610066520,1.7
1643611866504,1.4
1643613666487,0.9
1643615466569,1.2
1643617266671,1.2
1643619066683,1.7
1643620866717,1.6
1643622666749,2.6
1643624466904,2.2
1643626267040,2.5
1643628067032,2.5
1643629866983,2.8
1643631667251,2.8
1643633467047,3.1
1643635267057,3.2
1643637067124,2.9
1643638867332,3.1
1643640667304,2.8
1643642467199,2.8
1643644267364,2.3
1643646067493,2.3
1643647867479,2.1
1643649667561,2.3
1643651467615,1.3
1643653267647,1.3
1643655067711,0.1
1643656867701,0.1
1643658667703,1.2
1643660467633,1.2
1643662267832,2.2
1643664067725,2.2
1643665868093,2.4
1643667667819,1.9
1643669467896,1.8
1643671267967,1.8
1643673068138,2.0
1643674868097,2.1
1643676668236,1.8
1643678468231,1.8
1643680268144,1.4
1643682068271,1.4
1643683868299,1.7
1643685668407,1.7
1643687468473,1.6
1643689268433,1.6
1643691068543,0.9
1643692868364,0.9
1643694668599,0.5
1643696468585,0.5
1643698268831,1.7
1643700068665,1.9
1643701868773,1.5
1643703668775,1.5
1643705468827,1.4
1643707268847,1.4
1643709068947,1.2
1643710868775,0.6
1643712668936,0.5
1643714469221,0.5
1643716269009,3.3
1643718068988,3.3
1643719869193,7.0
1643721669056,6.3
1643723469055,6.6
1643725269037,6.1
1643727069091,6.2
1643728869311,6.2
1643730669115,6.2
1643732469167,6.2
1643734269255,4.4
1643736069409,4.3
1643737869488,3.4
1643739669497,3.4
1643741469458,3.6
1643743269435,3.6
1643745069551,4.0
1643746869543,3.4
1643748669559,3.2
1643750469485,3.0
1643752269556,3.6
1643754069711,3.6
1643755869643,4.8
1643757669659,4.8
1643759469816,5.7
1643761269831,5.0
1643763069815,5.0
1643764869873,5.0
1643766669874,4.5
1643768469848,4.5
1643770270632,4.2
1643772069809,4.6
1643773869993,2.9
1643775670064,2.9
1643777470100,2.0
1643779270079,2.0
1643781070137,2.3
1643782869991,2.4
1643784670206,1.9
1643786470205,1.8
1643788270211,1.4
1643790070235,1.4
1643791870620,1.7
1643793670611,1.7
1643795471345,2.6
1643797270280,1.9
1643799070349,2.6
1643800870363,2.6
1643802670395,3.5
1643804470289,3.5
1643806270419,3.9
1643808070487,3.9
1643809870487,3.7
1643811670492,3.7
1643813470485,3.4
1643815270619,3.4
1643817070619,2.8
1643818870728,2.8
1643820670499,2.2
1643822470805,2.5
1643824270759,2.2
1643826070651,2.2
1643827870707,3.1
1643829670792,3.5
1643831470844,3.5
1643833271835,2.7
1643835070795,2.2
1643836870774,2.2
1643838670861,2.6
1643840471891,2.6
1643842270815,3.4
1643844070903,3.5
1643845870980,4.3
1643847670891,3.9
1643849470961,4.3
1643851271015,4.3
1643853070956,3.9
1643854871004,3.7
1643856671071,3.9
1643860271065,3.4
1643862070981,3.4
1643863871131,3.3
1643865671147,3.3
1643867471190,3.9
1643869271183,4.1
1643871071280,4.1
1643872871125,4.1
1643874671244,3.9
1643876471183,3.9
1643878271592,4.4
1643880071333,4.6
1643881871325,5.1
1643883671274,5.4
1643885471377,6.0
1643887271373,6.0
1643889071364,5.7
1643890871329,5.7
1643892671421,5.9
1643894471464,6.8
1643896271533,6.9
1643898071497,6.9
1643899871488,7.2
1643901671565,7.2
1643903471594,6.9
1643905271539,7.0
1643907071393,6.9
1643908871593,6.9
1643910671432,6.8
1643912471504,6.8
1643914271456,6.7
1643916071547,6.6
1643917871451,6.6
1643919671576,6.6
1643921471620,6.5
1643923271627,6.5
1643925071599,6.5
1643926871513,6.5
1643928671654,6.5
1643930471836,6.6
1643932271663,6.8
1643934071735,6.8
1643935871652,6.7
1643937671696,6.7
1643939471671,6.2
1643941271643,6.3
1643943071702,6.2
1643944871734,6.2
1643946671743,6.4
1643948471675,6.4
1643950271649,6.7
1643952071692,6.7
1643953871815,6.9
1643955671741,6.9
1643957471784,6.8
1643959271863,6.8
1643961071805,6.9
1643962871869,6.9
1643964671783,5.8
1643966472440,5.7
1643968271860,4.4
1643970071918,4.4
1643971871758,3.6
1643973671787,3.6
1643975471707,4.0
1643977271819,4.9
1643979071849,5.1
1643980871807,5.1
1643982671871,5.6
1643986271848,3.8
1643988071841,3.4
1643989871763,3.4
1643991671919,3.4
1643993471956,3.5
1643995271885,3.5
1643997071825,3.5
1643998871917,3.5
1644000671932,3.2
1644002471956,2.9
1644004271855,2.6
1644006072011,2.6
1644007872111,2.5
1644009671992,2.5
1644011472036,2.1
1644013271903,2.1
1644015071873,1.8
1644016871973,1.8
1644018672028,1.6
1644020472093,1.6
1644024072017,2.1
1644025871991,1.7
1644027672021,1.6
1644029472019,2.4
1644031271927,2.4
1644033071884,3.2
1644034871972,3.2
1644036671974,2.8
1644038472055,2.7
1644040272055,2.3
1644042072167,2.3
1644043872111,2.7
1644045672242,2.7
1644047472267,3.6
1644049272341,3.1
1644051072418,3.2
1644052872767,3.2
1644054672575,3.7
1644056472397,3.7
1644058272557,4.2
1644060072651,4.2
1644061872793,4.6
1644063672680,4.2
1644065472746,4.6
1644067272904,4.6
1644069072782,5.0
1644070873009,5.4
1644072672811,5.2
1644074472932,5.2
1644076273108,4.8
1644078073081,4.8
1644079873162,4.5
1644081673212,4.5
1644083473096,4.4
1644085273244,4.4
1644087073213,4.2
1644088873185,4.4
1644090673240,5.2
1644092473331,5.2
1644094273318,6.3
1644096073408,6.3
1644097873502,6.3
1644099673636,5.4
1644101473648,5.3
1644103273556,5.3
1644105073594,5.6
1644106873748,5.6
1644108673740,4.4
1644110473744,3.7
1644112273884,3.0
1644114073948,3.4
1644115873967,3.3
1644117674101,3.3
1644119474031,3.1
1644121274012,3.0
1644123074039,2.3
1644124874101,2.7
1644126674096,2.9
1644128474199,2.9
1644130274275,2.0
1644132074219,1.3
1644133874415,1.1
1644135674472,1.1
1644137474392,3.4
1644139274480,3.4
1644141074581,4.4
1644142874487,4.4
1644144674611,4.4
1644146474636,4.4
1644148274589,3.3
1644150074685,2.9
1644151874653,1.6
1644153674674,1.6
1644155474680,3.3
1644157274703,3.6
1644159074641,3.7
1644160874668,2.6
1644162674867,1.7
1644164474951,1.7
1644166274909,1.1
1644168074982,1.1
1644169874973,1.3
1644171674897,1.3
1644173474976,1.4
1644175274948,1.0
1644177075113,0.8
1644178875080,0.8
1644180675175,0.7
1644182475095,0.7
1644184275214,1.5
1644186075207,1.5
1644187875160,1.3
1644189675223,1.3
1644191475305,1.8
1644193275189,1.8
1644195075342,1.7
1644196875271,1.8
1644198675437,2.1
1644200475291,2.1
1644202275414,2.2
1644204075444,2.2
1644205875407,2.4
1644207675408,2.2
1644209475479,2.4
1644211275475,2.6
1644213075564,3.1
1644214875659,3.1
1644216675706,3.8
1644218475960,3.8
1644220275778,3.1
1644222075711,2.8
1644223875690,3.8
1644225675788,3.8
1644227475813,4.7
1644229275789,4.7
1644231075885,4.7
1644232875996,4.9
1644234675819,5.4
1644236475912,5.7
1644238275955,5.8
1644241876036,5.8
1644243675993,5.8
1644245476129,5.3
1644247275996,5.6
1644249076098,4.8
1644250875971,4.8
1644252676195,4.4
1644254476188,4.4
1644256276099,4.3
1644258076163,4.4
1644259876180,4.0
1644263476244,4.0
1644265276295,4.0
1644267076284,3.4
1644268876309,3.4
1644270676315,3.2
1644272476413,3.5
1644274276371,3.4
1644276076344,3.4
1644277876361,3.7
1644281476435,4.3
1644283276592,4.8
1644285076532,5.2
1644286876492,5.2
1644288676525,5.5
1644290476527,5.5
1644292276526,6.3
1644294076700,6.3
1644295876661,7.0
1644297676701,6.9
1644299476735,6.9
1644301276691,6.9
1644303076677,6.7
1644304877021,6.7
1644306676806,6.6
1644310276872,6.3
1644312077136,6.3
1644313876728,7.0
1644315676853,7.0
1644317476943,7.7
1644319276798,7.8
1644321077240,7.8
1644322876917,7.8
1644324676902,7.4
1644326476949,7.4
1644328276995,7.3
1644330076937,7.3
1644331876911,6.7
1644333677020,7.0
1644335476983,6.2
1644337276964,6.2
1644339076897,5.5
1644340877140,5.6
1644342677036,4.7
1644344477093,4.7
1644346277045,4.9
1644348077124,4.9
1644349877133,5.6
1644351677081,4.6
1644353477148,4.4
1644355277131,3.5
1644357077219,3.3
1644358877246,3.4
1644360677292,3.8
1644362477223,3.8
1644364277189,4.1
1644366077283,3.6
1644367877263,3.8
1644369677183,3.9
1644371477265,3.4
1644373277420,3.4
1644375077270,3.3
1644376877323,3.7
1644378677339,3.5
1644380477443,4.2
1644382277353,4.9
1644384077398,4.9
1644385877327,6.0
1644387677228,6.0
1644389477387,4.4
1644391277310,4.0
1644393077277,4.2
1644394877360,5.0
1644396677503,6.4
1644398477359,6.4
1644400277512,7.4
1644402077400,7.0
1644403877576,6.8
1644405677363,6.9
1644407477405,7.2
1644409277357,7.2
1644411077587,7.6
1644412877601,7.5
1644414677515,7.3
1644416477580,7.4
1644418277479,6.1
1644420077525,6.1
1644421877473,3.6
1644423677571,3.6
1644425477547,4.4
1644427277571,4.9
1644429077513,4.3
1644430877525,3.8
1644432677515,3.3
1644434477556,3.3
1644436277629,3.8
1644438077453,3.8
1644439877557,3.8
1644441677561,4.0
1644443477629,3.9
1644445277499,3.9
1644447077583,3.4
1644448877551,3.4
1644450677699,3.4
1644452477727,3.6
1644454277535,3.6
1644456077660,3.6
1644457877663,3.7
1644459677507,3.7
1644461477616,3.7
1644463277604,3.5
1644465077707,3.4
1644466877625,3.4
1644468677499,3.6
1644470477699,3.6
1644472277743,3.4
1644474077584,3.0
1644475877672,2.5
1644477677668,2.5
1644479477657,2.6
1644481277544,2.6
1644483077681,3.4
1644484877679,3.4
1644486677547,4.6
1644488477762,4.5
1644490277624,5.3
1644492077762,4.7
1644493877777,5.1
1644495677868,5.1
1644497477761,5.1
1644499277802,5.5
1644501077928,5.3
1644502878085,5.3
1644504678079,4.8
1644506478149,4.8
1644508278167,4.4
1644510078144,4.8
1644511878260,4.3
1644513678313,4.2
1644515478380,4.2
1644517278391,4.2
1644519078557,3.3
1644520878891,3.3
1644522678515,2.3
1644524478619,2.5
1644526278659,2.3
1644528078657,2.1
1644529878745,2.4
1644531678700,2.4
1644533478805,2.1
1644535278867,2.1
1644537079021,0.7
1644538878907,1.0
1644540679104,1.3
1644542479087,1.3
1644544279171,2.1
1644546079239,2.1
1644547879099,1.6
1644549679306,1.1
1644551479283,1.1
1644553279319,1.1
1644555079380,0.6
1644556879446,0.6
1644558679608,0.3
1644560479428,0.3
1644562279456,0.7
1644564079623,1.4
1644565879612,1.0
1644567679512,1.0
1644569479655,1.8
1644571279696,1.8
1644573079743,2.9
1644574879755,2.7
1644576679867,3.0
1644578479936,3.0
1644580279842,3.0
1644582080010,3.0
1644583880013,2.9
1644585679935,2.9
1644587480056,2.9
1644589280299,2.9
1644591080219,2.5
1644592880269,2.7
1644594680309,1.9
1644596480335,1.9
1644598280343,1.1
1644600080393,1.1
1644601880429,0.6
1644603680347,0.9
1644605480393,0.8
1644607280700,0.7
1644609080566,0.8
1644610880535,0.7
1644612680699,1.0
1644614480693,1.0
1644616280621,1.0
1644618080655,1.0
1644619880661,0.7
1644621680693,0.7
1644623480855,0.8
1644625281072,0.8
1644627080824,0.7
1644628880915,0.7
1644630680779,1.0
1644632481153,1.5
1644634281011,1.4
1644636081137,1.2
1644637880952,1.3
1644639681082,1.3
1644641481156,1.2
1644643281103,1.2
1644645081229,1.2
1644646881277,1.5
1644648681205,1.5
1644650481240,1.5
1644652281099,1.7
1644654081152,1.7
1644655881183,2.3
1644657681345,2.2
1644659481360,2.6
1644661281268,2.6
1644663081432,3.1
1644664881575,3.1
1644666681459,4.0
1644668481577,4.0
1644670281481,4.6
1644672081543,4.6
1644673881560,4.4
1644675681591,4.4
1644677481535,4.3
1644679281616,4.3
1644681081648,4.5
1644682881732,4.7
1644684681713,4.6
1644686481780,4.6
1644688281901,4.8
1644690081988,4.8
1644691881908,4.3
1644693681892,4.0
1644695481840,3.6
1644697281875,3.7
1644699081996,3.4
1644700881911,3.4
1644702682095,3.2
1644704482092,3.2
1644706282067,3.0
1644708082075,3.2
1644709882264,3.1
1644711682167,3.1
1644713482232,3.2
1644715282229,3.2
1644717082213,3.4
1644718882307,3.4
1644720682503,4.0
1644722482281,3.8
1644724282355,3.8
1644726082412,3.8
1644727882453,4.0
1644729682399,4.0
1644731482410,4.1
1644733282456,4.1
1644735082606,4.2
1644736882496,4.2
1644738682676,4.6
1644740482429,4.6
1644742282527,4.4
1644744082431,4.4
1644745882657,4.5
1644747682699,5.3
1644749482507,5.0
1644751282788,5.0
1644753082754,4.4
1644754882744,4.4
1644756682863,4.4
1644758482735,4.7
1644760282831,4.7
1644762082795,4.7
1644763882788,4.8
1644765682754,4.8
1644767482860,4.8
1644769282917,4.7
1644771082899,4.5
1644772883005,4.5
1644774682757,4.2
1644776483043,4.2
1644778282951,3.9
1644780083089,3.9
1644781882989,3.6
1644783683103,3.5
1644785482969,3.3
1644787283063,3.3
1644789083035,3.5
1644790883104,3.6
1644792683164,3.9
1644794483187,3.6
1644796283219,3.9
1644798083217,3.9
1644799883289,4.2
1644801683312,4.2
1644803483284,4.6
1644805283245,4.2
1644807083162,4.7
1644808883308,4.7
1644810683251,5.2
1644812483308,5.2
1644814283201,5.7
1644816083317,5.4
1644817883351,5.7
1644819683248,5.7
1644821483288,5.9
1644823283240,5.9
1644825083299,6.1
1644826883307,6.1
1644828683357,6.2
1644830483303,6.2
1644832283431,6.3
1644834083479,6.3
1644835883413,6.7
1644837683473,6.7
1644839483352,6.9
1644841283475,6.9
1644843083401,7.8
1644844883468,7.9
1644846683464,8.1
1644848483252,8.1
1644850283564,7.6
1644852083542,7.6
1644853883397,7.2
1644855683449,7.2
1644857483481,7.2
1644859283316,7.2
1644861083352,7.1
1644862883416,7.1
1644864683415,7.1
1644866483496,6.6
1644868283384,6.4
1644870083453,6.4
1644871883609,6.1
1644873683468,6.1
1644875483515,6.1
1644877284125,6.1
1644879084476,6.4
1644880884436,6.3
1644882684208,6.2
1644884484188,6.2
1644886284243,6.0
1644888084431,6.0
1644889884235,5.8
1644891684701,6.0
1644893484172,5.8
1644895284128,5.8
1644897084108,4.9
1644898884239,4.9
1644900684229,5.0
1644902484333,5.0
1644904284515,5.3
1644906084378,5.3
1644907884187,5.1
1644909684319,5.1
1644911483707,4.4
1644913283600,4.4
1644915083655,4.5
1644916883615,4.5
1644918683771,4.9
1644920483635,4.9
1644922283562,5.3
1644924083599,5.3
1644925883680,5.7
1644927683663,5.7
1644929483665,6.0
1644931283639,6.3
1644933083627,6.0
1644934883742,6.0
1644936683647,6.0
1644938483555,6.0
1644940283507,5.8
1644942083547,5.8
1644943883537,5.5
1644945683705,5.5
1644947483576,4.9
1644949283699,4.9
1644951083660,4.8
1644952883899,4.8
1644954683901,4.7
1644956484368,4.7
1644958284079,4.2
1644960084195,4.2
1644961884100,3.7
1644963684268,3.6
1644965484333,3.6
1644967284378,4.0
1644969084390,4.8
1644970884317,4.8
1644972684399,5.1
1644974484415,5.1
1644976284496,3.0
1644978084424,2.5
1644979884484,2.4
1644981684588,2.4
1644983484721,3.0
1644985284676,3.0
1644987084743,3.5
1644988884815,3.1
1644990684897,2.6
1644992484987,2.1
1644994284915,1.7
1644996084992,1.7
1644997884925,2.2
1644999685080,2.2
1645001485012,3.6
1645003285119,3.6
1645005085285,4.0
1645006885251,4.0
1645008685440,4.2
1645010485316,4.2
1645012285340,4.1
1645014085627,4.1
1645019486091,2.4
1645021285543,2.4
1645023085552,2.2
1645024885727,2.2
1645026685795,2.6
1645028485811,2.6
1645030285667,3.0
1645032085767,3.0
1645033885861,3.2
1645035685924,3.2
1645037485926,3.5
1645039286491,3.5
1645041085945,5.2
1645042886006,5.2
1645044685980,5.7
1645046486112,5.7
1645048286219,5.5
1645050086214,5.5
1645051886300,5.2
1645053686210,5.2
1645055486353,4.9
1645057286309,4.9
1645059086411,3.2
1645060886451,3.2
1645062686587,2.7
1645064486604,2.7
1645066286625,2.3
1645068086661,2.3
1645069886699,2.5
1645071686552,2.5
1645073486701,2.6
1645075286773,2.6
1645077086784,2.5
1645078886891,2.5
1645080686848,2.4
1645082486795,2.4
1645084286851,3.0
1645086086943,3.0
1645087886983,3.9
1645089687026,3.9
1645091487113,4.5
1645093287147,4.4
1645095087251,4.1
1645096887251,4.1
1645098687180,5.4
1645100487228,5.1
1645102287359,6.0
1645104087248,6.0
1645105887409,6.4
1645107687273,5.9
1645109487389,5.9
1645111287487,5.9
1645113087444,4.8
1645114888543,4.8
1645116687417,4.0
1645118487471,4.0
1645120287606,3.9
1645122087680,4.5
1645123887647,4.7
1645125687699,4.7
1645127487688,4.8
1645129287759,4.8
1645131087735,4.6
1645132887821,4.4
1645134687786,4.1
1645136487889,4.1
1645138287884,3.7
1645140087867,3.7
1645141887964,4.5
1645143687877,4.5
1645145487970,3.9
1645147288005,3.5
1645149088080,3.8
1645150888139,3.8
1645152688155,4.8
1645154488019,4.8
1645156288020,4.2
1645158088135,4.2
1645159888207,3.2
1645161688128,3.9
1645163488284,3.6
1645165288329,3.6
1645167088337,3.2
1645168888459,3.2
1645170688456,3.2
1645172488448,3.4
1645174288459,3.9
1645176088369,3.9
1645177888464,4.9
1645179688565,5.3
1645181488676,5.4
1645183288591,5.4
1645185088595,5.1
1645186888611,4.9
1645188688631,4.6
1645189447693,4.6
1645191247459,3.8
1645193047508,3.8
1645194847580,2.1
1645196647636,2.1
1645198447616,0.7
1645200247709,0.7
1645202047647,0.6
1645203847739,0.6
1645205647727,0.6
1645207447819,1.7
1645209247903,2.8
1645211047887,2.5
1645212848023,3.0
1645214648065,3.0
1645216448096,3.4
1645218248185,3.4
1645220048376,3.4
1645221848364,2.5
1645223648252,2.2
1645225448527,2.2
1645227248300,3.0
1645229048415,3.0
1645230848521,2.3
1645232648776,1.9
1645234448624,1.3
1645236248714,1.3
1645238048755,1.5
1645239848813,1.5
1645241648681,2.2
1645243448894,2.6
1645245248939,2.6
1645247048867,2.6
1645248848887,3.1
1645250648973,3.1
1645252449004,2.3
1645254249103,2.3
1645256049059,2.3
1645257849059,2.3
1645259649036,2.6
1645261449243,2.6
1645263249180,4.1
1645265049360,4.1
1645266849323,5.0
1645268649373,5.0
1645270449437,5.6
1645272249647,5.6
1645274049513,5.8
1645275849539,5.8
1645277649513,4.8
1645279449675,4.8
1645281249683,5.0
1645283049722,5.0
1645284849707,4.6
1645286649843,4.6
1645288449811,2.9
1645290249793,2.9
1645292049916,2.3
1645293849887,2.3
1645295649983,2.6
1645297450005,3.6
1645299249953,3.5
1645301050213,3.5
1645302850132,3.6
1645304650176,3.0
1645306450239,2.8
1645308250272,2.6
1645310050279,2.1
1645311850417,2.1
1645313650323,3.3
1645315450516,3.3
1645317250488,3.1
1645319050506,3.4
1645320850488,1.3
1645322650625,1.3
1645324450509,0.4
1645326250705,0.4
1645328050657,-0.3
1645329850747,0.0
1645331650744,0.0
1645333450796,0.0
1645335250768,-0.1
1645337050835,-0.1
1645338850843,-0.3
1645340650791,-0.3
1645342450965,0.8
1645344250963,0.8
1645346050961,2.3
1645347850942,2.3
1645349651057,2.3
1645351451156,2.3
1645353251044,2.5
1645355051105,2.1
1645356851264,1.6
1645358651360,1.6
1645360451261,0.9
1645362251340,1.3
1645364051249,0.9
1645365851363,1.3
1645367651289,2.2
1645369451387,2.2
1645371251283,2.9
1645373051474,2.9
1645374851507,5.1
1645376651411,5.1
1645378451567,6.7
1645380251516,5.0
1645382051597,6.4
1645383851596,6.4
1645385651827,7.3
1645387451643,7.3
1645389251723,7.1
1645391051660,6.7
1645392851718,6.5
1645394651609,6.5
1645396451837,6.5
1645398251921,6.5
1645400051716,6.1
1645401851812,6.1
1645403651742,5.8
1645405451851,5.9
1645407251832,5.1
1645409051958,5.1
1645410851847,4.5
1645412652015,4.5
1645414452064,3.5
1645416252003,4.1
1645418052059,3.7
1645419852149,3.7
1645421652071,2.3
1645423452239,2.3
1645425252100,2.5
1645427052225,2.5
1645428852240,3.9
1645430652430,3.9
1645432452176,4.1
1645434252268,4.1
1645436052240,4.1
1645437852471,4.1
1645439652263,4.2
1645441452385,4.2
1645443252316,6.0
1645445052512,6.0
1645446852368,6.3
1645448652535,6.3
1645450452373,6.3
1645452252520,6.4
1645454052503,6.1
1645455852698,6.4
1645457652545,6.0
1645459452767,6.0
1645461252640,5.2
1645463052681,5.2
1645464852516,4.6
1645466652600,4.6
1645468452684,3.5
1645470252727,3.5
1645472052708,1.9
1645473852799,1.9
1645475652743,1.8
1645477452796,1.8
1645479252729,2.3
1645481052856,2.3
1645482852749,2.6
1645484653024,2.6
1645486452884,2.0
1645488252848,1.8
1645490052832,1.3
1645491852837,1.3
1645493652911,1.5
1645495452953,1.5
1645497252856,1.4
1645499053029,1.5
1645500852976,1.1
1645502653032,1.1
1645504452980,0.9
1645506252931,0.9
1645508053084,0.5
1645509853023,0.5
1645511652916,0.9
1645513453136,0.8
1645515253025,1.6
1645517053025,1.6
1645518853078,2.1
1645520653204,2.1
1645522453107,2.7
1645524253112,2.9
1645526053026,3.3
1645527853236,3.3
1645529653147,5.0
1645531453195,5.0
1645533253221,5.1
1645535053181,5.1
1645536853212,4.8
1645538653180,4.8
1645540453203,4.3
1645542253179,4.3
1645544053203,4.2
1645545853327,4.2
1645547653237,3.2
1645549453268,3.2
1645551253201,2.9
1645553053287,2.9
1645554853331,3.3
1645556653344,3.3
1645558453239,4.3
1645560253427,4.3
1645562053321,4.7
1645563853331,4.7
1645565653340,4.0
1645567453393,3.7
1645569253375,3.8
1645571053301,3.8
1645572853272,4.1
1645574653273,4.7
1645576453379,4.9
1645578253392,4.9
1645580053415,5.6
1645581853376,5.6
1645583653400,4.9
1645585453567,4.9
1645587253471,4.1
1645589053439,3.3
1645590853309,3.6
1645592653584,3.6
1645594453381,4.4
1645596253443,4.4
1645598053428,3.6
1645599853394,3.4
1645601653436,4.1
1645603453418,4.1
1645605253384,5.3
1645607053545,5.3
1645608853503,6.2
1645610653737,5.7
1645612453684,6.4
1645614253511,6.4
1645616053447,7.3
1645617853505,7.3
1645619653371,7.4
1645621453387,7.4
1645623253459,7.6
1645625053657,7.6
1645626853500,8.0
1645628653436,8.0
1645630453475,7.1
1645632253559,7.1
1645634053436,6.2
1645635853576,5.9
1645637653579,5.9
1645639453775,5.9
1645641253741,5.9
1645643053896,5.9
1645644853888,6.2
1645646654044,6.3
1645648453944,6.2
1645650254020,6.2
1645652053917,6.3
1645653854033,6.2
1645655654044,6.4
1645657454339,6.4
1645659254212,6.5
1645661054350,6.6
1645662854317,6.6
1645664654380,6.6
1645666454416,6.9
1645668254416,6.9
1645670054505,6.8
1645671854551,6.9
1645673654533,6.7
1645675454735,6.9
1645677254749,6.8
1645679054791,6.8
1645680854692,4.6
1645682654827,4.6
1645684454731,4.3
1645686254863,3.1
1645688054844,4.9
1645689854983,4.9
1645691654873,5.9
1645693455268,5.9
1645695255159,6.8
1645697055101,6.5
1645698855105,6.6
1645700655309,6.4
1645702455271,3.3
1645704255187,3.3
1645706055164,3.5
1645707855376,3.7
1645709655411,3.6
1645711455496,6.0
1645713255376,3.3
1645715055428,3.3
1645716855453,2.4
1645718655687,2.4
1645720455652,1.6
1645722255615,1.9
1645724055628,2.0
1645725855883,2.0
1645727655700,2.3
1645729456127,2.3
1645731255904,2.5
1645733055909,2.4
1645734855949,2.6
1645736656152,2.6
1645738456076,2.6
1645740256209,2.6
1645742055997,2.8
1645743856205,1.9
1645745656099,1.9
1645747456168,1.9
1645749256264,1.2
1645751056271,1.2
1645752856331,1.3
1645754656503,1.3
1645756456460,1.0
1645758256449,1.0
1645760056455,1.8
1645761856559,1.8
1645763656484,1.9
1645765456547,1.9
1645767256617,1.7
1645769056556,2.1
1645770856735,2.6
1645772656725,2.6
1645774456620,3.1
1645776256852,3.1
1645778056815,3.0
1645779856884,3.0
1645781656820,4.5
1645783456915,4.3
1645785256940,5.0
1645787056987,5.0
1645788856889,5.9
1645790656931,5.9
1645792457005,6.2
1645794257008,6.7
1645796056990,6.6
1645797857065,6.6
1645799657131,6.9
1645801457111,6.9
1645803257141,6.4
1645805057355,6.1
1645806857075,5.1
1645808657381,5.1
1645810457206,3.9
1645812257375,3.9
1645814057345,3.4
1645815857282,3.4
1645817657426,3.3
1645819457413,3.3
1645821257367,3.1
1645823057513,3.1
1645824857527,3.2
1645826657660,3.2
1645828457485,2.3
1645830257557,2.4
1645832057639,1.0
1645833857673,1.0
1645835657713,0.9
1645837457712,0.9
1645839257733,0.7
1645841057792,0.7
1645842857693,0.7
1645844657669,0.7
1645846457860,0.2
1645848257957,0.2
1645850057908,-0.2
1645851857835,-0.2
1645853657887,0.0
1645855457983,-0.3
1645857257969,-0.3
1645859058025,-0.3
1645860858008,0.1
1645862658055,0.1
1645864458027,2.0
1645866258044,1.6
1645868057956,3.6
1645869858167,3.5
1645871658071,4.4
1645873458015,4.4
1645875258045,5.2
1645877058148,5.2
1645878858259,5.9
1645880658332,6.4
1645882458203,6.7
1645884258273,6.7
1645886058331,6.6
1645887858345,6.6
1645889658318,5.9
1645891458481,6.3
1645893258258,4.9
1645895058368,4.9
1645896858376,3.1
1645898658470,3.1
1645900458396,2.2
1645902258372,2.6
1645904058521,2.8
1645905858568,2.8
1645907658411,2.0
1645909458676,2.0
1645911258605,1.9
1645913058615,1.9
1645914858516,2.2
1645916658790,1.7
1645918458664,1.5
1645920258639,1.5
1645922058665,0.7
1645923858759,0.5
1645925658640,0.4
1645927458778,0.4
1645929258745,0.2
1645931058735,0.2
1645932858775,-0.2
1645934658843,-0.2
1645936458829,-0.1
1645938258895,-0.1
1645940058831,-0.1
1645941858847,-0.1
1645943658977,-0.3
1645945458969,-0.3
1645947258964,0.7
1645949058960,0.7
1645950858837,2.4
1645952658953,2.5
1645954458933,3.9
1645956258907,3.9
1645958058899,4.5
1645959859048,4.5
1645963459096,5.3
1645965259092,5.8
1645967060066,6.3
1645968858996,6.9
1645970659092,6.9
1645972458979,6.7
1645974259031,6.7
1645976059089,5.6
1645977859127,5.8
1645979659071,3.8
1645981459148,3.8
1645983259215,2.4
1645985059253,2.4
1645986859140,1.6
1645988659111,1.8
1645990459321,1.5
1645992259252,1.5
1645994059127,1.4
1645995859209,1.4
1645997659312,0.8
1645999459285,0.8
1646001259247,0.7
1646003059555,0.7
1646004859161,0.7
1646006659253,0.7
1646008459221,0.6
1646010259439,0.6
1646012059297,1.1
1646013859352,1.2
1646015659231,1.5
1646017459384,1.5
1646019259233,1.3
1646021059359,1.3
1646022859269,1.3
1646024659473,1.2
1646026459415,0.4
1646028259512,0.4
1646030059449,-0.5
1646031859438,-0.5
1646033659407,0.8
1646035459551,0.8
1646037259340,2.2
1646039059533,2.4
1646040859388,3.8
1646042659535,3.8
1646044459552,5.0
1646046259589,5.0
1646048059528,6.0
1646049859620,5.9
1646051659428,6.6
1646053459593,6.6
1646055259512,6.9
1646057059599,6.9
1646058859552,6.6
1646060659635,7.1
1646062459475,6.1
1646064259663,6.2
1646066059468,5.1
1646067859617,5.1
1646069659440,3.9
1646071459640,3.9
1646073259636,2.8
1646075059708,3.0
1646076860055,2.6
1646078659659,2.6
1646080459593,2.2
1646082259577,2.2
1646084059611,1.8
1646085859751,1.8
1646087659705,1.6
1646089459837,1.6
1646091260440,1.2
1646093060096,1.2
1646094859980,1.0
1646096659954,1.0
1646098459943,0.9
1646100260133,0.9
1646102060083,0.8
1646103860097,0.8
1646105660259,0.7
1646107460254,0.7
1646109260309,0.9
1646111060348,1.2
1646112860423,1.2
1646114660443,1.2
1646116460447,1.3
1646118260563,1.3
1646120060676,1.6
1646121860676,1.5
1646123661904,2.1
1646125460821,2.1
1646127260710,2.4
1646129060860,2.4
1646130860924,2.4
1646132660875,2.4
1646134460885,2.5
1646136261144,2.6
1646138060947,3.6
1646139861075,4.1
1646141661124,6.5
1646143461301,6.5
1646145261208,6.7
1646147061349,6.2
1646148861296,6.1
1646150661331,6.1
1646152462716,4.6
1646154261375,4.6
1646156061352,2.9
1646157861444,2.9
1646159661456,2.0
1646161461559,2.9
1646163261604,2.6
1646165061664,2.6
1646166861548,2.3
1646168661780,2.3
1646170461657,1.6
1646172261891,1.2
1646174061691,1.0
1646175861868,1.0
1646177661938,0.8
1646179461969,0.8
1646181262033,0.4
1646183062113,0.2
1646184862064,-0.3
1646186662187,-0.3
1646188462196,0.2
1646190262264,0.2
1646192062136,0.5
1646193862299,0.5
1646195662331,0.6
1646197462360,0.6
1646199262407,0.2
1646201062376,0.2
1646202862524,0.3
1646204662412,0.3
1646206462475,1.2
1646208262565,0.7
1646210062595,2.3
1646211862669,2.3
1646213662585,4.6
1646215463155,4.6
1646217262717,6.6
1646219062648,5.8
1646220862854,7.6
1646222662812,7.6
1646224462828,8.0
1646226262821,8.0
1646228062995,7.1
1646229863009,7.1
1646231662961,6.5
1646233463074,7.0
1646235262950,5.6
1646237063156,5.6
1646238863117,4.1
1646240663227,4.1
1646242463117,2.6
1646244264297,3.7
1646246063337,3.1
1646247863369,3.1
1646249663341,2.4
1646251463325,2.4
1646253263356,1.7
1646255063469,1.7
1646256863508,1.3
1646258663539,1.6
1646260463551,1.1
1646262263738,1.1
1646264063618,0.5
1646265863672,0.5
1646267663646,0.3
1646269463732,0.3
1646271263659,0.0
1646273063790,0.0
1646274863839,-0.3
1646276663847,-0.3
1646278463747,-0.4
1646280263821,-0.6
1646282063921,-0.9
1646283864071,-0.9
1646285663950,-0.3
1646287463920,-0.3
1646289263939,-0.3
1646291064171,-0.3
1646292864031,-0.3
1646294664077,-0.3
