1639054800000,4.2
1639058400000,4
1639058400000,3.9
1639062000000,4
1639062000000,4
1639065600000,3.8
1639065600000,3.8
1639069200000,4.4
1639069200000,4.4
1639072800000,4
1639072800000,4
1639076400000,3.9
1639076400000,3.4
1639080000000,3.2
1639080000000,3.2
1639083600000,3.3
1639083600000,3.3
1639087200000,3.1
1639087200000,3.1
1639090800000,3.3
1639090800000,3
1639094400000,3.6
1639094400000,3.6
1639098000000,3.2
1639098000000,3.2
1639101600000,2.5
1639101600000,2.5
1639105200000,2.7
1639105200000,2.7
1639108800000,2.7
1639108800000,2.7
1639112400000,2.9
1639112400000,2.9
1639116000000,3
1639116000000,3
1639119600000,3.1
1639119600000,3.1
1639123200000,2.4
1639123200000,2.1
1639126800000,1.5
1639126800000,1.5
1639129290464,1.3
1639131090541,1.3
1639132890556,2.0
1639134690724,2.0
1639136490831,2.2
1639138290726,2.2
1639140090680,1.6
1639141890739,1.6
1639143690761,2.0
1639145490882,2.0
1639147290839,2.1
1639149090935,2.1
1639150890833,1.6
1639152691125,1.6
1639154490936,1.8
1639156291031,1.8
1639158090977,1.9
1639159891179,1.9
1639161691029,2.1
1639163491099,2.1
1639165291155,1.9
1639167091305,1.9
1639168891236,1.7
1639170691389,1.7
1639172491299,1.6
1639174291480,1.6
1639176091419,2.2
1639177891544,2.2
1639179691614,1.9
1639181491618,1.9
1639183291495,2.0
1639185091691,2.0
1639186891572,1.8
1639188691609,1.8
1639190491737,1.6
1639192291780,1.6
1639194091774,1.6
1639195891816,1.6
1639197691803,1.6
1639199491887,1.6
1639201291976,2.0
1639203092039,2.0
1639204891961,2.3
1639206691957,1.7
1639208492026,2.0
1639210292167,2.0
1639212092077,1.7
1639213892188,1.7
1639215692267,1.5
1639217492265,1.5
1639219292262,1.9
1639221092271,1.9
1639222892349,1.7
1639224692320,1.7
1639226492384,1.2
1639228292460,1.2
1639230092495,1.6
1639231892456,1.6
1639233692400,1.7
1639235492509,1.8
1639237292455,1.4
1639239092593,1.4
1639240892471,1.9
1639242692631,1.9
1639244492643,0.9
1639246292671,0.9
1639248092613,1.6
1639249892764,1.6
1639251692780,1.6
1639253492741,1.6
1639255292651,2.7
1639257092821,2.7
1639258892832,2.9
1639260692781,2.9
1639262492823,1.9
1639264292901,1.9
1639266092983,1.4
1639267892977,1.4
1639269692980,1.6
1639271492990,1.6
1639273292931,1.8
1639275093120,1.8
1639276893001,2.3
1639278693043,2.3
1639280493131,2.7
1639282293167,2.7
1639284093180,3.1
1639285893161,3.1
1639287693092,3.8
1639289493335,3.8
1639291293337,3.9
1639293093368,4.0
1639294893299,3.9
1639296693333,3.9
1639298493428,3.5
1639300293422,3.5
1639302093384,4.9
1639303893451,4.9
1639305693475,4.1
1639307493517,4.1
1639309293355,3.9
1639311093544,3.9
1639312893477,3.7
1639314693607,3.7
1639316493516,3.6
1639318293660,3.6
1639320093602,3.3
1639321893587,3.3
1639323693537,3.0
1639325493775,3.0
1639327293667,1.9
1639329093747,1.9
1639330893609,2.0
1639334493701,1.5
1639336293789,1.5
1639338093691,1.1
1639339893789,1.1
1639341693813,1.0
1639343493837,1.0
1639345293805,0.9
1639347093838,0.9
1639348893860,1.1
1639350693907,1.1
1639352493904,0.8
1639354293973,0.8
1639356093967,1.2
1639357894039,1.2
1639359693901,1.4
1639361494007,1.4
1639363293964,1.1
1639365094055,1.1
1639366894143,1.4
1639368693995,1.4
1639370494027,2.0
1639372294124,2.0
1639374094017,2.5
1639375894103,2.5
1639377694116,3.0
1639379494101,3.0
1639381294035,3.7
1639383094080,3.7
1639384894172,3.6
1639386694341,3.6
1639388494080,3.9
1639390294208,3.9
1639392094083,4.1
1639393894248,4.1
1639395694245,4.3
1639397494297,4.3
1639399294276,4.2
1639401094303,4.2
1639402894233,4.6
1639404694251,4.6
1639406494204,4.3
1639408294295,4.3
1639410094235,3.9
1639411894309,3.9
1639413694405,4.1
1639415494323,4.1
1639417294313,3.8
1639419094386,3.8
1639420894319,4.1
1639422694336,4.1
1639424494345,3.8
1639426294315,3.8
1639428094280,4.1
1639429894340,4.1
1639431694415,3.9
1639433494329,3.9
1639435294464,3.8
1639437094491,3.8
1639438894504,3.9
1639440694490,3.9
1639442494445,3.6
1639444294497,3.6
1639446094471,2.8
1639447894423,2.8
1639449694379,2.4
1639451494485,2.5
1639453294469,2.6
1639455094469,2.6
1639456894521,3.1
1639458694633,3.1
1639460494569,3.4
1639462294603,3.2
1639464094472,3.2
1639465894491,3.2
1639467694562,3.2
1639469494556,3.2
1639471294561,3.4
1639473094580,3.4
1639474894768,3.6
1639476694598,3.6
1639478494548,3.4
1639480294971,3.4
1639482094755,3.8
1639483894849,3.8
1639485694483,3.6
1639487494603,3.6
1639489294541,3.7
1639491094596,3.7
1639492894559,3.7
1639494694583,3.7
1639496494639,3.9
1639498294728,3.9
1639500094707,5.0
1639501894859,5.0
1639503694795,5.2
1639505494956,5.2
1639507294900,5.6
1639509094892,5.6
1639510894992,6.5
1639512695115,6.5
1639514495035,7.0
1639516295197,7.0
1639518095214,6.9
1639519895340,6.9
1639521695303,6.6
1639523495440,6.6
1639525295395,6.8
1639527095404,6.8
1639528895519,7.2
1639530695528,7.2
1639532495667,7.0
1639534295680,7.0
1639536095775,6.6
1639537895839,6.6
1639539695785,6.8
1639541495931,6.8
1639543295811,7.0
1639545096019,6.8
1639546896023,7.0
1639548696059,7.0
1639550496096,7.3
1639552296067,7.3
1639554096095,7.0
1639555896295,7.0
1639557696137,7.3
1639559496269,7.3
1639561296259,7.3
1639563096369,7.3
1639564896459,6.7
1639566696579,6.7
1639568496544,7.1
1639570296722,7.1
1639572096624,6.8
1639573896871,6.8
1639575696591,6.3
1639577496815,6.4
1639579296778,6.2
1639581096818,6.2
1639582896804,6.0
1639584696945,6.0
1639586496927,5.4
1639588296984,5.6
1639590097057,6.2
1639591897073,6.2
1639593697083,6.3
1639595497191,6.3
1639597297125,6.3
1639599097129,6.3
1639600897247,6.5
1639602697297,6.5
1639604497296,6.0
1639606297427,6.0
1639608097468,6.0
1639609897520,6.0
1639611697457,5.9
1639613497582,5.9
1639615297515,5.1
1639617097630,5.1
1639618897674,5.2
1639620697608,5.2
1639622497741,5.3
1639624297835,5.3
1639626097817,4.9
1639627897821,4.9
1639629697895,7.0
1639631497986,7.0
1639633297960,7.1
1639635098117,7.1
1639636898069,6.6
1639638698679,6.6
1639640497981,5.6
1639642298579,5.6
1639644099594,5.5
1639645898267,5.5
1639647698282,6.3
1639649498312,6.3
1639651298311,6.1
1639653098303,6.1
1639654898449,6.4
1639656698504,6.4
1639658498388,6.5
1639660298420,6.5
1639662098539,7.1
1639663898577,7.1
1639665698464,7.1
1639667498820,7.1
1639669298608,7.1
1639671098608,7.1
1639672898607,6.7
1639674698644,6.7
1639676498603,6.2
1639678298674,5.9
1639680098750,5.8
1639681898807,5.8
1639683698787,4.8
1639685498759,4.8
1639687298861,5.2
1639689098799,5.2
1639690898774,4.9
1639692698805,4.9
1639694498925,3.7
1639696298935,3.7
1639698099021,4.2
1639699899043,4.2
1639701698992,4.3
1639703498989,4.3
1639705299076,4.2
1639707099042,4.2
1639708899000,4.5
1639710699055,4.5
1639712499090,4.3
1639714299129,4.3
1639716099114,4.0
1639717899191,4.5
1639719699259,3.9
1639721499299,3.9
1639723299340,4.4
1639725099341,4.4
1639726899169,4.4
1639728699172,4.4
1639730499225,3.9
1639732299367,3.9
1639734099144,3.4
1639735899364,3.4
1639737699300,3.8
1639739499361,3.8
1639741299369,3.3
1639743099412,3.3
1639744899455,2.9
1639746699530,2.9
1639748499390,3.0
1639750299610,3.0
1639752099474,3.4
1639753899495,3.4
1639755699552,3.6
1639757499569,3.6
1639759299517,3.8
1639761099667,3.9
1639762899621,3.4
1639764699620,3.4
1639766499688,2.8
1639768299707,2.8
1639770099589,2.0
1639771899713,1.9
1639773699771,3.1
1639775499736,3.1
1639777299776,3.3
1639779099817,3.3
1639780899822,2.9
1639782699808,2.7
1639784499824,3.3
1639786299920,3.3
1639788099783,3.2
1639789899851,3.2
1639791699850,3.7
1639793499891,3.7
1639795299913,3.7
1639797099983,3.7
1639798899967,3.8
1639800699891,4.2
1639802499870,4.3
1639804300054,4.3
1639806099967,3.7
1639807900041,3.7
1639809700035,3.5
1639811500019,3.5
1639813299981,3.2
1639815100092,3.2
1639816900026,4.0
1639818700159,4.0
1639820501050,4.7
1639822301707,4.7
1639824101125,4.5
1639825901155,4.5
1639827701508,5.2
1639829500929,5.2
1639831301356,5.7
1639833101301,5.7
1639834901239,6.4
1639836701237,6.4
1639838501299,6.2
1639840301032,6.2
1639842101261,6.2
1639843901655,6.2
1639845701573,6.6
1639847501795,6.6
1639849301143,6.8
1639851101484,6.8
1639852901701,7.8
1639854701432,7.8
1639856501542,8.1
1639858301151,8.1
1639860101263,9.7
1639861901380,9.7
1639863701672,9.7
1639865501432,9.7
1639867301739,9.3
1639869101157,9.3
1639870900449,7.9
1639872701133,7.9
1639874500954,7.2
1639876300489,7.2
1639878101394,6.3
1639879901492,6.4
1639881700980,6.9
1639883501206,6.9
1639885301468,6.3
1639887100815,6.3
1639888901033,6.6
1639890700588,6.8
1639892500547,6.1
1639894301652,6.1
1639896101572,6.2
1639897901537,6.2
1639899701506,6.3
1639901500650,6.2
1639903300490,5.8
1639905100689,5.8
1639906900725,5.3
1639908700515,5.3
1639910500681,4.5
1639912300515,4.3
1639914100531,5.4
1639915900659,5.4
1639917700639,5.3
1639919500601,5.3
1639921300658,4.6
1639923100615,4.6
1639924900620,4.0
1639926700908,4.0
1639928500708,3.7
1639930300549,4.1
1639932100779,3.5
1639933900683,3.5
1639935700679,3.2
1639937500702,3.2
1639939300715,3.3
1639941100617,3.3
1639942900676,3.3
1639944700706,3.3
1639946500643,3.5
1639948300589,3.5
1639950100581,3.5
1639951900680,3.5
1639953700776,3.1
1639955500735,3.1
1639957300776,2.8
1639959100833,2.8
1639960901013,2.6
1639962700927,2.7
1639964501019,2.8
1639966301013,2.8
1639968101097,2.7
1639969901220,2.7
1639971701181,2.6
1639973501361,2.6
1639975301241,2.6
1639977101228,2.6
1639978901309,2.5
1639980701453,2.5
1639982501348,2.5
1639984301504,2.5
1639986101594,2.3
1639987901556,2.3
1639989701544,2.4
1639991501524,2.4
1639993301611,2.5
1639995101737,2.5
1639996901759,2.8
1639998701724,2.5
1640000501811,2.8
1640002302012,2.8
1640004102204,2.7
1640005901906,2.7
1640007702068,2.6
1640009502183,2.6
1640011302027,2.7
1640013102284,2.7
1640014902212,2.5
1640016702278,2.5
1640018502187,2.1
1640020302385,2.1
1640022102405,1.8
1640023902519,1.8
1640025702460,1.7
1640027502364,1.7
1640029302503,1.5
1640031102604,1.5
1640032902520,1.1
1640034702618,1.1
1640036502555,1.0
1640038302648,1.0
1640040102616,0.4
1640041902807,0.5
1640043702797,0.7
1640045502879,0.7
1640047302856,0.6
1640049102965,0.6
1640050902860,0.9
1640052703099,0.9
1640054503089,1.0
1640056303068,1.0
1640058102979,1.1
1640059903123,1.1
1640061703072,1.4
1640063503187,1.4
1640065303181,2.3
1640067103308,2.3
1640068903185,2.8
1640070703399,2.8
1640072503271,3.0
1640074303478,3.3
1640076103452,4.4
1640077903487,4.4
1640079703477,4.1
1640081503660,4.1
1640083303566,4.0
1640085103704,4.0
1640086903527,2.0
1640088703751,2.0
1640090503706,1.8
1640092303762,1.8
1640094103761,1.3
1640095903820,1.3
1640097703835,1.2
1640099503913,1.2
1640101303853,1.1
1640103103883,1.1
1640104903898,1.9
1640106704032,2.9
1640108504046,2.7
1640110304004,2.7
1640112104157,2.5
1640113904128,2.5
1640115704123,2.3
1640117504265,2.3
1640119304155,1.6
1640121104245,1.6
1640122904271,1.8
1640124704507,1.8
1640126504351,1.9
1640128304267,1.9
1640130104364,0.6
1640131904412,1.6
1640133704361,1.1
1640135504563,1.1
1640137304429,1.1
1640139104627,1.1
1640140904532,0.6
1640142704629,0.6
1640144504630,1.0
1640146304659,0.6
1640148104539,0.7
1640149904705,0.7
1640151704587,1.1
1640153504751,1.1
1640155304827,1.0
1640157104793,1.0
1640158904819,1.1
1640160704851,1.1
1640162504904,1.3
1640164304919,1.3
1640166104913,1.2
1640167904957,1.2
1640169704863,1.6
1640171504920,1.6
1640173305005,1.3
1640175105025,1.3
1640176905073,1.6
1640178705212,1.6
1640180505021,1.4
1640182305212,1.4
1640184105152,1.5
1640185905081,1.5
1640187705233,1.5
1640189505312,1.5
1640191305233,2.1
1640193105290,2.1
1640194905247,1.0
1640196705286,1.0
1640198505321,1.3
1640200305371,1.3
1640202105517,1.7
1640203905376,1.7
1640205705363,2.5
1640207505319,2.5
1640209305333,3.3
1640211105525,3.3
1640212905385,2.9
1640214705497,3.4
1640216505487,3.2
1640218305508,3.2
1640220105626,2.8
1640221905631,2.8
1640223705604,2.8
1640225505625,3.0
1640227305628,3.4
1640229105626,3.4
1640230905672,2.9
1640232705900,2.9
1640234505722,2.9
1640236305816,2.3
1640238105815,2.5
1640239905707,2.5
1640241705784,2.6
1640243505781,2.6
1640245305765,2.4
1640247105824,2.3
1640248905772,2.3
1640250705951,2.3
1640252505915,2.5
1640254305920,2.5
1640256105943,2.2
1640257905976,2.2
1640259706003,2.1
1640261505977,2.1
1640263306027,2.1
1640265106014,2.1
1640266905968,2.1
1640268705990,1.9
1640270506029,1.4
1640272306146,1.4
1640274105940,1.2
1640275906076,1.2
1640277706083,1.3
1640279506055,1.3
1640281306115,0.7
1640283106072,0.7
1640284906121,1.3
1640286706248,1.3
1640288506191,1.6
1640290306265,1.6
1640292106146,1.8
1640293906203,1.8
1640295706335,3.4
1640297506216,3.4
1640299306141,3.0
1640301106297,3.0
1640302906269,2.2
1640304706525,2.8
1640306506329,3.5
1640308306372,3.5
1640310106347,3.1
1640311906371,3.1
1640313706279,3.7
1640315506294,3.7
1640317306284,2.9
1640319106428,2.9
1640320906324,7.0
1640322706396,7.0
1640324506391,7.8
1640326306332,7.8
1640328106517,6.8
1640329906583,6.8
1640331706423,6.8
1640333506517,6.8
1640335306437,6.5
1640337106436,6.5
1640338906479,6.5
1640340706528,6.5
1640342506493,6.4
1640344306607,6.4
1640346106576,7.0
1640347906559,7.0
1640349706417,5.1
1640351506494,5.1
1640353306579,3.8
1640355106591,3.8
1640356906591,2.3
1640358706669,2.3
1640360506574,2.7
1640362306645,2.7
1640364106615,3.0
1640365906644,3.0
1640367706587,3.0
1640369506622,3.0
1640371306635,2.5
1640373106648,2.5
1640374906627,2.4
1640376706683,2.4
1640378506630,2.4
1640380306712,2.4
1640382106509,2.6
1640383906682,2.6
1640385706545,3.3
1640387506658,3.3
1640389306611,3.8
1640391106674,3.8
1640392906563,3.4
1640394706609,3.4
1640396506644,2.2
1640398306670,2.2
1640400106717,2.3
1640401906659,2.3
1640403706665,2.2
1640405506821,2.2
1640407306595,2.0
1640409106631,1.9
1640410906752,1.6
1640412706740,1.6
1640414506775,1.9
1640416306971,1.9
1640418106841,2.0
1640419906965,2.1
1640421706943,2.0
1640423507067,2.0
1640425307032,2.2
1640427107077,2.2
1640428907223,2.4
1640430707249,2.4
1640432507196,2.9
1640434307378,2.9
1640436107909,3.0
1640437907376,3.0
1640439707400,2.6
1640441507584,2.6
1640443307555,2.5
1640445107638,2.5
1640446907668,2.6
1640448707736,2.6
1640450507767,2.6
1640452307837,2.6
1640454107832,2.5
1640455907928,2.5
1640457707995,2.4
1640459507955,2.4
1640461307959,2.5
1640463108063,2.5
1640464908152,2.5
1640466708283,2.5
1640468508351,2.4
1640470308379,2.4
1640472108270,2.1
1640473908447,2.1
1640475708421,1.9
1640477508419,1.9
1640479308620,2.0
1640481108588,2.0
1640482908743,1.9
1640484708707,1.9
1640486508696,2.1
1640488308611,2.1
1640490108838,2.2
1640491908941,2.2
1640493708905,2.0
1640495509039,2.0
1640497308921,1.8
1640499108945,1.8
1640500908919,1.3
1640502709063,1.3
1640504509037,1.1
1640506309095,1.1
1640508109104,1.1
1640509909081,1.1
1640511709191,1.1
1640513509238,1.3
1640515309153,1.0
1640517109231,1.0
1640518909295,1.4
1640520709397,1.4
1640522509343,1.7
1640524309486,1.7
1640526109415,1.6
1640527909514,1.6
1640529709515,1.4
1640531509510,1.4
1640533309559,1.4
1640535109711,1.4
1640536909727,1.5
1640538709700,1.6
1640540509704,1.5
1640542309860,1.5
1640544109748,1.5
1640545909828,1.5
1640547709951,1.2
1640549509903,1.2
1640551309907,1.7
1640553109931,1.7
1640554910036,1.8
1640556710096,1.8
1640558510088,1.9
1640560310090,2.1
1640562110119,2.2
1640563910143,2.2
1640565710092,1.9
1640567510295,1.9
1640569310312,1.6
1640571110287,1.6
1640572910388,2.0
1640574710393,2.0
1640576510399,2.4
1640578310513,2.2
1640580110522,2.6
1640581910463,2.6
1640583710628,3.3
1640585510501,3.3
1640587310559,3.9
1640589110683,3.9
1640590910647,4.4
1640592710688,4.3
1640594510631,4.6
1640596310691,4.6
1640598110622,5.8
1640599910753,5.8
1640601710782,7.1
1640603510814,7.1
1640605310887,7.3
1640607110871,7.3
1640608910811,7.3
1640610710934,7.3
1640612510935,7.3
1640614311073,7.3
1640616111003,7.5
1640617910988,7.5
1640619711029,7.6
1640621511127,7.6
1640623311163,8.2
1640625111105,8.2
1640626911164,7.7
1640628711275,7.7
1640630511239,7.3
1640632311165,7.3
1640634111311,6.9
1640635911283,6.7
1640637711343,6.8
1640639511331,6.8
1640641311347,6.4
1640643111441,6.4
1640644911320,6.1
1640646711467,6.6
1640648511397,5.9
1640650311537,5.9
1640652111413,5.4
1640653911527,5.4
1640655711621,5.7
1640657511611,5.6
1640659311641,5.5
1640661111584,5.5
1640662911643,5.5
1640664711638,5.5
1640666511665,5.9
1640668311636,5.9
1640670111775,6.1
1640671911664,6.1
1640673711781,5.7
1640675511755,5.7
1640677311831,5.3
1640679111755,5.3
1640680911895,5.3
1640682711917,5.3
1640684511885,5.2
1640686311879,5.2
1640688111968,4.9
1640689911885,4.9
1640691711945,4.6
1640693511933,4.6
1640695311915,4.7
1640697111921,4.7
1640698912028,5.1
1640700712011,5.1
1640702512115,4.7
1640704312127,4.7
1640706112083,3.9
1640707912084,3.9
1640709712128,3.4
1640711512137,3.4
1640713312111,4.1
1640715112140,4.1
1640716912149,3.2
1640718712293,3.2
1640720512280,3.5
1640722312236,3.5
1640724112235,2.8
1640725912292,2.8
1640727712255,1.8
1640729512315,1.8
1640731312297,1.9
1640733112354,1.6
1640734912321,1.7
1640736712340,1.7
1640738512375,2.2
1640740312373,2.2
1640742112388,1.2
1640743912403,1.1
1640745712468,1.1
1640747512519,1.1
1640749312411,1.3
1640751112492,1.3
1640752912573,1.4
1640754712520,1.4
1640756512599,0.8
1640758312499,0.8
1640760112531,0.4
1640761912604,0.4
1640763712619,0.6
1640765512656,0.6
1640767312544,1.2
1640769112658,1.2
1640770912529,0.5
1640772712708,0.5
1640774512713,0.6
1640776312615,0.6
1640778112695,1.1
1640779912740,1.1
1640781712572,1.1
1640783512716,1.1
1640785312679,1.7
1640787112592,1.7
1640788912908,2.0
1640790712795,2.0
1640792512743,2.4
1640794312757,2.6
1640796112717,2.7
1640797912664,2.7
1640799712791,2.5
1640801512777,2.5
1640803312797,2.6
1640805112735,2.6
1640806912792,3.1
1640808712835,3.1
1640810512700,3.7
1640812312873,3.7
1640814112816,4.3
1640815912897,4.3
1640817712837,5.3
1640819512775,5.3
1640821312864,5.3
1640823112865,5.3
1640824912891,5.4
1640826712864,5.4
1640828512856,5.4
1640830313116,5.4
1640832112856,6.5
1640833912942,6.5
1640835712792,6.1
1640837512912,6.1
1640839312921,5.6
1640841113015,5.6
1640842912813,5.2
1640844712840,5.2
1640846512839,5.3
1640848312980,5.3
1640850112862,5.0
1640851912840,5.0
1640853712969,5.6
1640855512873,5.6
1640857312801,5.9
1640859112963,5.9
1640860912921,5.5
1640862712936,5.5
1640864512972,5.2
1640866312899,5.2
1640868112963,5.1
1640869913032,5.1
1640871713107,5.1
1640873513161,5.1
1640875313211,6.5
1640877113359,6.5
1640878913273,7.5
1640880713455,7.5
1640882513271,7.8
1640884313384,8.0
1640886113463,8.0
1640887913597,8.0
1640889713556,8.6
1640891513559,8.6
1640893313573,8.4
1640895113717,8.4
1640896913700,8.7
1640898713880,8.7
1640900513709,8.0
1640902313855,8.0
1640904113799,6.9
1640905913831,6.9
1640907713942,6.4
1640909513991,6.4
1640911314085,5.7
1640913114024,5.7
1640914914131,5.0
1640916714155,5.0
1640918514121,4.3
1640920314289,4.3
1640922114273,3.7
1640923914255,3.7
1640925714406,3.6
1640927514397,3.6
1640929314455,3.5
1640931114573,3.5
1640932914476,3.9
1640934714669,3.9
1640936514641,4.0
1640938314549,4.0
1640940114682,4.5
1640941914797,4.5
1640943714791,4.4
1640945514767,4.4
1640947314869,4.2
1640949114838,4.9
1640950914840,4.9
1640952714867,4.9
1640954514963,4.7
1640956315001,4.7
1640958115061,4.9
1640959915091,4.9
1640961715158,3.9
1640963515127,3.9
1640965315147,3.2
1640967115106,3.2
1640968915253,4.2
1640970715245,4.6
1640972515316,5.0
1640974315323,5.0
1640976115415,5.2
1640977915383,5.5
1640979715423,5.1
1640981515451,5.1
1640983315511,4.8
1640985115517,4.8
1640986915569,4.2
1640988715626,4.2
1640990515671,4.7
1640992315676,4.7
1640994115721,5.2
1640995915724,5.2
1640997715815,5.2
1640999515892,5.2
1641001315888,4.8
1641003115931,5.4
1641004915951,4.3
1641006716039,4.3
1641008515939,2.8
1641010315948,2.8
1641012116053,3.5
1641013916152,3.5
1641015716147,3.1
1641017516252,3.1
1641019316224,2.3
1641021116288,2.3
1641022916279,1.5
1641024716244,1.5
1641026516272,0.6
1641028316460,0.6
1641030116340,0.9
1641031916317,0.7
1641033716379,1.8
1641035516351,1.8
1641037316352,2.6
1641039116557,2.6
1641040916535,3.1
1641042716643,3.1
1641044516615,2.4
1641046316575,2.4
1641048116525,3.4
1641049916803,3.4
1641051716624,3.8
1641053516889,3.7
1641055316897,4.3
1641057116845,4.3
1641058916857,4.7
1641060716965,4.7
1641062516880,4.2
1641064316894,4.2
1641066116959,5.5
1641067916903,6.2
1641069716963,6.5
1641071517053,6.5
1641073317020,6.6
1641075117055,6.6
1641076917108,6.2
1641078717168,6.2
1641080517087,5.5
1641082317137,5.5
1641084117124,5.2
1641085917189,5.2
1641087717215,4.8
1641089517210,5.2
1641091317235,4.6
1641093117253,4.6
1641094917180,4.6
1641096717334,4.6
1641098517307,4.9
1641100317421,5.0
1641102117389,5.1
1641103917433,5.1
1641105717480,5.6
1641107517476,5.6
1641109317360,5.4
1641111117524,5.6
1641112917479,5.5
1641114717477,5.5
1641116517512,5.3
1641118317485,5.3
1641120117505,4.7
1641121917612,5.0
1641123717532,3.6
1641125517555,3.6
1641127317608,2.7
1641129117666,2.7
1641130917657,3.5
1641132717690,3.5
1641134517671,3.2
1641136317771,3.2
1641138117679,3.1
1641139917767,3.2
1641141717848,5.0
1641143517813,5.0
1641145317765,4.8
1641147117899,4.8
1641148917851,5.3
1641150717781,5.3
1641152517996,5.8
1641154317920,6.5
1641156117816,6.4
1641157917940,6.4
1641159717971,6.4
1641161517983,6.4
1641163317896,5.7
1641165117899,6.1
1641166918007,4.9
1641168718097,4.9
1641170518047,4.2
1641172317964,4.2
1641174117975,4.0
1641175918011,4.0
1641177718129,4.0
1641179518157,4.0
1641181318108,3.8
1641183118233,3.8
1641184918159,6.3
1641186718247,6.3
1641188518103,5.9
1641190318253,5.9
1641192118197,5.9
1641193918267,5.9
1641195718074,6.1
1641197518285,6.1
1641199318117,6.8
1641201118293,6.8
1641202918343,6.9
1641204718259,6.9
1641206518317,7.3
1641208318412,7.3
1641210118245,7.6
1641211918360,7.6
1641213718379,7.9
1641215518414,7.9
1641217318306,7.9
1641219118468,7.9
1641220918399,7.8
1641222718495,7.8
1641224519167,7.9
1641226318312,7.9
1641229918295,8.5
1641231718367,8.8
1641233518319,8.8
1641235318452,6.3
1641237118363,6.3
1641238918561,6.1
1641240718487,5.9
1641242518439,4.7
1641244318516,4.7
1641246118465,3.7
1641247918375,3.7
1641249718365,2.7
1641251518423,2.7
1641253318517,2.7
1641255118519,2.7
1641256918512,2.9
1641258718561,3.1
1641260518526,3.3
1641262318621,3.3
1641264118524,3.4
1641265918509,3.4
1641267718605,3.4
1641269518536,3.4
1641271318492,3.8
1641273118648,4.1
1641274918612,4.6
1641276718581,4.6
1641278518548,4.6
1641280318791,4.8
1641282118507,4.6
1641283918519,4.6
1641285718587,4.6
1641287518599,4.6
1641289318621,5.0
1641291118527,5.0
1641292918537,5.3
1641294718684,5.4
1641296518552,6.0
1641298318643,6.0
1641300118665,4.7
1641301918608,4.7
1641303718606,5.1
1641305518616,5.1
1641307318579,6.0
1641309118556,6.0
1641310918652,5.9
1641312718674,5.9
1641314518615,4.6
1641316318663,4.6
1641318118623,5.8
1641319918639,5.8
1641321718620,4.5
1641323518697,4.5
1641325318763,4.8
1641327118787,5.0
1641328918863,7.3
1641330718755,7.3
1641332518839,5.5
1641334318883,5.5
1641336118903,5.8
1641337918935,5.8
1641339719027,4.8
1641341519063,4.8
1641343318988,5.0
1641345119153,5.0
1641346919216,5.3
1641348719359,5.7
1641350519319,6.1
1641352319298,6.1
1641354119415,4.4
1641355919503,4.4
1641357719477,3.9
1641359519551,3.9
1641361319487,3.6
1641363120811,3.6
1641364921099,4.3
1641366721256,4.3
1641368519710,2.4
1641370319915,2.8
1641372119844,2.6
1641373919840,2.6
1641375719851,3.1
1641377519940,3.1
1641379319979,4.2
1641381120107,4.2
1641382920095,5.5
1641384720203,5.5
1641386520151,5.9
1641388320127,5.9
1641390120320,5.1
1641391920340,5.7
1641393720430,5.4
1641395520503,5.4
1641397320351,5.1
1641399120352,5.1
1641400920404,5.3
1641402720395,5.3
1641404520400,4.4
1641406320659,4.4
1641408120597,3.8
1641409920715,3.8
1641411720593,3.2
1641413520839,3.2
1641415320709,2.8
1641417120922,2.8
1641418920851,3.9
1641420720921,3.9
1641422520923,3.5
1641424321049,3.5
1641426121004,3.4
1641427921869,3.4
1641429721862,3.3
1641431521171,3.3
1641433321233,2.8
1641435121321,2.8
1641436921236,2.1
1641438721248,2.1
1641440521315,2.2
1641442321315,2.2
1641444121387,2.1
1641445921528,2.2
1641447721525,1.9
1641449521472,1.9
1641451321399,1.7
1641453121473,1.7
1641454921473,1.8
1641456721632,1.8
1641458521524,1.8
1641460321627,1.8
1641462121667,1.7
1641463921600,1.7
1641465721788,2.4
1641467521765,2.4
1641469321863,2.5
1641471121846,2.5
1641472921940,2.4
1641474721905,2.4
1641476521960,2.2
1641478322005,2.4
1641480122005,2.5
1641481922064,2.5
1641483722085,2.6
1641485522201,2.6
1641487322183,2.4
1641489122295,2.4
1641490922211,2.5
1641492722255,2.5
1641494522255,2.6
1641496322363,2.6
1641498122321,2.9
1641499922444,2.9
1641501722431,3.2
1641503522367,3.2
1641505322477,3.9
1641507122399,3.9
1641508922593,3.5
1641510722552,3.3
1641512522541,4.1
1641514322617,4.1
1641516122644,4.6
1641517922680,4.6
1641519722725,4.7
1641521522784,4.7
1641523322748,5.0
1641525122996,5.0
1641526922838,5.9
1641528722863,5.9
1641530522910,6.0
1641532322968,6.0
1641534122970,6.2
1641535923035,6.2
1641537723032,6.3
1641539522992,6.3
1641541323062,6.7
1641543123111,6.7
1641544923117,6.1
1641546723035,6.1
1641548523129,5.4
1641550323213,5.4
1641552123113,5.3
1641553923236,5.8
1641555723163,4.7
1641557523265,4.7
1641559323136,5.5
1641561123211,5.5
1641562923320,4.0
1641564723226,4.0
1641566523384,3.4
1641568323343,3.4
1641570123357,4.1
1641571923477,4.1
1641573723484,3.8
1641575523444,3.8
1641577323500,3.8
1641579123413,3.8
1641580923456,3.9
1641582723473,3.3
1641584523635,3.9
1641586323594,3.9
1641588123717,4.0
1641589923787,4.0
1641591723700,4.3
1641593523712,4.3
1641595323743,4.2
1641597123737,4.2
1641598923764,4.5
1641600723745,4.5
1641602523842,4.6
1641604323855,4.6
1641606123764,3.7
1641607923819,3.7
1641609723819,3.7
1641611523947,3.7
1641613323764,4.0
1641615123899,4.0
1641616923783,3.8
1641618723891,3.8
1641620523819,4.3
1641622323863,3.9
1641624123905,4.0
1641625923943,4.0
1641627723957,2.8
1641629523940,2.8
1641631324056,4.2
1641633123911,4.2
1641634923923,4.7
1641636724071,4.7
1641638523969,6.1
1641640323990,6.1
1641642124116,5.3
1641643925052,5.3
1641645724065,4.3
1641647524247,4.3
1641649324039,2.9
1641651124255,1.0
1641652924071,0.9
1641654724191,0.9
1641656524072,1.6
1641658324192,1.4
1641660124112,1.6
1641661924255,1.6
1641663724256,2.0
1641665524412,2.0
1641667324361,2.5
1641669124272,2.5
1641670924290,2.8
1641672724261,2.8
1641674524279,2.8
1641676324232,2.8
1641678124344,3.2
1641679924429,3.2
1641681724295,4.7
1641683524267,4.7
1641685324321,5.6
1641687124407,5.6
1641688924421,7.1
1641690724408,7.1
1641692524403,7.1
1641694324506,7.1
1641696124354,7.9
1641697924395,7.9
1641699724341,8.1
1641701524445,8.1
1641703324483,7.4
1641705124511,6.6
1641706924356,6.7
1641708724701,6.7
1641710524484,6.9
1641712324527,6.9
1641714124527,6.2
1641715924464,6.2
1641717724532,6.0
1641719524600,6.0
1641721324520,6.1
1641723124512,6.1
1641724924518,5.8
1641726724634,5.8
1641728524461,5.3
1641730324611,5.3
1641732124623,5.3
1641733924571,5.3
1641735724616,5.5
1641737524608,5.5
1641739324621,6.7
1641741124628,6.7
1641742924598,7.3
1641744724681,7.3
1641746524587,7.3
1641748324604,6.5
1641750124634,6.9
1641751924638,6.9
1641753724591,7.0
1641755524683,7.0
1641757324691,7.3
1641759124547,6.4
1641760924608,6.5
1641762724576,6.5
1641764524554,6.7
1641766324691,6.7
1641768124583,6.4
1641769924624,6.4
1641771724624,6.8
1641773524619,6.8
1641775324586,6.1
1641777124798,6.1
1641778924673,5.4
1641780724726,6.0
1641782524827,5.6
1641784324880,5.6
1641786124884,5.4
1641787924936,5.4
1641789724921,5.6
1641791525023,5.2
1641793325087,5.6
1641795125195,5.6
1641796925096,5.4
1641798725264,4.7
1641800525213,5.2
1641802325351,5.2
1641804125325,5.2
1641805925447,5.2
1641807725481,4.8
1641809525547,4.8
1641811325561,5.7
1641813125661,5.7
1641814925681,5.4
1641816725686,5.4
1641818525637,5.5
1641820325877,5.5
1641822125767,4.7
1641823925960,4.7
1641825725856,2.5
1641827525955,2.5
1641829325979,2.9
1641831126107,2.9
1641832926299,3.2
1641834726123,3.2
1641836526215,3.1
1641838326351,3.1
1641840126264,2.5
1641841926320,2.5
1641843726485,4.0
1641845526447,3.5
1641847326526,3.3
1641849126447,3.3
1641850926591,3.2
1641852726603,3.2
1641854526595,3.5
1641856326592,3.5
1641858126680,3.4
1641859926677,3.4
1641861726752,3.6
1641863526928,3.6
1641865326875,4.5
1641867126856,4.5
1641868926972,3.3
1641870727053,3.3
1641872526975,3.8
1641874327099,3.8
1641876127103,4.9
1641877927259,4.9
1641879727143,4.9
1641881527123,4.9
1641883327222,4.8
1641885127360,4.8
1641886927279,4.4
1641888727257,4.4
1641890527295,5.5
1641892327471,5.5
1641894127492,5.5
1641895927545,5.5
1641897727537,5.4
1641899527507,5.4
1641901327463,5.7
1641903127785,5.7
1641904927627,5.0
1641906727712,5.0
1641908527760,4.4
1641910327815,4.4
1641912128045,4.6
1641913927925,4.6
1641915727863,5.3
1641917527911,5.3
1641919328003,6.0
1641921128087,6.0
1641922927981,6.2
1641924728153,6.2
1641926528137,6.1
1641928328263,6.1
1641930128197,4.4
1641931928273,4.4
1641933728279,3.8
1641935528239,3.8
1641937328283,3.5
1641939128459,3.5
1641940928311,3.1
1641942728544,3.1
1641944528396,4.6
1641946328569,4.6
1641948128415,3.6
1641949928537,3.6
1641951728584,3.2
1641953528615,3.2
1641955328547,3.6
1641957128737,3.6
1641958928689,3.8
1641960728734,3.8
1641962528763,4.0
1641964328840,4.0
1641966128737,3.9
1641967928756,3.9
1641969728899,4.4
1641971529020,4.4
1641973328984,4.8
1641975129010,4.8
1641976928990,5.0
1641978729089,5.0
1641980529111,4.8
1641982330125,4.8
1641984129159,5.5
1641985929178,5.5
1641987729163,6.7
1641989529352,6.7
1641991329213,6.5
1641993129328,6.5
1641994929213,6.4
1641996729468,6.4
1641998529351,6.8
1642000329323,6.8
1642002129332,6.7
1642003929480,6.7
1642005729416,6.4
1642007529501,6.4
1642009329623,6.3
1642011129537,6.3
1642012929527,6.5
1642014729579,7.0
1642016529532,6.2
1642018329672,6.2
1642020129585,6.4
1642021929835,6.4
1642023729840,7.4
1642025529773,7.4
1642027329691,8.3
1642029129795,8.3
1642030929760,7.9
1642032729883,7.9
1642034529711,8.2
1642036329821,8.2
1642038129831,8.0
1642039929961,8.1
1642041729865,8.0
1642043529959,8.0
1642045329897,8.6
1642047129946,8.6
1642048929969,8.5
1642050729968,8.1
1642052530049,7.3
1642054330005,7.3
1642056129955,7.5
1642057929959,7.5
1642059730132,8.3
1642061532425,8.3
1642063330109,8.1
1642065130152,8.1
1642066930212,9.0
1642068730067,9.0
1642069936410,10.2
1642071736532,9.1
1642073536446,10.5
1642075336872,10.5
1642077136484,10.5
1642078936813,10.5
1642080736605,10.0
1642082536807,10.0
1642084336612,9.3
1642086137077,9.3
1642087936783,8.6
1642089737025,8.6
1642091536953,8.1
1642093337016,8.1
1642095136927,9.3
1642096937331,9.5
1642098736974,9.4
1642100537185,9.4
1642102337231,10.1
1642104137280,10.1
1642105937191,10.7
1642107738019,10.7
1642109537395,10.8
1642111337388,10.8
1642113137415,10.7
1642114937595,10.7
1642116737515,10.3
1642118537736,10.3
1642120337617,11.5
1642122137702,11.5
1642123937876,11.3
1642125737808,11.9
1642127537887,12.3
1642129337831,12.3
1642131137995,11.8
1642132938028,11.8
1642134737848,11.4
1642136538013,11.8
1642138337911,10.0
1642140138151,10.0
1642141938112,9.5
1642143738121,9.5
1642145538123,8.7
1642147338294,8.7
1642149138163,8.2
1642150938783,8.2
1642152738347,8.4
1642154538542,8.4
1642156338322,7.9
1642158138796,7.9
1642159938480,7.2
1642161738904,7.2
1642163538544,6.4
1642165338648,6.4
1642167138659,5.2
1642168938879,5.2
1642170738680,4.3
1642172538977,4.3
1642174338695,4.0
1642176138931,4.0
1642177938883,4.2
1642179739109,3.9
1642181538874,3.7
1642183339084,3.7
1642185139009,3.6
1642186939301,3.6
1642188739116,3.3
1642190539227,3.2
1642192339103,2.9
1642194139348,2.9
1642195939151,2.7
1642197739396,2.7
1642199539280,2.9
1642201339708,2.8
1642203139357,2.3
1642204939552,2.3
1642206739404,2.3
1642208539672,2.3
1642210339540,2.4
1642212139740,2.3
1642213939567,2.3
1642215739603,2.3
1642217539613,2.0
1642219339805,2.0
1642221139583,2.0
1642222939771,1.9
1642224739742,2.1
1642226539828,2.1
1642228339700,2.3
1642230139817,2.3
1642231939864,2.6
1642233740092,2.6
1642235539979,2.7
1642237339963,2.7
1642239140031,3.1
1642240940087,3.1
1642242740139,3.4
1642244540161,3.4
1642246340122,3.9
1642248140149,3.9
1642249940218,3.8
1642251740315,3.8
1642253540267,3.8
1642255340277,3.8
1642257140307,3.7
1642258940419,3.7
1642260740325,3.5
1642262540409,3.5
1642264340380,4.0
1642266140584,4.0
1642267940348,3.9
1642269740566,4.0
1642271540612,4.6
1642273340613,4.6
1642275140600,4.2
1642276940675,4.3
1642278740604,4.5
1642280540795,4.5
1642282340647,4.4
1642284140759,4.4
1642285940673,4.8
1642287740997,4.8
1642289540658,5.8
1642291340793,5.8
1642293140804,5.4
1642294941088,5.4
1642296740860,6.7
1642298540937,6.7
1642300340889,6.2
1642302141007,6.0
1642303941027,5.4
1642305740949,5.4
1642307540913,5.1
1642309341259,5.3
1642311141184,4.9
1642312941292,4.9
1642314741124,5.0
1642316541147,5.0
1642318341153,5.4
1642320141355,5.6
1642321941136,5.8
1642323741385,5.8
1642325541185,6.1
1642327341426,6.1
1642329141287,5.8
1642330941338,5.8
1642332741315,6.9
1642334541412,6.9
1642336341255,7.2
1642338141486,7.2
1642339941431,7.3
1642341741709,7.3
1642343541434,9.3
1642345341683,9.3
1642347141372,8.4
1642348941444,8.4
1642350741507,10.3
1642352541505,10.3
1642354341563,11.2
1642356141771,11.2
1642357941524,10.7
1642359741594,10.7
1642361541617,11.2
1642363341667,11.2
1642365141692,11.8
1642366941742,11.8
1642368741696,12.9
1642370541702,12.9
1642372341680,13.7
1642374141958,13.4
1642375941572,14.7
1642377741768,14.7
1642379541753,13.3
1642381341836,13.3
1642383141733,13.4
1642384941727,12.4
1642386741762,11.4
1642388541940,11.4
1642390341774,10.7
1642392141883,10.7
1642393941831,10.1
1642395741954,10.1
1642397541857,9.2
1642399341915,9.2
1642401141844,7.8
1642402942172,7.8
1642404741816,6.9
1642406542016,6.6
1642408341956,6.3
1642410142177,6.3
1642411941916,6.6
1642413742364,6.6
1642415542069,8.1
1642417342081,8.1
1642419142033,8.4
1642420942252,8.4
1642422741964,8.1
1642424542092,8.1
1642426341955,7.5
1642428142124,7.5
1642429942076,5.5
1642431742143,5.5
1642433541980,4.0
1642435342209,4.0
1642437142067,3.2
1642438942252,3.2
1642440742015,3.0
1642442542116,3.0
1642444342048,2.9
1642446142155,2.9
1642447942016,3.0
1642449742209,3.0
1642451542083,3.5
1642453342359,3.5
1642455142211,3.7
1642456942320,3.7
1642458742189,3.7
1642460542376,3.7
1642462342177,3.1
1642464142244,3.1
1642465942103,3.0
1642467742519,3.0
1642469542223,2.9
1642471342318,2.9
1642473142231,3.3
1642474942247,3.3
1642476742220,3.5
1642478542193,3.5
1642480342261,3.6
1642482142408,3.5
1642483942261,3.3
1642485742413,3.3
1642487542322,3.7
1642489342327,3.7
1642491142165,5.4
1642492942380,5.4
1642494742400,6.5
1642496542614,6.5
1642498342317,7.5
1642500142400,7.5
1642501942224,7.2
1642503742389,7.2
1642505542347,7.9
1642507342504,7.9
1642509142317,7.8
1642510942305,7.8
1642512742309,8.9
1642514542336,8.9
1642516342336,7.9
1642518142397,7.9
1642519942377,6.9
1642521742492,6.9
1642523542339,6.7
1642525342495,6.7
1642527142648,6.0
1642528942693,6.0
1642530742675,6.6
1642532542622,6.6
1642534342716,6.4
1642536142861,6.4
1642537942805,5.8
1642539743023,5.8
1642541542923,6.2
1642543343080,6.2
1642545143026,6.1
1642546943304,6.1
1642548743121,5.7
1642550543215,5.7
1642552343103,6.3
1642554143208,6.3
1642555943352,6.6
1642557743449,6.6
1642559543299,6.7
1642561343573,6.7
1642563143497,7.2
1642564943472,7.2
1642566743575,7.1
1642568543630,7.1
1642570343555,8.4
1642572143787,8.4
1642573943679,8.6
1642575743780,8.6
1642577543721,8.7
1642579343950,8.7
1642581143903,8.5
1642582944553,8.5
1642586544337,8.2
1642588343986,8.4
1642590144215,8.4
1642591944184,8.6
1642593744273,8.6
1642595544211,8.7
1642597344275,8.7
1642599144316,8.9
1642600944291,8.9
1642602744463,8.9
1642604544571,8.9
1642606344501,9.7
1642608144504,9.7
1642609944517,10.1
1642611744583,10.1
1642613544619,11.4
1642615344637,11.4
1642617144585,12.5
1642618944779,12.5
1642620744716,12.4
1642622544831,12.4
1642624344735,10.7
1642626144852,10.7
1642627944860,11.2
1642629744900,11.2
1642631544931,10.3
1642633345264,10.3
1642635145043,10.7
1642636945268,10.7
1642638744979,9.9
1642640545168,9.9
1642642345199,9.6
1642644145332,9.6
1642645945146,10.5
1642647745269,10.5
1642649545217,12.6
1642651345417,12.6
1642653145331,12.4
1642654945584,11.6
1642656745408,10.3
1642658545577,10.3
1642660345507,9.7
1642662145639,9.7
1642663945639,9.4
1642665745655,9.4
1642667545685,9.1
1642669345663,9.1
1642671145663,9.5
1642672945837,9.5
1642674745722,10.0
1642676546051,10.0
1642678345771,9.6
1642680146036,9.6
1642681254076,9.6
1642683053776,9.3
1642684853863,9.3
1642686654023,8.8
1642688453923,8.8
1642690253983,8.3
1642692054075,8.3
1642693854024,7.9
1642695654455,7.9
1642697454268,8.4
1642699254312,8.4
1642701054260,7.8
1642702854688,7.8
1642704654356,6.9
1642706454535,6.9
1642708254495,5.6
1642710054688,5.6
1642711854631,4.1
1642713654692,4.1
1642715454683,3.9
1642717254766,4.0
1642719054625,3.7
1642720854830,3.7
1642722654836,3.4
1642724454978,3.4
1642726254882,3.8
1642728055195,3.1
1642729855057,3.0
1642731655043,3.0
1642733454925,3.1
1642735255190,3.1
1642737055147,3.5
1642738855159,3.5
1642740655108,3.4
1642742455305,3.4
1642744255303,3.3
1642746055511,3.3
1642747855391,3.6
1642749655447,3.7
1642751455409,3.5
1642753255526,3.5
1642755055412,3.1
1642756855951,3.1
1642758655743,3.6
1642760455595,3.6
1642762255552,4.2
1642764055843,4.2
1642765855755,4.1
1642767655726,4.1
1642769455709,4.4
1642771255916,4.4
1642773056044,4.3
1642774856089,4.3
1642776656116,4.5
1642778456023,4.5
1642780256105,4.3
1642782056221,4.3
1642783856235,3.4
1642785656120,4.0
1642787456156,2.8
1642789257931,2.8
1642791056281,2.3
1642792856245,2.3
1642794656331,2.3
1642798256524,2.0
1642800056504,2.0
1642801856469,1.5
1642803656681,1.1
1642805456501,0.7
1642807256741,0.7
1642809056635,0.5
1642810856580,0.5
1642812656644,0.4
1642814456845,0.4
1642816256865,1.0
1642818057417,1.0
1642819856929,1.5
1642821656979,1.5
1642823456914,1.9
1642825257007,1.9
1642827056863,2.2
1642828856972,2.2
1642830656959,2.9
1642832457063,2.9
1642834257076,2.6
1642836057125,2.6
1642837857078,2.9
1642839657324,2.7
1642841457308,2.9
1642843257071,2.9
1642845057160,2.7
1642846857326,2.7
1642848657296,2.1
1642850457323,2.1
1642852257332,3.3
1642854057412,3.3
1642855857588,3.7
1642857657531,3.7
1642859457595,3.3
1642861257447,4.0
1642863057524,4.1
1642864857502,4.1
1642866657472,3.2
1642868457552,3.2
1642870257644,3.9
1642872057543,3.9
1642873857666,3.9
1642875657687,3.9
1642877457655,3.9
1642879257796,3.9
1642881057851,3.6
1642882857725,3.6
1642884657812,3.3
1642886457930,3.3
1642888257797,3.3
1642890057849,3.3
1642891858112,3.4
1642893658607,3.4
1642895458013,2.7
1642897257988,2.7
1642899058631,2.7
1642900858487,2.7
1642902658343,3.1
1642904458413,3.1
1642906258344,4.4
1642908058388,4.4
1642909858260,4.1
1642911658318,4.1
1642913458332,5.1
1642915258484,5.1
1642917058563,6.1
1642918858455,6.1
1642920658512,5.7
1642922458355,5.7
1642924258392,4.8
1642926058435,4.8
1642927858433,4.8
1642929658548,4.8
1642931458593,4.9
1642933258561,4.9
1642935059080,5.9
1642936858933,5.9
1642938661125,5.2
1642940458577,5.2
1642942258679,4.8
1642944058977,4.9
1642945858657,4.4
1642947658976,4.4
1642949458727,5.3
1642951258842,5.3
1642953058815,5.2
1642954858786,5.2
1642956658801,5.5
1642958458725,5.5
1642960258849,5.0
1642962058855,5.0
1642963858879,5.2
1642965658932,5.2
1642967458860,4.5
1642969258955,4.4
1642971058803,6.1
1642972858967,6.1
1642974658977,6.1
1642976458907,6.1
1642978259121,6.7
1642980058911,6.7
1642981858991,6.9
1642983659132,6.9
1642985459003,6.7
1642987259108,6.7
1642989059095,7.6
1642990859087,7.6
1642992659117,6.9
1642994459109,6.9
1642996259192,6.7
1642998059317,6.7
1642999859157,6.1
1643001659165,6.1
1643003459312,6.8
1643005259194,6.8
1643007059201,5.2
1643008859301,5.2
1643010659356,6.3
1643012459468,6.3
1643014259416,5.9
1643016059327,5.9
1643017859337,6.1
1643019659501,6.1
1643021459367,6.1
1643023259296,6.1
1643025059576,6.0
1643026859517,6.0
1643028660428,6.3
1643030459653,6.3
1643032259567,6.5
1643034059413,6.5
1643035859389,6.4
1643037659561,6.4
1643039459455,6.3
1643041259363,6.3
1643043059439,6.6
1643044859555,6.6
1643046659380,6.2
1643048459346,6.2
1643050259563,5.8
1643052059495,5.8
1643053859501,6.3
1643055659520,6.3
1643057459669,6.8
1643059259431,6.8
1643061059640,7.3
1643062859509,7.3
1643064659611,7.0
1643066459547,7.0
1643068259728,6.7
1643070059523,6.7
1643071859764,6.4
1643073659627,6.4
1643075459755,6.2
1643077259663,6.4
1643079059636,6.2
1643080859683,6.2
1643082659713,5.3
1643084459703,5.3
1643086259726,5.0
1643088059823,5.0
1643089859723,4.6
1643091659642,4.6
1643093459705,4.0
1643095259845,4.0
1643097059752,3.5
1643098859648,3.5
1643100659762,3.4
1643102459727,3.4
1643104259715,3.9
1643106059693,3.9
1643107859899,4.4
1643109659900,4.4
1643111459727,5.1
1643113259695,5.1
1643115059864,5.3
1643116859816,5.3
1643118659815,5.0
1643120459853,5.0
1643122259747,4.3
1643124059707,4.3
1643125859834,4.2
1643127659868,4.2
1643129459671,3.7
1643131259935,3.7
1643133059847,4.3
1643134859983,4.3
1643136659871,5.6
1643138459941,5.2
1643140259948,5.3
1643142060120,5.3
1643143859907,5.8
1643145660339,5.8
1643147460209,6.0
1643149260107,6.0
1643151060327,6.7
1643152860279,6.4
1643154660412,7.4
1643156460392,7.4
1643158260327,6.9
1643160060657,6.9
1643161860433,7.0
1643163660479,7.2
1643165460664,7.2
1643167260563,7.2
1643169060909,7.5
1643170860764,7.5
1643172660700,7.8
1643174460732,7.8
1643176260953,8.3
1643178060773,8.3
1643179861091,8.3
1643181660963,8.3
1643183461228,8.0
1643185261105,8.0
1643187061034,7.3
1643188861121,7.0
1643190661835,8.0
1643192461472,8.0
1643194261371,7.7
1643196061377,7.7
1643197861291,8.6
1643199661199,8.6
1643201461472,8.8
1643203261451,8.8
1643205061538,10.0
1643206861534,10.0
1643208661873,9.5
1643210461555,9.5
1643212261734,8.6
1643214061728,8.8
1643215861659,7.4
1643217661863,7.4
1643219461793,8.0
1643221261971,8.0
1643223061915,7.7
1643224861945,7.7
1643226662059,7.0
1643228462076,7.0
1643230262055,6.9
1643232062139,6.9
1643233862071,7.4
1643235662244,7.4
1643237462227,6.9
1643239262193,8.1
1643241062328,9.4
1643242862307,9.4
1643244662339,10.3
1643246462365,10.3
1643248262440,10.2
1643250062547,10.2
1643251862550,10.1
1643253662595,10.1
1643255462887,9.5
1643257262572,9.5
1643259062728,8.7
1643260862797,8.7
1643262662743,9.7
1643264462927,9.7
1643266262711,12.0
1643268062831,12.0
1643269862829,13.2
1643271662924,13.2
1643273462947,13.8
1643275263140,13.8
1643277063010,13.8
1643278862916,13.8
1643280663072,13.7
1643282463214,13.7
1643284263171,13.0
1643286063375,13.0
1643287863095,13.5
1643289663272,13.5
1643291463556,13.5
1643293263337,13.5
1643295063311,13.8
1643296863435,13.8
1643298663451,13.4
1643300463449,13.4
1643302263361,12.6
1643304063551,12.6
1643305863443,11.6
1643307663458,11.6
1643309463638,11.0
1643311263653,11.0
1643313063703,11.4
1643314863716,11.4
1643316663666,11.1
1643318463631,11.1
1643320263889,10.7
1643322063780,10.4
1643323863885,9.6
1643325663872,9.6
1643327463920,8.9
1643329263778,8.9
1643331064117,8.7
1643332863961,8.3
1643334663978,8.4
1643336463852,8.4
1643338263876,7.9
1643340063903,7.9
1643341864204,6.3
1643343663998,6.1
1643345464168,5.5
1643347264080,5.5
1643349064320,4.8
1643350864204,4.8
1643352664240,4.2
1643354464216,4.0
1643356264270,3.1
1643358064347,3.1
1643359864313,2.8
1643361664541,2.8
1643363464383,3.3
1643365264690,3.3
1643367064404,3.5
1643368864664,3.4
1643370664424,2.8
1643372464833,2.8
1643374264353,3.0
1643376064562,3.0
1643377864523,3.1
1643379664633,2.9
1643381464651,2.4
1643383264655,2.4
1643385064636,2.8
1643386864756,2.8
1643388664714,2.9
1643390464821,2.9
1643392264614,3.6
1643394064771,3.6
1643395864633,4.3
1643397664887,4.3
1643399464817,4.8
1643401265008,4.8
1643403064747,5.7
1643404864986,5.7
1643406664727,6.4
1643408464977,6.4
1643410264782,7.3
1643412064905,7.3
1643413864948,8.1
1643415664872,8.1
1643417464876,7.0
1643419265093,7.5
1643421064944,8.5
1643422865005,8.5
1643424665046,8.1
1643426465044,8.1
1643428265077,8.2
1643430065100,8.3
1643431864960,8.5
1643433665083,8.5
1643435465291,8.3
1643437265097,8.3
1643439065136,8.2
1643440865195,8.4
1643442665163,9.3
1643444465308,9.3
1643446265201,10.1
1643448065083,10.1
1643449865356,10.9
1643451665286,11.1
1643453465232,12.2
1643455265319,12.2
1643457065281,13.2
1643458865331,13.2
1643460665303,14.6
1643462465228,14.6
1643464265308,14.8
1643466065335,14.8
1643467865383,16.1
1643469665377,16.1
1643471465347,17.4
1643473265275,17.4
1643475065380,15.6
1643476865485,15.6
1643478665463,16.3
1643480465440,16.3
1643482265441,15.4
1643484065503,15.4
1643485865412,17.4
1643487665541,17.4
1643489466808,17.3
1643491265521,17.3
1643493065448,18.1
1643494865593,18.1
1643496665429,15.5
1643498465467,15.5
1643500265436,15.1
1643502065556,15.1
1643503865536,15.4
1643505665455,15.4
1643507465727,17.7
1643509265631,17.7
1643511065740,16.2
1643512865597,16.2
1643514665696,15.9
1643516465539,16.5
1643518265595,15.7
1643520065637,15.7
1643521865655,15.1
1643523665534,15.1
1643525465703,13.2
1643527265676,13.2
1643529065651,12.7
1643530865731,12.7
1643532665863,12.3
1643534465656,12.3
1643536265604,11.5
1643538065657,11.6
1643539865751,10.8
1643541665759,10.8
1643543465593,10.1
1643545265627,10.1
1643547065784,9.8
1643548866103,9.8
1643550665780,8.9
1643552465795,8.9
1643554265827,8.3
1643556065766,8.3
1643557865779,6.4
1643559665965,6.4
1643561465800,3.0
1643563265899,3.0
1643565065940,2.4
1643566865727,2.4
1643568665845,2.4
1643570465786,2.4
1643572265904,2.7
1643574065835,2.7
1643575865851,2.1
1643577665718,2.1
1643579465779,2.3
1643581265749,2.3
1643583065920,2.3
1643584865839,2.3
1643586665871,2.0
1643588465892,2.0
1643590265865,1.7
1643592065987,1.7
1643593865899,1.9
1643595666057,1.9
1643597466129,1.2
1643599266235,1.2
1643601066257,2.6
1643602866304,2.6
1643604666355,2.1
1643606466453,2.1
1643608266320,1.7
1643610066520,1.7
1643611866504,1.6
1643613666487,1.6
1643615466569,1.8
1643617266671,1.8
1643619066683,2.2
1643620866717,2.2
1643622666749,3.2
1643624466904,3.2
1643626267040,2.5
1643628067032,2.5
1643629866983,2.4
1643631667251,2.4
1643633467047,1.5
1643635267057,2.2
1643637067124,2.1
1643638867332,2.1
1643640667304,1.9
1643642467199,1.9
1643644267364,1.5
1643646067493,1.5
1643647867479,2.1
1643649667561,2.1
1643651467615,1.2
1643653267647,1.2
1643655067711,1.7
1643656867701,1.7
1643658667703,2.2
1643660467633,2.2
1643662267832,2.9
1643664067725,2.9
1643665868093,4.0
1643667667819,4.0
1643669467896,4.2
1643671267967,4.2
1643673068138,5.0
1643674868097,5.0
1643676668236,4.9
1643678468231,4.9
1643680268144,4.6
1643682068271,4.6
1643683868299,3.5
1643685668407,3.5
1643687468473,2.9
1643689268433,2.9
1643691068543,2.7
1643692868364,2.7
1643694668599,2.7
1643696468585,2.7
1643698268831,3.3
1643700068665,3.3
1643701868773,3.2
1643703668775,3.2
1643705468827,4.1
1643707268847,4.1
1643709068947,5.1
1643710868775,5.0
1643712668936,4.7
1643714469221,4.7
1643716269009,4.3
1643718068988,4.3
1643719869193,8.6
1643721669056,9.0
1643723469055,11.1
1643725269037,11.1
1643727069091,11.0
1643728869311,11.0
1643730669115,9.9
1643732469167,9.9
1643734269255,8.0
1643736069409,8.0
1643737869488,5.1
1643739669497,5.1
1643741469458,4.1
1643743269435,4.1
1643745069551,3.9
1643746869543,3.9
1643748669559,4.0
1643750469485,4.0
1643752269556,5.3
1643754069711,5.3
1643755869643,7.2
1643757669659,7.2
1643759469816,6.3
1643761269831,6.3
1643763069815,7.6
1643764869873,7.6
1643766669874,9.1
1643768469848,9.1
1643770270632,8.3
1643772069809,8.3
1643773869993,7.6
1643775670064,7.6
1643777470100,5.9
1643779270079,5.9
1643781070137,4.8
1643782869991,4.8
1643784670206,3.3
1643786470205,3.1
1643788270211,2.7
1643790070235,2.7
1643791870620,2.7
1643793670611,2.7
1643795471345,2.8
1643797270280,3.0
1643799070349,2.7
1643800870363,2.7
1643802670395,3.3
1643804470289,3.3
1643806270419,6.7
1643808070487,6.7
1643809870487,6.2
1643811670492,6.2
1643813470485,5.5
1643815270619,5.5
1643817070619,3.1
1643818870728,3.1
1643820670499,3.0
1643822470805,3.0
1643824270759,2.9
1643826070651,2.9
1643827870707,3.6
1643829670792,3.6
1643831470844,4.5
1643833271835,3.7
1643835070795,2.6
1643836870774,2.6
1643838670861,2.8
1643840471891,2.8
1643842270815,4.8
1643844070903,4.8
1643845870980,4.8
1643847670891,4.8
1643849470961,4.7
1643851271015,4.7
1643853070956,4.1
1643854871004,4.1
1643856671071,2.8
1643860271065,2.1
1643862070981,2.1
1643863871131,2.6
1643865671147,2.6
1643867471190,2.8
1643869271183,2.8
1643871071280,3.1
1643872871125,3.1
1643874671244,4.3
1643876471183,4.3
1643878271592,4.6
1643880071333,4.6
1643881871325,4.4
1643883671274,4.1
1643885471377,4.8
1643887271373,4.8
1643889071364,4.8
1643890871329,4.8
1643892671421,5.1
1643894471464,5.2
1643896271533,4.9
1643898071497,4.9
1643899871488,5.2
1643901671565,5.2
1643903471594,5.1
1643905271539,5.1
1643907071393,5.3
1643908871593,5.3
1643910671432,4.9
1643912471504,4.9
1643914271456,5.2
1643916071547,5.2
1643917871451,4.5
1643919671576,4.5
1643921471620,4.5
1643923271627,4.5
1643925071599,5.3
1643926871513,5.3
1643928671654,4.6
1643930471836,4.9
1643932271663,5.8
1643934071735,5.8
1643935871652,5.6
1643937671696,5.6
1643939471671,5.3
1643941271643,5.3
1643943071702,5.9
1643944871734,5.9
1643946671743,6.4
1643948471675,6.4
1643950271649,7.1
1643952071692,7.1
1643953871815,7.8
1643955671741,7.8
1643957471784,8.0
1643959271863,8.0
1643961071805,7.5
1643962871869,7.5
1643964671783,6.2
1643966472440,6.2
1643968271860,4.3
1643970071918,4.3
1643971871758,3.8
1643973671787,3.8
1643975471707,4.0
1643977271819,4.0
1643979071849,3.7
1643980871807,3.7
1643982671871,4.7
1643986271848,3.9
1643988071841,3.9
1643989871763,3.9
1643991671919,3.9
1643993471956,4.2
1643995271885,4.2
1643997071825,4.4
1643998871917,4.4
1644000671932,4.8
1644002471956,4.8
1644004271855,4.6
1644006072011,4.6
1644007872111,4.9
1644009671992,4.9
1644011472036,5.1
1644013271903,5.1
1644015071873,3.7
1644016871973,3.7
1644018672028,5.4
1644020472093,5.4
1644024072017,6.7
1644025871991,6.1
1644027672021,6.1
1644029472019,6.7
1644031271927,6.7
1644033071884,5.7
1644034871972,5.7
1644036671974,6.4
1644038472055,6.4
1644040272055,6.4
1644042072167,6.4
1644043872111,5.9
1644045672242,5.9
1644047472267,7.0
1644049272341,7.0
1644051072418,6.2
1644052872767,6.2
1644054672575,6.3
1644056472397,6.3
1644058272557,6.5
1644060072651,6.5
1644061872793,8.3
1644063672680,8.3
1644065472746,8.6
1644067272904,8.6
1644069072782,8.6
1644070873009,8.6
1644072672811,8.4
1644074472932,8.4
1644076273108,7.7
1644078073081,7.7
1644079873162,7.0
1644081673212,7.0
1644083473096,8.8
1644085273244,8.8
1644087073213,9.2
1644088873185,9.2
1644090673240,8.5
1644092473331,8.5
1644094273318,8.6
1644096073408,8.6
1644097873502,8.8
1644099673636,8.8
1644101473648,8.2
1644103273556,8.2
1644105073594,7.2
1644106873748,7.2
1644108673740,5.4
1644110473744,5.4
1644112273884,5.5
1644114073948,5.4
1644115873967,5.8
1644117674101,5.8
1644119474031,4.9
1644121274012,4.9
1644123074039,4.6
1644124874101,3.9
1644126674096,5.0
1644128474199,5.0
1644130274275,5.7
1644132074219,5.7
1644133874415,7.5
1644135674472,7.5
1644137474392,5.5
1644139274480,5.5
1644141074581,5.9
1644142874487,5.9
1644144674611,6.4
1644146474636,6.4
1644148274589,5.0
1644150074685,5.0
1644151874653,5.8
1644153674674,5.8
1644155474680,4.9
1644157274703,3.8
1644159074641,4.7
1644160874668,4.7
1644162674867,4.8
1644164474951,4.8
1644166274909,4.3
1644168074982,4.3
1644169874973,4.0
1644171674897,4.0
1644173474976,3.0
1644175274948,3.0
1644177075113,3.5
1644178875080,3.5
1644180675175,3.2
1644182475095,3.2
1644184275214,5.3
1644186075207,5.3
1644187875160,5.5
1644189675223,5.5
1644191475305,5.8
1644193275189,5.8
1644195075342,5.5
1644196875271,5.5
1644198675437,5.9
1644200475291,5.9
1644202275414,6.8
1644204075444,6.8
1644205875407,6.2
1644207675408,5.8
1644209475479,6.8
1644211275475,6.8
1644213075564,7.1
1644214875659,7.1
1644216675706,9.1
1644218475960,9.1
1644220275778,8.6
1644222075711,8.6
1644223875690,9.4
1644225675788,9.4
1644227475813,10.1
1644229275789,10.1
1644231075885,10.5
1644232875996,10.5
1644234675819,9.6
1644236475912,9.6
1644238275955,8.5
1644241876036,7.6
1644243675993,7.6
1644245476129,6.9
1644247275996,6.9
1644249076098,6.3
1644250875971,6.3
1644252676195,6.1
1644254476188,6.1
1644256276099,5.9
1644258076163,5.9
1644259876180,5.1
1644263476244,5.1
1644265276295,5.1
1644267076284,5.0
1644268876309,5.0
1644270676315,5.4
1644272476413,5.4
1644274276371,5.0
1644276076344,5.0
1644277876361,6.3
1644281476435,7.6
1644283276592,7.6
1644285076532,8.2
1644286876492,8.2
1644288676525,8.2
1644290476527,8.2
1644292276526,8.5
1644294076700,8.5
1644295876661,9.5
1644297676701,9.3
1644299476735,7.5
1644301276691,7.5
1644303076677,7.2
1644304877021,7.2
1644306676806,7.9
1644310276872,7.9
1644312077136,7.9
1644313876728,8.8
1644315676853,8.8
1644317476943,8.3
1644319276798,8.3
1644321077240,8.7
1644322876917,8.7
1644324676902,9.5
1644326476949,9.5
1644328276995,9.3
1644330076937,9.3
1644331876911,8.6
1644333677020,8.6
1644335476983,6.8
1644337276964,6.8
1644339076897,5.5
1644340877140,5.5
1644342677036,4.8
1644344477093,4.8
1644346277045,5.0
1644348077124,5.0
1644349877133,5.1
1644351677081,5.1
1644353477148,4.5
1644355277131,4.5
1644357077219,4.6
1644358877246,4.6
1644360677292,5.4
1644362477223,5.4
1644364277189,5.9
1644366077283,5.9
1644367877263,5.5
1644369677183,5.8
1644371477265,5.5
1644373277420,5.5
1644375077270,5.6
1644376877323,5.6
1644378677339,5.4
1644380477443,5.6
1644382277353,6.6
1644384077398,6.6
1644385877327,6.5
1644387677228,6.5
1644389477387,5.7
1644391277310,5.9
1644393077277,6.5
1644394877360,6.5
1644396677503,7.7
1644398477359,7.7
1644400277512,9.0
1644402077400,9.4
1644403877576,7.8
1644405677363,7.8
1644407477405,8.4
1644409277357,8.4
1644411077587,8.7
1644412877601,8.4
1644414677515,8.2
1644416477580,8.2
1644418277479,8.7
1644420077525,8.7
1644421877473,6.6
1644423677571,6.6
1644425477547,6.4
1644427277571,6.4
1644429077513,5.4
1644430877525,5.4
1644432677515,5.0
1644434477556,5.0
1644436277629,5.5
1644438077453,5.5
1644439877557,5.9
1644441677561,5.9
1644443477629,6.2
1644445277499,6.2
1644447077583,6.0
1644448877551,6.0
1644450677699,5.6
1644452477727,5.6
1644454277535,5.3
1644456077660,5.3
1644457877663,4.9
1644459677507,4.9
1644461477616,4.8
1644463277604,4.8
1644465077707,5.1
1644466877625,5.1
1644468677499,5.3
1644470477699,5.3
1644472277743,5.2
1644474077584,5.2
1644475877672,4.8
1644477677668,5.6
1644479477657,5.2
1644481277544,5.2
1644483077681,5.1
1644484877679,5.1
1644486677547,6.7
1644488477762,6.5
1644490277624,7.2
1644492077762,7.2
1644493877777,6.9
1644495677868,6.9
1644497477761,7.5
1644499277802,7.5
1644501077928,6.9
1644502878085,6.9
1644504678079,8.0
1644506478149,8.0
1644508278167,6.3
1644510078144,6.3
1644511878260,5.9
1644513678313,5.5
1644515478380,5.3
1644517278391,5.3
1644519078557,5.4
1644520878891,5.4
1644522678515,4.8
1644524478619,4.8
1644526278659,4.6
1644528078657,4.6
1644529878745,4.2
1644531678700,4.2
1644533478805,3.8
1644535278867,3.8
1644537079021,3.1
1644538878907,3.1
1644540679104,3.5
1644542479087,3.5
1644544279171,3.1
1644546079239,3.1
1644547879099,2.9
1644549679306,2.9
1644551479283,3.1
1644553279319,3.1
1644555079380,2.8
1644556879446,2.8
1644558679608,2.4
1644560479428,2.4
1644562279456,3.1
1644564079623,3.5
1644565879612,3.9
1644567679512,3.9
1644569479655,4.8
1644571279696,4.8
1644573079743,6.0
1644574879755,5.6
1644576679867,5.9
1644578479936,5.9
1644580279842,5.8
1644582080010,5.8
1644583880013,5.3
1644585679935,5.3
1644587480056,5.0
1644589280299,5.0
1644591080219,4.7
1644592880269,4.6
1644594680309,3.2
1644596480335,3.2
1644598280343,2.8
1644600080393,2.8
1644601880429,2.7
1644603680347,2.7
1644605480393,3.0
1644607280700,3.0
1644609080566,3.0
1644610880535,3.3
1644612680699,3.5
1644614480693,3.5
1644616280621,3.9
1644618080655,3.9
1644619880661,4.5
1644621680693,5.0
1644623480855,5.4
1644625281072,5.4
1644627080824,4.7
1644628880915,4.7
1644630680779,5.0
1644632481153,5.4
1644634281011,5.5
1644636081137,5.5
1644637880952,5.4
1644639681082,5.4
1644641481156,5.5
1644643281103,5.5
1644645081229,5.4
1644646881277,5.4
1644648681205,6.1
1644650481240,6.1
1644652281099,6.5
1644654081152,6.5
1644655881183,6.9
1644657681345,6.9
1644659481360,7.7
1644661281268,7.7
1644663081432,7.3
1644664881575,7.3
1644666681459,7.7
1644668481577,7.7
1644670281481,7.7
1644672081543,8.2
1644673881560,7.8
1644675681591,7.8
1644677481535,7.9
1644679281616,7.9
1644681081648,8.2
1644682881732,8.1
1644684681713,8.2
1644686481780,8.2
1644688281901,9.2
1644690081988,9.2
1644691881908,8.9
1644693681892,8.9
1644695481840,8.6
1644697281875,9.1
1644699081996,8.3
1644700881911,8.3
1644702682095,8.5
1644704482092,8.5
1644706282067,7.8
1644708082075,7.4
1644709882264,6.9
1644711682167,6.9
1644713482232,7.2
1644715282229,7.2
1644717082213,7.1
1644718882307,7.1
1644720682503,7.1
1644722482281,7.1
1644724282355,7.2
1644726082412,7.2
1644727882453,7.4
1644729682399,7.4
1644731482410,7.3
1644733282456,7.3
1644735082606,6.8
1644736882496,6.8
1644738682676,7.4
1644740482429,7.4
1644742282527,6.7
1644744082431,6.7
1644745882657,6.6
1644747682699,7.1
1644749482507,7.1
1644751282788,7.1
1644753082754,7.1
1644754882744,7.1
1644756682863,7.0
1644758482735,7.1
1644760282831,6.8
1644762082795,6.8
1644763882788,6.3
1644765682754,6.3
1644767482860,5.9
1644769282917,5.9
1644771082899,5.9
1644772883005,5.9
1644774682757,5.2
1644776483043,5.2
1644778282951,5.5
1644780083089,5.5
1644781882989,5.5
1644783683103,5.5
1644785482969,5.1
1644787283063,5.1
1644789083035,5.3
1644790883104,5.3
1644792683164,5.4
1644794483187,5.4
1644796283219,5.6
1644798083217,5.6
1644799883289,5.9
1644801683312,5.9
1644803483284,6.3
1644805283245,6.3
1644807083162,6.2
1644808883308,6.2
1644810683251,5.9
1644812483308,5.9
1644814283201,6.2
1644816083317,6.2
1644817883351,6.5
1644819683248,6.5
1644821483288,6.5
1644823283240,6.5
1644825083299,6.7
1644826883307,6.7
1644828683357,6.0
1644830483303,6.0
1644832283431,6.2
1644834083479,6.2
1644835883413,6.1
1644837683473,6.1
1644839483352,6.0
1644841283475,6.0
1644843083401,6.5
1644844883468,6.5
1644846683464,7.0
1644848483252,7.0
1644850283564,9.3
1644852083542,9.3
1644853883397,8.2
1644855683449,8.2
1644857483481,6.4
1644859283316,6.4
1644861083352,7.6
1644862883416,7.6
1644864683415,7.9
1644866483496,7.8
1644868283384,8.1
1644870083453,8.1
1644871883609,8.9
1644873683468,8.9
1644875483515,7.4
1644877284125,7.4
1644879084476,7.4
1644880884436,7.4
1644882684208,7.7
1644884484188,7.7
1644886284243,6.7
1644888084431,6.7
1644889884235,6.7
1644891684701,7.0
1644893484172,6.5
1644895284128,6.5
1644897084108,5.3
1644898884239,5.3
1644900684229,5.7
1644902484333,5.7
1644904284515,5.9
1644906084378,5.9
1644907884187,6.9
1644909684319,6.9
1644911483707,7.0
1644913283600,7.0
1644915083655,7.0
1644916883615,7.0
1644918683771,7.6
1644920483635,7.6
1644922283562,7.0
1644924083599,7.0
1644925883680,7.0
1644927683663,7.0
1644929483665,6.7
1644931283639,6.8
1644933083627,6.4
1644934883742,6.4
1644936683647,6.3
1644938483555,6.3
1644940283507,5.7
1644942083547,5.7
1644943883537,4.7
1644945683705,4.7
1644947483576,5.7
1644949283699,5.7
1644951083660,6.8
1644952883899,6.8
1644954683901,8.7
1644956484368,8.7
1644958284079,8.3
1644960084195,8.3
1644961884100,7.7
1644963684268,7.7
1644965484333,6.0
1644967284378,6.2
1644969084390,5.7
1644970884317,5.7
1644972684399,5.9
1644974484415,5.9
1644976284496,7.5
1644978084424,7.5
1644979884484,5.5
1644981684588,5.5
1644983484721,5.4
1644985284676,5.4
1644987084743,5.5
1644988884815,5.5
1644990684897,5.0
1644992484987,5.0
1644994284915,4.1
1644996084992,4.1
1644997884925,2.9
1644999685080,2.9
1645001485012,3.6
1645003285119,3.6
1645005085285,4.9
1645006885251,4.9
1645008685440,3.8
1645010485316,3.8
1645012285340,4.5
1645014085627,4.5
1645019486091,6.1
1645021285543,6.1
1645023085552,5.6
1645024885727,5.6
1645026685795,4.1
1645028485811,4.1
1645030285667,3.3
1645032085767,3.3
1645033885861,2.4
1645035685924,2.4
1645037485926,1.5
1645039286491,1.5
1645041085945,4.1
1645042886006,4.1
1645044685980,5.0
1645046486112,5.0
1645048286219,5.2
1645050086214,5.2
1645051886300,5.8
1645053686210,5.8
1645055486353,4.0
1645057286309,4.0
1645059086411,2.8
1645060886451,2.8
1645062686587,3.9
1645064486604,3.9
1645066286625,3.8
1645068086661,3.8
1645069886699,5.0
1645071686552,5.0
1645073486701,5.5
1645075286773,5.5
1645077086784,5.6
1645078886891,5.6
1645080686848,4.2
1645082486795,4.2
1645084286851,4.4
1645086086943,4.4
1645087886983,4.5
1645089687026,4.5
1645091487113,5.8
1645093287147,5.8
1645095087251,6.5
1645096887251,6.5
1645098687180,8.5
1645100487228,8.4
1645102287359,9.4
1645104087248,9.4
1645105887409,8.5
1645107687273,8.5
1645109487389,7.7
1645111287487,7.7
1645113087444,7.7
1645114888543,7.7
1645116687417,6.3
1645118487471,6.3
1645120287606,5.3
1645122087680,5.3
1645123887647,4.9
1645125687699,4.9
1645127487688,6.0
1645129287759,6.0
1645131087735,6.6
1645132887821,6.6
1645134687786,7.2
1645136487889,7.2
1645138287884,8.0
1645140087867,8.0
1645141887964,8.1
1645143687877,8.1
1645145487970,8.7
1645147288005,8.7
1645149088080,9.2
1645150888139,9.2
1645152688155,9.3
1645154488019,9.3
1645156288020,9.4
1645158088135,9.4
1645159888207,7.2
1645161688128,7.0
1645163488284,5.7
1645165288329,5.7
1645167088337,4.5
1645168888459,4.5
1645170688456,6.0
1645172488448,6.0
1645174288459,6.4
1645176088369,6.4
1645177888464,5.7
1645179688565,5.7
1645181488676,4.4
1645183288591,4.4
1645185088595,4.0
1645186888611,4.0
1645188688631,3.8
1645189447693,3.8
1645191247459,5.6
1645193047508,5.6
1645194847580,6.7
1645196647636,6.4
1645198447616,8.3
1645200247709,8.3
1645202047647,10.5
1645203847739,10.5
1645205647727,7.1
1645207447819,9.2
1645209247903,5.4
1645211047887,5.4
1645212848023,5.0
1645214648065,5.0
1645216448096,5.2
1645218248185,5.2
1645220048376,5.0
1645221848364,5.0
1645223648252,4.7
1645225448527,4.7
1645227248300,5.9
1645229048415,5.9
1645230848521,7.2
1645232648776,7.2
1645234448624,10.5
1645236248714,10.5
1645238048755,10.2
1645239848813,10.2
1645241648681,11.2
1645243448894,11.2
1645245248939,8.8
1645247048867,8.8
1645248848887,6.2
1645250648973,6.2
1645252449004,5.0
1645254249103,5.0
1645256049059,3.9
1645257849059,4.0
1645259649036,4.7
1645261449243,4.7
1645263249180,6.0
1645265049360,6.0
1645266849323,7.1
1645268649373,7.1
1645270449437,5.9
1645272249647,5.9
1645274049513,5.8
1645275849539,5.8
1645277649513,7.6
1645279449675,7.6
1645281249683,5.9
1645283049722,5.9
1645284849707,6.3
1645286649843,6.3
1645288449811,6.6
1645290249793,6.6
1645292049916,4.8
1645293849887,4.8
1645295649983,6.5
1645297450005,6.5
1645299249953,6.2
1645301050213,6.2
1645302850132,7.1
1645304650176,7.1
1645306450239,6.6
1645308250272,6.6
1645310050279,5.4
1645311850417,5.4
1645313650323,4.7
1645315450516,4.7
1645317250488,5.0
1645319050506,5.0
1645320850488,4.1
1645322650625,4.1
1645324450509,3.4
1645326250705,3.4
1645328050657,2.7
1645329850747,2.7
1645331650744,2.9
1645333450796,2.9
1645335250768,2.9
1645337050835,2.9
1645338850843,2.7
1645340650791,2.7
1645342450965,2.5
1645344250963,2.9
1645346050961,3.2
1645347850942,3.2
1645349651057,4.2
1645351451156,4.2
1645353251044,5.4
1645355051105,5.4
1645356851264,6.1
1645358651360,6.1
1645360451261,6.7
1645362251340,6.7
1645364051249,8.4
1645365851363,8.4
1645367651289,7.3
1645369451387,7.3
1645371251283,5.7
1645373051474,5.7
1645374851507,5.9
1645376651411,5.9
1645378451567,6.3
1645380251516,5.6
1645382051597,4.5
1645383851596,4.5
1645385651827,4.4
1645387451643,4.4
1645389251723,3.0
1645391051660,3.5
1645392851718,2.5
1645394651609,2.5
1645396451837,1.9
1645398251921,1.9
1645400051716,1.2
1645401851812,1.1
1645403651742,1.7
1645405451851,1.7
1645407251832,6.1
1645409051958,6.1
1645410851847,6.3
1645412652015,6.3
1645414452064,6.9
1645416252003,6.9
1645418052059,6.8
1645419852149,6.8
1645421652071,6.3
1645423452239,6.3
1645425252100,7.1
1645427052225,7.1
1645428852240,6.8
1645430652430,6.8
1645432452176,11.0
1645434252268,11.0
1645436052240,10.6
1645437852471,10.6
1645439652263,10.8
1645441452385,10.8
1645443252316,10.1
1645445052512,10.1
1645446852368,9.1
1645448652535,9.1
1645450452373,8.3
1645452252520,8.3
1645454052503,8.0
1645455852698,8.1
1645457652545,7.4
1645459452767,7.4
1645461252640,5.5
1645463052681,5.5
1645464852516,3.8
1645466652600,3.8
1645468452684,3.3
1645470252727,3.3
1645472052708,2.7
1645473852799,2.7
1645475652743,2.8
1645477452796,2.8
1645479252729,3.0
1645481052856,3.0
1645482852749,3.3
1645484653024,3.3
1645486452884,3.2
1645488252848,3.2
1645490052832,2.7
1645491852837,2.7
1645493652911,2.6
1645495452953,2.6
1645497252856,2.8
1645499053029,3.0
1645500852976,2.3
1645502653032,2.3
1645504452980,2.3
1645506252931,2.3
1645508053084,1.6
1645509853023,1.6
1645511652916,1.0
1645513453136,1.0
1645515253025,1.0
1645517053025,1.0
1645518853078,0.9
1645520653204,0.9
1645522453107,1.5
1645524253112,1.5
1645526053026,2.7
1645527853236,2.7
1645529653147,4.0
1645531453195,4.0
1645533253221,3.6
1645535053181,3.6
1645536853212,3.2
1645538653180,3.2
1645540453203,3.9
1645542253179,3.9
1645544053203,5.1
1645545853327,5.1
1645547653237,4.6
1645549453268,4.6
1645551253201,4.7
1645553053287,4.7
1645554853331,4.8
1645556653344,4.8
1645558453239,5.2
1645560253427,5.2
1645562053321,10.0
1645563853331,10.0
1645565653340,10.3
1645567453393,10.3
1645569253375,10.3
1645571053301,10.3
1645572853272,9.2
1645574653273,9.2
1645576453379,8.2
1645578253392,8.2
1645580053415,9.2
1645581853376,9.2
1645583653400,9.7
1645585453567,9.7
1645587253471,7.8
1645589053439,7.8
1645590853309,7.3
1645592653584,7.3
1645594453381,6.9
1645596253443,6.9
1645598053428,6.1
1645599853394,6.1
1645601653436,6.4
1645603453418,6.4
1645605253384,5.0
1645607053545,5.0
1645608853503,6.1
1645610653737,6.1
1645612453684,6.9
1645614253511,6.9
1645616053447,6.2
1645617853505,6.2
1645619653371,6.5
1645621453387,6.5
1645623253459,6.8
1645625053657,6.8
1645626853500,7.6
1645628653436,7.6
1645630453475,8.0
1645632253559,8.0
1645634053436,8.0
1645635853576,8.4
1645637653579,7.9
1645639453775,7.9
1645641253741,8.4
1645643053896,8.4
1645644853888,9.2
1645646654044,9.2
1645648453944,9.8
1645650254020,9.8
1645652053917,9.8
1645653854033,9.8
1645655654044,10.3
1645657454339,10.3
1645659254212,10.3
1645661054350,10.7
1645662854317,10.5
1645664654380,10.5
1645666454416,10.1
1645668254416,10.1
1645670054505,9.9
1645671854551,9.9
1645673654533,8.9
1645675454735,8.9
1645677254749,8.8
1645679054791,8.8
1645680854692,5.2
1645682654827,5.2
1645684454731,4.2
1645686254863,4.2
1645688054844,5.0
1645689854983,5.0
1645691654873,5.7
1645693455268,5.7
1645695255159,7.2
1645697055101,7.2
1645698855105,6.1
1645700655309,6.1
1645702455271,5.2
1645704255187,5.2
1645706055164,4.1
1645707855376,4.1
1645709655411,3.4
1645711455496,3.4
1645713255376,3.5
1645715055428,3.5
1645716855453,3.3
1645718655687,3.3
1645720455652,2.6
1645722255615,2.6
1645724055628,3.7
1645725855883,3.7
1645727655700,4.6
1645729456127,4.6
1645731255904,4.6
1645733055909,4.6
1645734855949,5.2
1645736656152,5.2
1645738456076,4.3
1645740256209,4.3
1645742055997,4.8
1645743856205,4.9
1645745656099,5.1
1645747456168,5.1
1645749256264,4.1
1645751056271,4.1
1645752856331,5.1
1645754656503,5.1
1645756456460,4.8
1645758256449,4.8
1645760056455,4.5
1645761856559,4.5
1645763656484,4.5
1645765456547,4.5
1645767256617,6.0
1645769056556,6.2
1645770856735,5.6
1645772656725,5.6
1645774456620,5.4
1645776256852,5.4
1645778056815,5.0
1645779856884,5.0
1645781656820,6.1
1645783456915,6.1
1645785256940,4.6
1645787056987,4.6
1645788856889,6.1
1645790656931,6.1
1645792457005,7.1
1645794257008,7.1
1645796056990,7.3
1645797857065,7.3
1645799657131,7.2
1645801457111,7.2
1645803257141,6.3
1645805057355,6.3
1645806857075,5.0
1645808657381,5.0
1645810457206,4.0
1645812257375,4.0
1645814057345,3.3
1645815857282,3.3
1645817657426,3.3
1645819457413,3.3
1645821257367,3.2
1645823057513,3.2
1645824857527,3.4
1645826657660,3.4
1645828457485,2.1
1645830257557,2.9
1645832057639,1.9
1645833857673,1.9
1645835657713,2.1
1645837457712,2.1
1645839257733,1.9
1645841057792,1.9
1645842857693,1.4
1645844657669,1.4
1645846457860,1.2
1645848257957,1.2
1645850057908,1.1
1645851857835,1.1
1645853657887,0.9
1645855457983,0.9
1645857257969,1.2
1645859058025,1.2
1645860858008,1.2
1645862658055,1.2
1645864458027,2.1
1645866258044,2.1
1645868057956,2.8
1645869858167,2.8
1645871658071,2.4
1645873458015,2.4
1645875258045,2.6
1645877058148,2.6
1645878858259,2.4
1645880658332,2.4
1645882458203,2.2
1645884258273,2.2
1645886058331,1.9
1645887858345,1.9
1645889658318,1.2
1645891458481,1.2
1645893258258,1.5
1645895058368,1.5
1645896858376,1.7
1645898658470,1.7
1645900458396,1.9
1645902258372,1.9
1645904058521,1.8
1645905858568,1.8
1645907658411,1.8
1645909458676,1.8
1645911258605,2.1
1645913058615,2.1
1645914858516,2.3
1645916658790,2.2
1645918458664,2.3
1645920258639,2.3
1645922058665,2.1
1645923858759,2.1
1645925658640,2.0
1645927458778,2.0
1645929258745,1.9
1645931058735,1.9
1645932858775,2.3
1645934658843,2.3
1645936458829,2.6
1645938258895,2.6
1645940058831,2.6
1645941858847,2.6
1645943658977,2.9
1645945458969,2.9
1645947258964,3.3
1645949058960,3.3
1645950858837,3.7
1645952658953,3.7
1645954458933,3.9
1645956258907,3.9
1645958058899,4.1
1645959859048,4.1
1645963459096,3.8
1645965259092,3.3
1645967060066,3.3
1645968858996,3.5
1645970659092,3.5
1645972458979,3.3
1645974259031,3.3
1645976059089,2.5
1645977859127,2.5
1645979659071,2.5
1645981459148,2.5
1645983259215,2.8
1645985059253,2.8
1645986859140,3.3
1645988659111,3.3
1645990459321,3.1
1645992259252,3.1
1645994059127,2.8
1645995859209,2.8
1645997659312,3.1
1645999459285,3.1
1646001259247,3.6
1646003059555,3.6
1646004859161,3.6
1646006659253,3.6
1646008459221,3.8
1646010259439,3.8
1646012059297,4.4
1646013859352,4.4
1646015659231,4.5
1646017459384,4.5
1646019259233,4.4
1646021059359,4.4
1646022859269,3.3
1646024659473,3.9
1646026459415,3.2
1646028259512,3.2
1646030059449,3.4
1646031859438,3.4
1646033659407,4.2
1646035459551,4.2
1646037259340,5.0
1646039059533,5.0
1646040859388,5.0
1646042659535,5.0
1646044459552,5.4
1646046259589,5.4
1646048059528,5.7
1646049859620,5.7
1646051659428,5.8
1646053459593,5.8
1646055259512,6.0
1646057059599,6.0
1646058859552,5.7
1646060659635,5.7
1646062459475,4.8
1646064259663,4.8
1646066059468,4.1
1646067859617,4.1
1646069659440,4.2
1646071459640,4.2
1646073259636,4.2
1646075059708,4.2
1646076860055,4.7
1646078659659,4.7
1646080459593,4.7
1646082259577,4.7
1646084059611,4.4
1646085859751,4.4
1646087659705,4.3
1646089459837,4.3
1646091260440,4.3
1646093060096,4.3
1646094859980,4.4
1646096659954,4.4
1646098459943,4.3
1646100260133,4.3
1646102060083,4.6
1646103860097,4.6
1646105660259,5.0
1646107460254,5.0
1646109260309,4.9
1646111060348,5.2
1646112860423,5.1
1646114660443,5.1
1646116460447,4.8
1646118260563,4.8
1646120060676,3.8
1646121860676,3.8
1646123661904,3.0
1646125460821,3.0
1646127260710,3.0
1646129060860,3.0
1646130860924,3.1
1646132660875,3.1
1646134460885,2.9
1646136261144,2.9
1646138060947,3.0
1646139861075,3.0
1646141661124,3.7
1646143461301,3.7
1646145261208,3.1
1646147061349,3.1
1646148861296,2.5
1646150661331,2.5
1646152462716,1.7
1646154261375,1.7
1646156061352,1.9
1646157861444,1.9
1646159661456,2.1
1646161461559,2.1
1646163261604,2.0
1646165061664,2.0
1646166861548,2.0
1646168661780,2.0
1646170461657,1.9
1646172261891,1.9
1646174061691,1.8
1646175861868,1.8
1646177661938,1.8
1646179461969,1.8
1646181262033,1.7
1646183062113,1.7
1646184862064,1.6
1646186662187,1.6
1646188462196,1.9
1646190262264,1.9
1646192062136,2.1
1646193862299,2.1
1646195662331,2.3
1646197462360,2.3
1646199262407,2.2
1646201062376,2.2
1646202862524,2.0
1646204662412,2.0
1646206462475,1.9
1646208262565,2.1
1646210062595,2.1
1646211862669,2.1
1646213662585,2.4
1646215463155,2.4
1646217262717,2.4
1646219062648,2.6
1646220862854,2.6
1646222662812,2.6
1646224462828,2.8
1646226262821,2.8
1646228062995,2.9
1646229863009,2.9
1646231662961,3.0
1646233463074,3.0
1646235262950,3.0
1646237063156,3.0
1646238863117,2.9
1646240663227,2.9
1646242463117,2.9
1646244264297,3.0
1646246063337,2.2
1646247863369,2.2
1646249663341,1.9
1646251463325,1.9
1646253263356,2.1
1646255063469,2.1
1646256863508,2.2
1646258663539,2.2
1646260463551,1.3
1646262263738,1.3
1646264063618,1.1
1646265863672,1.1
1646267663646,1.0
1646269463732,1.0
1646271263659,0.7
1646273063790,0.7
1646274863839,1.0
1646276663847,1.0
1646278463747,1.6
1646280263821,1.6
1646282063921,1.9
1646283864071,1.9
1646285663950,2.4
1646287463920,2.4
1646289263939,2.7
1646291064171,2.7
1646292864031,2.3
1646294664077,2.3
