1639054800000,0.01
1639058400000,0.0
1639058400000,0.0
1639062000000,0
1639062000000,0
1639065600000,0
1639065600000,0
1639069200000,0
1639069200000,0
1639072800000,0
1639072800000,0
1639076400000,0
1639076400000,0
1639080000000,0
1639080000000,0
1639083600000,0
1639083600000,0
1639087200000,0
1639087200000,0
1639090800000,0
1639090800000,0
1639094400000,0
1639094400000,0
1639098000000,0
1639098000000,0
1639101600000,0
1639101600000,0
1639105200000,0
1639105200000,0
1639108800000,0
1639108800000,0
1639112400000,0
1639112400000,0
1639116000000,0
1639116000000,0
1639119600000,0
1639119600000,0
1639123200000,0.01
1639123200000,0.02
1639126800000,0.03
1639126800000,0.03
1639129290467,0.04
1639131090545,0.04
1639132890563,0.07
1639134690727,0.07
1639136490834,0.03
1639138290730,0.03
1639140090684,0.02
1639141890743,0.02
1639143690765,0.0
1639145490886,0.0
1639147290843,0.0
1639149090939,0.0
1639150890837,0.0
1639152691130,0.0
1639154490940,0.0
1639156291035,0.0
1639158090981,0.0
1639159891183,0.0
1639161691034,0.0
1639163491102,0.0
1639165291158,0.0
1639167091310,0.0
1639168891240,0.0
1639170691393,0.0
1639172491303,0.0
1639174291484,0.0
1639176091423,0.0
1639177891548,0.0
1639179691618,0.0
1639181491622,0.0
1639183291499,0.0
1639185091696,0.0
1639186891576,0.0
1639188691613,0.0
1639190491741,0.0
1639192291784,0.0
1639194091778,0.0
1639195891820,0.0
1639197691808,0.0
1639199491890,0.0
1639201291980,0.0
1639203092044,0.0
1639204891965,0.0
1639206691962,0.0
1639208492030,0.01
1639210292170,0.01
1639212092081,0.03
1639213892192,0.03
1639215692271,0.04
1639217492271,0.04
1639219292266,0.03
1639221092275,0.03
1639222892353,0.03
1639224692324,0.03
1639226492388,0.03
1639228292464,0.03
1639230092498,0.0
1639231892460,0.0
1639233692405,0.0
1639235492513,0.0
1639237292458,0.0
1639239092597,0.0
1639240892474,0.0
1639242692636,0.0
1639244492647,0.0
1639246292674,0.0
1639248092617,0.0
1639249892768,0.0
1639251692785,0.0
1639253492745,0.0
1639255292654,0.0
1639257092826,0.0
1639258892836,0.0
1639260692786,0.0
1639262492828,0.0
1639264292906,0.0
1639266092986,0.0
1639267892981,0.0
1639269692984,0.0
1639271492994,0.0
1639273292936,0.0
1639275093124,0.0
1639276893005,0.0
1639278693047,0.0
1639280493135,0.0
1639282293171,0.0
1639284093184,0.0
1639285893164,0.0
1639287693097,0.0
1639289493339,0.0
1639291293341,0.0
1639293093372,0.0
1639294893302,0.0
1639296693337,0.0
1639298493432,0.01
1639300293426,0.01
1639302093389,0.02
1639303893454,0.02
1639305693479,0.02
1639307493521,0.02
1639309293358,0.01
1639311093548,0.01
1639312893481,0.01
1639314693611,0.01
1639316493520,0.0
1639318293664,0.0
1639320093606,0.0
1639321893591,0.0
1639323693541,0.0
1639325493779,0.0
1639327293671,0.0
1639329093752,0.0
1639330893613,0.0
1639334493705,0.0
1639336293793,0.0
1639338093695,0.0
1639339893793,0.0
1639341693818,0.0
1639343493843,0.0
1639345293809,0.0
1639347093841,0.0
1639348893864,0.0
1639350693911,0.0
1639352493908,0.0
1639354293977,0.0
1639356093971,0.0
1639357894043,0.0
1639359693905,0.0
1639361494012,0.0
1639363293967,0.0
1639365094059,0.0
1639366894147,0.0
1639368693998,0.0
1639370494031,0.0
1639372294128,0.0
1639374094022,0.0
1639375894106,0.0
1639377694119,0.0
1639379494105,0.0
1639381294039,0.01
1639383094084,0.01
1639384894176,0.03
1639386694345,0.03
1639388494084,0.03
1639390294212,0.03
1639392094087,0.02
1639393894252,0.02
1639395694249,0.01
1639397494302,0.01
1639399294281,0.0
1639401094306,0.0
1639402894238,0.0
1639404694255,0.0
1639406494207,0.0
1639408294299,0.0
1639410094239,0.0
1639411894315,0.0
1639413694410,0.0
1639415494327,0.0
1639417294317,0.0
1639419094389,0.0
1639420894323,0.0
1639422694340,0.0
1639424494349,0.0
1639426294319,0.0
1639428094285,0.0
1639429894344,0.0
1639431694418,0.0
1639433494334,0.0
1639435294468,0.0
1639437094494,0.0
1639438894509,0.0
1639440694494,0.0
1639442494450,0.0
1639444294502,0.0
1639446094475,0.0
1639447894426,0.0
1639449694384,0.0
1639451494489,0.0
1639453294473,0.0
1639455094474,0.0
1639456894525,0.0
1639458694637,0.0
1639460494573,0.0
1639462294608,0.0
1639464094475,0.0
1639465894495,0.0
1639467694566,0.01
1639469494560,0.01
1639471294565,0.03
1639473094585,0.03
1639474894772,0.03
1639476694602,0.03
1639478494552,0.03
1639480294974,0.03
1639482094758,0.04
1639483894853,0.04
1639485694486,0.03
1639487494606,0.03
1639489294545,0.0
1639491094600,0.0
1639492894562,0.0
1639494694587,0.0
1639496494642,0.0
1639498294732,0.0
1639500094710,0.0
1639501894863,0.0
1639503694799,0.0
1639505494961,0.0
1639507294904,0.0
1639509094896,0.0
1639510894997,0.0
1639512695120,0.0
1639514495039,0.0
1639516295202,0.0
1639518095218,0.0
1639519895344,0.0
1639521695307,0.0
1639523495444,0.0
1639525295400,0.0
1639527095408,0.0
1639528895522,0.0
1639530695532,0.0
1639532495672,0.0
1639534295683,0.0
1639536095779,0.0
1639537895843,0.0
1639539695789,0.0
1639541495934,0.0
1639543295816,0.0
1639545096024,0.0
1639546896027,0.0
1639548696063,0.0
1639550496100,0.0
1639552296071,0.0
1639554096099,0.01
1639555896300,0.01
1639557696141,0.03
1639559496274,0.03
1639561296263,0.03
1639563096373,0.03
1639564896463,0.04
1639566696583,0.04
1639568496548,0.03
1639570296726,0.03
1639572096628,0.02
1639573896874,0.02
1639575696595,0.0
1639577496819,0.0
1639579296782,0.0
1639581096822,0.0
1639582896808,0.0
1639584696949,0.0
1639586496931,0.0
1639588296989,0.0
1639590097061,0.0
1639591897077,0.0
1639593697088,0.0
1639595497194,0.0
1639597297129,0.0
1639599097134,0.0
1639600897251,0.0
1639602697303,0.0
1639604497302,0.0
1639606297431,0.0
1639608097472,0.0
1639609897524,0.0
1639611697461,0.0
1639613497586,0.0
1639615297519,0.0
1639617097634,0.0
1639618897678,0.0
1639620697613,0.0
1639622497746,0.0
1639624297839,0.0
1639626097821,0.0
1639627897825,0.0
1639629697899,0.0
1639631497990,0.0
1639633297964,0.0
1639635098122,0.0
1639636898073,0.0
1639638698682,0.0
1639640497985,0.02
1639642298584,0.02
1639644099598,0.03
1639645898272,0.03
1639647698286,0.03
1639649498317,0.03
1639651298316,0.03
1639653098307,0.03
1639654898453,0.03
1639656698508,0.03
1639658498393,0.02
1639660298423,0.02
1639662098542,0.0
1639663898581,0.0
1639665698468,0.0
1639667498824,0.0
1639669298613,0.0
1639671098612,0.0
1639672898611,0.0
1639674698649,0.0
1639676498607,0.0
1639678298679,0.0
1639680098754,0.0
1639681898810,0.0
1639683698791,0.0
1639685498763,0.0
1639687298865,0.0
1639689098803,0.0
1639690898778,0.0
1639692698809,0.0
1639694498929,0.0
1639696298939,0.0
1639698099025,0.0
1639699899049,0.0
1639701698997,0.0
1639703498993,0.0
1639705299080,0.0
1639707099046,0.0
1639708899003,0.0
1639710699059,0.0
1639712499094,0.0
1639714299134,0.0
1639716099117,0.0
1639717899194,0.0
1639719699262,0.0
1639721499304,0.0
1639723299343,0.0
1639725099345,0.0
1639726899173,0.01
1639728699176,0.01
1639730499229,0.03
1639732299371,0.03
1639734099148,0.03
1639735899369,0.03
1639737699304,0.03
1639739499366,0.03
1639741299373,0.03
1639743099417,0.03
1639744899459,0.02
1639746699534,0.02
1639748499394,0.0
1639750299614,0.0
1639752099478,0.0
1639753899499,0.0
1639755699556,0.0
1639757499574,0.0
1639759299521,0.0
1639761099671,0.0
1639762899625,0.0
1639764699624,0.0
1639766499693,0.0
1639768299711,0.0
1639770099593,0.0
1639771899717,0.0
1639773699776,0.0
1639775499740,0.0
1639777299780,0.0
1639779099821,0.0
1639780899826,0.0
1639782699812,0.0
1639784499831,0.0
1639786299924,0.0
1639788099787,0.0
1639789899856,0.0
1639791699853,0.0
1639793499894,0.0
1639795299918,0.0
1639797099986,0.0
1639798899970,0.0
1639800699895,0.0
1639802499875,0.0
1639804300058,0.0
1639806099971,0.0
1639807900045,0.0
1639809700039,0.0
1639811500025,0.0
1639813299985,0.02
1639815100096,0.02
1639816900032,0.03
1639818700162,0.03
1639820501054,0.03
1639822301711,0.03
1639824101129,0.03
1639825901159,0.03
1639827701512,0.03
1639829500933,0.03
1639831301361,0.02
1639833101305,0.02
1639834901243,0.01
1639836701241,0.01
1639838501302,0.0
1639840301037,0.0
1639842101265,0.0
1639843901659,0.0
1639845701577,0.0
1639847501798,0.0
1639849301148,0.0
1639851101487,0.0
1639852901706,0.0
1639854701435,0.0
1639856501546,0.0
1639858301154,0.0
1639860101267,0.0
1639861901384,0.0
1639863701676,0.0
1639865501436,0.0
1639867301743,0.0
1639869101161,0.0
1639870900454,0.0
1639872701137,0.0
1639874500957,0.0
1639876300494,0.0
1639878101398,0.0
1639879901496,0.0
1639881700983,0.0
1639883501210,0.0
1639885301472,0.0
1639887100819,0.0
1639888901037,0.0
1639890700592,0.0
1639892500552,0.0
1639894301655,0.0
1639896101576,0.0
1639897901541,0.0
1639899701510,0.02
1639901500654,0.02
1639903300494,0.03
1639905100693,0.03
1639906900729,0.03
1639908700519,0.03
1639910500685,0.03
1639912300518,0.03
1639914100535,0.03
1639915900662,0.03
1639917700643,0.03
1639919500605,0.03
1639921300662,0.01
1639923100618,0.01
1639924900624,0.0
1639926700912,0.0
1639928500712,0.0
1639930300554,0.0
1639932100783,0.0
1639933900687,0.0
1639935700683,0.0
1639937500706,0.0
1639939300719,0.0
1639941100621,0.0
1639942900680,0.0
1639944700710,0.0
1639946500647,0.0
1639948300593,0.0
1639950100585,0.0
1639951900684,0.0
1639953700780,0.0
1639955500740,0.0
1639957300780,0.0
1639959100838,0.0
1639960901017,0.0
1639962700931,0.0
1639964501023,0.0
1639966301017,0.0
1639968101101,0.0
1639969901225,0.0
1639971701185,0.0
1639973501365,0.0
1639975301245,0.0
1639977101232,0.0
1639978901313,0.0
1639980701457,0.0
1639982501352,0.0
1639984301509,0.0
1639986101598,0.02
1639987901560,0.02
1639989701548,0.03
1639991501529,0.03
1639993301615,0.03
1639995101742,0.03
1639996901764,0.03
1639998701728,0.03
1640000501815,0.03
1640002302017,0.03
1640004102209,0.03
1640005901910,0.03
1640007702072,0.01
1640009502187,0.01
1640011302031,0.0
1640013102288,0.0
1640014902215,0.0
1640016702282,0.0
1640018502190,0.0
1640020302389,0.0
1640022102408,0.0
1640023902523,0.0
1640025702464,0.0
1640027502368,0.0
1640029302506,0.0
1640031102609,0.0
1640032902525,0.0
1640034702621,0.0
1640036502559,0.0
1640038302652,0.0
1640040102620,0.0
1640041902811,0.0
1640043702801,0.0
1640045502882,0.0
1640047302861,0.0
1640049102969,0.0
1640050902863,0.0
1640052703102,0.0
1640054503093,0.0
1640056303071,0.0
1640058102982,0.0
1640059903127,0.0
1640061703077,0.0
1640063503191,0.0
1640065303184,0.0
1640067103312,0.0
1640068903189,0.0
1640070703402,0.0
1640072503274,0.01
1640074303482,0.01
1640076103457,0.03
1640077903492,0.03
1640079703481,0.04
1640081503666,0.04
1640083303570,0.03
1640085103708,0.03
1640086903531,0.03
1640088703755,0.03
1640090503710,0.03
1640092303766,0.03
1640094103764,0.0
1640095903823,0.0
1640097703839,0.0
1640099503917,0.0
1640101303857,0.0
1640103103887,0.0
1640104903902,0.0
1640106704036,0.0
1640108504049,0.0
1640110304008,0.0
1640112104162,0.0
1640113904132,0.0
1640115704127,0.0
1640117504269,0.0
1640119304159,0.0
1640121104249,0.0
1640122904276,0.0
1640124704511,0.0
1640126504354,0.0
1640128304270,0.0
1640130104368,0.0
1640131904418,0.0
1640133704365,0.0
1640135504566,0.0
1640137304432,0.0
1640139104630,0.0
1640140904536,0.0
1640142704633,0.0
1640144504634,0.0
1640146304663,0.0
1640148104542,0.0
1640149904708,0.0
1640151704591,0.0
1640153504755,0.0
1640155304833,0.0
1640157104797,0.0
1640158904823,0.0
1640160704854,0.0
1640162504908,0.01
1640164304922,0.01
1640166104917,0.01
1640167904961,0.01
1640169704867,0.01
1640171504923,0.01
1640173305009,0.01
1640175105034,0.01
1640176905077,0.0
1640178705216,0.0
1640180505026,0.0
1640182305216,0.0
1640184105155,0.0
1640185905086,0.0
1640187705237,0.0
1640189505318,0.0
1640191305238,0.0
1640193105294,0.0
1640194905252,0.0
1640196705295,0.0
1640198505324,0.0
1640200305374,0.0
1640202105522,0.0
1640203905380,0.0
1640205705367,0.0
1640207505322,0.0
1640209305336,0.0
1640211105529,0.0
1640212905389,0.0
1640214705500,0.0
1640216505491,0.0
1640218305513,0.0
1640220105630,0.0
1640221905635,0.0
1640223705608,0.0
1640225505629,0.0
1640227305632,0.0
1640229105630,0.0
1640230905676,0.0
1640232705905,0.0
1640234505727,0.0
1640236305821,0.0
1640238105818,0.0
1640239905711,0.0
1640241705788,0.0
1640243505785,0.0
1640245305770,0.0
1640247105828,0.0
1640248905777,0.0
1640250705956,0.0
1640252505918,0.01
1640254305925,0.01
1640256105947,0.01
1640257905979,0.01
1640259706006,0.01
1640261505981,0.01
1640263306031,0.01
1640265106018,0.01
1640266905972,0.0
1640268705994,0.0
1640270506033,0.0
1640272306149,0.0
1640274105944,0.0
1640275906080,0.0
1640277706087,0.0
1640279506058,0.0
1640281306120,0.0
1640283106075,0.0
1640284906126,0.0
1640286706253,0.0
1640288506194,0.0
1640290306269,0.0
1640292106149,0.0
1640293906207,0.0
1640295706340,0.0
1640297506220,0.0
1640299306145,0.0
1640301106301,0.0
1640302906274,0.0
1640304706530,0.0
1640306506333,0.0
1640308306376,0.0
1640310106351,0.0
1640311906375,0.0
1640313706282,0.0
1640315506297,0.0
1640317306288,0.0
1640319106432,0.0
1640320906328,0.0
1640322706402,0.0
1640324506395,0.0
1640326306336,0.0
1640328106521,0.0
1640329906587,0.0
1640331706428,0.01
1640333506522,0.01
1640335306441,0.04
1640337106440,0.04
1640338906483,0.03
1640340706533,0.03
1640342506498,0.03
1640344306610,0.03
1640346106580,0.03
1640347906563,0.03
1640349706421,0.04
1640351506498,0.04
1640353306583,0.01
1640355106595,0.01
1640356906595,0.0
1640358706673,0.0
1640360506578,0.0
1640362306651,0.0
1640364106619,0.0
1640365906648,0.0
1640367706591,0.0
1640369506626,0.0
1640371306640,0.0
1640373106652,0.0
1640374906630,0.0
1640376706687,0.0
1640378506634,0.0
1640380306717,0.0
1640382106513,0.0
1640383906686,0.0
1640385706549,0.0
1640387506662,0.0
1640389306615,0.0
1640391106678,0.0
1640392906567,0.0
1640394706614,0.0
1640396506648,0.0
1640398306674,0.0
1640400106722,0.0
1640401906663,0.0
1640403706669,0.0
1640405506825,0.0
1640407306598,0.0
1640409106635,0.0
1640410906761,0.0
1640412706744,0.0
1640414506778,0.0
1640416306975,0.0
1640418106845,0.02
1640419906970,0.02
1640421706947,0.03
1640423507071,0.03
1640425307036,0.03
1640427107081,0.03
1640428907227,0.03
1640430707253,0.03
1640432507202,0.03
1640434307382,0.03
1640436107913,0.04
1640437907380,0.04
1640439707404,0.01
1640441507588,0.01
1640443307558,0.0
1640445107642,0.0
1640446907672,0.0
1640448707740,0.0
1640450507771,0.0
1640452307841,0.0
1640454107836,0.0
1640455907932,0.0
1640457707999,0.0
1640459507959,0.0
1640461307964,0.0
1640463108066,0.0
1640464908156,0.0
1640466708286,0.0
1640468508354,0.0
1640470308382,0.0
1640472108274,0.0
1640473908450,0.0
1640475708425,0.0
1640477508423,0.0
1640479308623,0.0
1640481108592,0.0
1640482908747,0.0
1640484708711,0.0
1640486508699,0.0
1640488308614,0.0
1640490108842,0.0
1640491908945,0.0
1640493708909,0.0
1640495509042,0.0
1640497308925,0.0
1640499108949,0.0
1640500908922,0.0
1640502709066,0.0
1640504509040,0.02
1640506309099,0.02
1640508109109,0.03
1640509909085,0.03
1640511709195,0.03
1640513509242,0.03
1640515309157,0.03
1640517109234,0.03
1640518909299,0.03
1640520709401,0.03
1640522509347,0.04
1640524309490,0.04
1640526109418,0.01
1640527909518,0.01
1640529709518,0.0
1640531509515,0.0
1640533309564,0.0
1640535109716,0.0
1640536909731,0.0
1640538709704,0.0
1640540509708,0.0
1640542309864,0.0
1640544109752,0.0
1640545909832,0.0
1640547709954,0.0
1640549509906,0.0
1640551309910,0.0
1640553109935,0.0
1640554910040,0.0
1640556710100,0.0
1640558510092,0.0
1640560310094,0.0
1640562110123,0.0
1640563910146,0.0
1640565710096,0.0
1640567510299,0.0
1640569310316,0.0
1640571110290,0.0
1640572910392,0.0
1640574710397,0.0
1640576510403,0.0
1640578310517,0.0
1640580110525,0.0
1640581910467,0.0
1640583710633,0.0
1640585510505,0.0
1640587310562,0.0
1640589110686,0.0
1640590910651,0.01
1640592710692,0.01
1640594510636,0.02
1640596310695,0.02
1640598110626,0.03
1640599910757,0.03
1640601710786,0.03
1640603510818,0.03
1640605310890,0.03
1640607110874,0.03
1640608910814,0.02
1640610710938,0.02
1640612510939,0.0
1640614311077,0.0
1640616111007,0.0
1640617910992,0.0
1640619711033,0.0
1640621511130,0.0
1640623311167,0.0
1640625111109,0.0
1640626911168,0.0
1640628711279,0.0
1640630511243,0.0
1640632311169,0.0
1640634111315,0.0
1640635911287,0.0
1640637711346,0.0
1640639511334,0.0
1640641311351,0.0
1640643111445,0.0
1640644911325,0.0
1640646711470,0.0
1640648511401,0.0
1640650311541,0.0
1640652111418,0.0
1640653911531,0.0
1640655711625,0.0
1640657511618,0.0
1640659311645,0.0
1640661111588,0.0
1640662911647,0.0
1640664711642,0.0
1640666511669,0.0
1640668311640,0.0
1640670111779,0.0
1640671911669,0.0
1640673711785,0.0
1640675511759,0.0
1640677311837,0.0
1640679111759,0.0
1640680911899,0.0
1640682711922,0.0
1640684511890,0.01
1640686311882,0.01
1640688111972,0.01
1640689911889,0.01
1640691711950,0.01
1640693511938,0.01
1640695311920,0.0
1640697111925,0.0
1640698912032,0.0
1640700712015,0.0
1640702512118,0.0
1640704312131,0.0
1640706112087,0.0
1640707912088,0.0
1640709712132,0.0
1640711512141,0.0
1640713312115,0.0
1640715112144,0.0
1640716912154,0.0
1640718712297,0.0
1640720512284,0.0
1640722312240,0.0
1640724112239,0.0
1640725912296,0.0
1640727712259,0.0
1640729512318,0.0
1640731312301,0.0
1640733112358,0.0
1640734912325,0.0
1640736712345,0.0
1640738512378,0.0
1640740312377,0.0
1640742112393,0.0
1640743912407,0.0
1640745712472,0.0
1640747512523,0.0
1640749312414,0.0
1640751112496,0.0
1640752912577,0.0
1640754712524,0.0
1640756512603,0.0
1640758312503,0.0
1640760112534,0.0
1640761912608,0.0
1640763712623,0.01
1640765512660,0.01
1640767312547,0.03
1640769112662,0.03
1640770912533,0.03
1640772712712,0.03
1640774512717,0.04
1640776312618,0.04
1640778112698,0.03
1640779912744,0.03
1640781712576,0.03
1640783512720,0.03
1640785312682,0.01
1640787112596,0.01
1640788912913,0.0
1640790712799,0.0
1640792512748,0.0
1640794312761,0.0
1640796112721,0.0
1640797912668,0.0
1640799712796,0.0
1640801512781,0.0
1640803312801,0.0
1640805112738,0.0
1640806912796,0.0
1640808712838,0.0
1640810512704,0.0
1640812312877,0.0
1640814112820,0.0
1640815912901,0.0
1640817712841,0.0
1640819512778,0.0
1640821312868,0.0
1640823112869,0.0
1640824912895,0.0
1640826712868,0.0
1640828512859,0.0
1640830313121,0.0
1640832112860,0.0
1640833912947,0.0
1640835712796,0.0
1640837512916,0.0
1640839312926,0.0
1640841113018,0.0
1640842912817,0.0
1640844712843,0.0
1640846512843,0.0
1640848312986,0.0
1640850112866,0.0
1640851912845,0.0
1640853712974,0.01
1640855512877,0.01
1640857312805,0.03
1640859112966,0.03
1640860912925,0.03
1640862712940,0.03
1640864512976,0.03
1640866312903,0.03
1640868112966,0.03
1640869913036,0.03
1640871713110,0.01
1640873513165,0.01
1640875313214,0.0
1640877113362,0.0
1640878913277,0.0
1640880713458,0.0
1640882513274,0.0
1640884313388,0.0
1640886113467,0.0
1640887913601,0.0
1640889713561,0.0
1640891513563,0.0
1640893313577,0.0
1640895113721,0.0
1640896913704,0.0
1640898713884,0.0
1640900513713,0.0
1640902313858,0.0
1640904113804,0.0
1640905913834,0.0
1640907713946,0.0
1640909513994,0.0
1640911314089,0.0
1640913114029,0.0
1640914914135,0.0
1640916714159,0.0
1640918514125,0.0
1640920314293,0.0
1640922114277,0.0
1640923914259,0.0
1640925714410,0.0
1640927514401,0.0
1640929314458,0.0
1640931114577,0.0
1640932914480,0.0
1640934714673,0.0
1640936514645,0.0
1640938314553,0.0
1640940114686,0.0
1640941914802,0.0
1640943714795,0.01
1640945514770,0.01
1640947314873,0.01
1640949114842,0.02
1640950914844,0.02
1640952714870,0.02
1640954514966,0.02
1640956315005,0.02
1640958115066,0.01
1640959915094,0.01
1640961715161,0.0
1640963515130,0.0
1640965315151,0.0
1640967115111,0.0
1640968915257,0.0
1640970715249,0.0
1640972515320,0.0
1640974315327,0.0
1640976115419,0.0
1640977915386,0.0
1640979715427,0.0
1640981515455,0.0
1640983315514,0.0
1640985115521,0.0
1640986915573,0.0
1640988715630,0.0
1640990515675,0.0
1640992315691,0.0
1640994115726,0.0
1640995915728,0.0
1640997715819,0.0
1640999515895,0.0
1641001315892,0.0
1641003115934,0.0
1641004915954,0.0
1641006716044,0.0
1641008515942,0.0
1641010315952,0.0
1641012116057,0.0
1641013916157,0.0
1641015716152,0.0
1641017516256,0.0
1641019316229,0.0
1641021116293,0.0
1641022916283,0.01
1641024716248,0.01
1641026516281,0.02
1641028316464,0.02
1641030116344,0.03
1641031916321,0.02
1641033716383,0.02
1641035516354,0.02
1641037316356,0.01
1641039116561,0.01
1641040916539,0.01
1641042716647,0.01
1641044516618,0.0
1641046316580,0.0
1641048116529,0.0
1641049916807,0.0
1641051716628,0.0
1641053516893,0.0
1641055316901,0.0
1641057116849,0.0
1641058916862,0.0
1641060716969,0.0
1641062516884,0.0
1641064316898,0.0
1641066116962,0.0
1641067916907,0.0
1641069716967,0.0
1641071517057,0.0
1641073317025,0.0
1641075117059,0.0
1641076917112,0.0
1641078717172,0.0
1641080517090,0.0
1641082317142,0.0
1641084117128,0.0
1641085917193,0.0
1641087717219,0.0
1641089517214,0.0
1641091317239,0.0
1641093117257,0.0
1641094917184,0.0
1641096717338,0.0
1641098517311,0.0
1641100317425,0.0
1641102117394,0.0
1641103917437,0.0
1641105717484,0.0
1641107517481,0.0
1641109317364,0.01
1641111117528,0.01
1641112917482,0.03
1641114717481,0.03
1641116517516,0.03
1641118317489,0.03
1641120117509,0.04
1641121917616,0.05
1641123717535,0.01
1641125517558,0.01
1641127317613,0.0
1641129117670,0.0
1641130917661,0.0
1641132717694,0.0
1641134517675,0.0
1641136317776,0.0
1641138117683,0.0
1641139917771,0.0
1641141717851,0.0
1641143517816,0.0
1641145317769,0.0
1641147117903,0.0
1641148917855,0.0
1641150717785,0.0
1641152518000,0.0
1641154317924,0.0
1641156117820,0.0
1641157917944,0.0
1641159717976,0.0
1641161517986,0.0
1641163317900,0.0
1641165117904,0.0
1641166918011,0.0
1641168718101,0.0
1641170518051,0.0
1641172317968,0.0
1641174117978,0.0
1641175918015,0.0
1641177718133,0.0
1641179518160,0.0
1641181318112,0.0
1641183118237,0.0
1641184918163,0.0
1641186718250,0.0
1641188518108,0.0
1641190318258,0.0
1641192118203,0.0
1641193918271,0.0
1641195718078,0.01
1641197518289,0.01
1641199318122,0.01
1641201118298,0.01
1641202918346,0.03
1641204718263,0.03
1641206518321,0.04
1641208318416,0.04
1641210118249,0.03
1641211918365,0.03
1641213718382,0.02
1641215518418,0.02
1641217318310,0.01
1641219118471,0.01
1641220918403,0.0
1641222718499,0.0
1641224519171,0.0
1641226318315,0.0
1641229918299,0.0
1641231718370,0.0
1641233518323,0.0
1641235318456,0.0
1641237118366,0.0
1641238918565,0.0
1641240718491,0.0
1641242518444,0.0
1641244318521,0.0
1641246118469,0.0
1641247918380,0.0
1641249718371,0.0
1641251518427,0.0
1641253318522,0.0
1641255118524,0.0
1641256918515,0.0
1641258718565,0.0
1641260518530,0.0
1641262318625,0.0
1641264118529,0.0
1641265918513,0.0
1641267718609,0.0
1641269518540,0.0
1641271318496,0.0
1641273118652,0.0
1641274918616,0.0
1641276718585,0.0
1641278518553,0.0
1641280318795,0.0
1641282118511,0.01
1641283918522,0.01
1641285718590,0.03
1641287518602,0.03
1641289318626,0.04
1641291118532,0.04
1641292918542,0.07
1641294718689,0.07
1641296518557,0.03
1641298318647,0.03
1641300118669,0.02
1641301918612,0.02
1641303718610,0.01
1641305518621,0.01
1641307318583,0.0
1641309118560,0.0
1641310918657,0.0
1641312718679,0.0
1641314518618,0.0
1641316318666,0.0
1641318118626,0.0
1641319918642,0.0
1641321718625,0.0
1641323518701,0.0
1641325318766,0.0
1641327118791,0.0
1641328918867,0.0
1641330718758,0.0
1641332518843,0.0
1641334318886,0.0
1641336118907,0.0
1641337918940,0.0
1641339719031,0.0
1641341519066,0.0
1641343318992,0.0
1641345119157,0.0
1641346919220,0.0
1641348719363,0.0
1641350519324,0.0
1641352319302,0.0
1641354119418,0.0
1641355919506,0.0
1641357719481,0.0
1641359519556,0.0
1641361319490,0.0
1641363120815,0.0
1641364921103,0.0
1641366721260,0.0
1641368519714,0.01
1641370319919,0.01
1641372119849,0.03
1641373919844,0.03
1641375719856,0.04
1641377519943,0.04
1641379319985,0.06
1641381120111,0.06
1641382920100,0.03
1641384720208,0.03
1641386520155,0.03
1641388320131,0.03
1641390120325,0.01
1641391920344,0.01
1641393720434,0.0
1641395520507,0.0
1641397320354,0.0
1641399120356,0.0
1641400920408,0.0
1641402720398,0.0
1641404520404,0.0
1641406320662,0.0
1641408120601,0.0
1641409920718,0.0
1641411720597,0.0
1641413520842,0.0
1641415320713,0.0
1641417120927,0.0
1641418920856,0.0
1641420720926,0.0
1641422520926,0.0
1641424321054,0.0
1641426121010,0.0
1641427921873,0.0
1641429721866,0.0
1641431521175,0.0
1641433321237,0.0
1641435121325,0.0
1641436921240,0.0
1641438721252,0.0
1641440521319,0.0
1641442321319,0.0
1641444121390,0.0
1641445921532,0.0
1641447721538,0.0
1641449521476,0.0
1641451321403,0.0
1641453121478,0.0
1641454921477,0.02
1641456721636,0.02
1641458521528,0.03
1641460321631,0.03
1641462121670,0.03
1641463921604,0.03
1641465721792,0.05
1641467521769,0.05
1641469321867,0.03
1641471121850,0.03
1641472921945,0.03
1641474721911,0.03
1641476521964,0.02
1641478322009,0.02
1641480122009,0.0
1641481922068,0.0
1641483722089,0.0
1641485522205,0.0
1641487322187,0.0
1641489122299,0.0
1641490922216,0.0
1641492722260,0.0
1641494522259,0.0
1641496322366,0.0
1641498122325,0.0
1641499922449,0.0
1641501722435,0.0
1641503522370,0.0
1641505322481,0.0
1641507122403,0.0
1641508922597,0.0
1641510722556,0.0
1641512522545,0.0
1641514322621,0.0
1641516122649,0.0
1641517922684,0.0
1641519722729,0.0
1641521522792,0.0
1641523322752,0.0
1641525123000,0.0
1641526922841,0.0
1641528722866,0.0
1641530522914,0.0
1641532322972,0.0
1641534122974,0.0
1641535923038,0.0
1641537723036,0.0
1641539522996,0.0
1641541323066,0.0
1641543123114,0.0
1641544923121,0.01
1641546723040,0.01
1641548523133,0.03
1641550323217,0.03
1641552123117,0.06
1641553923240,0.04
1641555723167,0.02
1641557523270,0.02
1641559323140,0.01
1641561123215,0.01
1641562923324,0.0
1641564723230,0.0
1641566523388,0.0
1641568323347,0.0
1641570123361,0.0
1641571923481,0.0
1641573723488,0.0
1641575523448,0.0
1641577323504,0.0
1641579123416,0.0
1641580923461,0.0
1641582723477,0.0
1641584523639,0.0
1641586323598,0.0
1641588123721,0.0
1641589923792,0.0
1641591723705,0.0
1641593523717,0.0
1641595323748,0.0
1641597123741,0.0
1641598923767,0.0
1641600723749,0.0
1641602523846,0.0
1641604323859,0.0
1641606123769,0.0
1641607923823,0.0
1641609723822,0.0
1641611523951,0.0
1641613323768,0.0
1641615123903,0.0
1641616923787,0.0
1641618723895,0.0
1641620523823,0.0
1641622323867,0.0
1641624123909,0.0
1641625923947,0.0
1641627723962,0.01
1641629523944,0.01
1641631324060,0.03
1641633123915,0.03
1641634923927,0.03
1641636724075,0.03
1641638523973,0.03
1641640323994,0.07
1641642124120,0.03
1641643925056,0.03
1641645724070,0.04
1641647524251,0.04
1641649324043,0.01
1641651124258,0.01
1641652924075,0.0
1641654724194,0.0
1641656524076,0.0
1641658324196,0.0
1641660124116,0.0
1641661924259,0.0
1641663724260,0.0
1641665524416,0.0
1641667324366,0.0
1641669124275,0.0
1641670924294,0.0
1641672724265,0.0
1641674524283,0.0
1641676324236,0.0
1641678124348,0.0
1641679924434,0.0
1641681724298,0.0
1641683524271,0.0
1641685324326,0.0
1641687124411,0.0
1641688924425,0.0
1641690724412,0.0
1641692524407,0.0
1641694324510,0.0
1641696124359,0.0
1641697924399,0.0
1641699724345,0.0
1641701524450,0.0
1641703324486,0.0
1641705124515,0.0
1641706924360,0.0
1641708724705,0.0
1641710524488,0.0
1641712324531,0.0
1641714124531,0.0
1641715924467,0.0
1641717724536,0.0
1641719524605,0.0
1641721324523,0.01
1641723124516,0.01
1641724924522,0.01
1641726724638,0.01
1641728524465,0.01
1641730324617,0.01
1641732124626,0.0
1641733924575,0.0
1641735724621,0.0
1641737524612,0.0
1641739324625,0.0
1641741124633,0.0
1641742924601,0.0
1641744724684,0.0
1641746524591,0.0
1641748324615,0.0
1641750124638,0.0
1641751924642,0.0
1641753724595,0.0
1641755524687,0.0
1641757324694,0.0
1641759124551,0.0
1641760924612,0.0
1641762724580,0.0
1641764524558,0.0
1641766324696,0.0
1641768124588,0.0
1641769924629,0.0
1641771724628,0.0
1641773524623,0.0
1641775324590,0.0
1641777124803,0.0
1641778924677,0.0
1641780724730,0.0
1641782524830,0.0
1641784324884,0.0
1641786124889,0.0
1641787924940,0.0
1641789724925,0.0
1641791525028,0.0
1641793325090,0.0
1641795125199,0.0
1641796925100,0.0
1641798725267,0.0
1641800525217,0.01
1641802325355,0.01
1641804125329,0.03
1641805925451,0.03
1641807725485,0.07
1641809525551,0.07
1641811325565,0.07
1641813125666,0.07
1641814925685,0.06
1641816725690,0.06
1641818525642,0.03
1641820325882,0.03
1641822125770,0.02
1641823925964,0.02
1641825725861,0.0
1641827525959,0.0
1641829325983,0.0
1641831126110,0.0
1641832926302,0.0
1641834726128,0.0
1641836526218,0.0
1641838326355,0.0
1641840126267,0.0
1641841926324,0.0
1641843726489,0.0
1641845526451,0.0
1641847326530,0.0
1641849126450,0.0
1641850926595,0.0
1641852726606,0.0
1641854526598,0.0
1641856326597,0.0
1641858126684,0.0
1641859926682,0.0
1641861726755,0.0
1641863526932,0.0
1641865326879,0.0
1641867126860,0.0
1641868926976,0.0
1641870727057,0.0
1641872526980,0.0
1641874327103,0.0
1641876127108,0.0
1641877927262,0.0
1641879727148,0.0
1641881527128,0.0
1641883327227,0.0
1641885127365,0.0
1641886927283,0.0
1641888727262,0.0
1641890527299,0.01
1641892327475,0.01
1641894127496,0.03
1641895927550,0.03
1641897727542,0.02
1641899527511,0.02
1641901327468,0.02
1641903127789,0.02
1641904927632,0.01
1641906727716,0.01
1641908527764,0.0
1641910327818,0.0
1641912128050,0.0
1641913927929,0.0
1641915727866,0.0
1641917527915,0.0
1641919328008,0.0
1641921128092,0.0
1641922927988,0.0
1641924728158,0.0
1641926528141,0.0
1641928328267,0.0
1641930128201,0.0
1641931928277,0.0
1641933728283,0.0
1641935528243,0.0
1641937328286,0.0
1641939128464,0.0
1641940928316,0.0
1641942728548,0.0
1641944528400,0.0
1641946328573,0.0
1641948128421,0.0
1641949928542,0.0
1641951728587,0.0
1641953528619,0.0
1641955328551,0.0
1641957128742,0.0
1641958928693,0.0
1641960728738,0.0
1641962528768,0.0
1641964328845,0.0
1641966128742,0.0
1641967928760,0.0
1641969728902,0.0
1641971529025,0.0
1641973328989,0.02
1641975129014,0.02
1641976928993,0.03
1641978729094,0.03
1641980529115,0.07
1641982330129,0.07
1641984129163,0.07
1641985929182,0.07
1641987729168,0.06
1641989529355,0.06
1641991329218,0.03
1641993129333,0.03
1641994929217,0.01
1641996729472,0.01
1641998529355,0.0
1642000329327,0.0
1642002129337,0.0
1642003929484,0.0
1642005729419,0.0
1642007529504,0.0
1642009329628,0.0
1642011129541,0.0
1642012929531,0.0
1642014729583,0.0
1642016529535,0.0
1642018329676,0.0
1642020129589,0.0
1642021929838,0.0
1642023729845,0.0
1642025529777,0.0
1642027329696,0.0
1642029129799,0.0
1642030929764,0.0
1642032729887,0.0
1642034529715,0.0
1642036329825,0.0
1642038129841,0.0
1642039929966,0.0
1642041729869,0.0
1642043529965,0.0
1642045329901,0.0
1642047129950,0.0
1642048929973,0.0
1642050729972,0.0
1642052530054,0.0
1642054330010,0.0
1642056129964,0.0
1642057929964,0.0
1642059730136,0.01
1642061532429,0.01
1642063330114,0.02
1642065130157,0.02
1642066930217,0.05
1642068730071,0.05
1642069936414,0.06
1642071736537,0.06
1642073536451,0.06
1642075336875,0.06
1642077136489,0.02
1642078936818,0.02
1642080736613,0.01
1642082536812,0.01
1642084336617,0.0
1642086137082,0.0
1642087936786,0.0
1642089737030,0.0
1642091536958,0.0
1642093337019,0.0
1642095136931,0.0
1642096937335,0.0
1642098736978,0.0
1642100537191,0.0
1642102337234,0.0
1642104137284,0.0
1642105937197,0.0
1642107738023,0.0
1642109537399,0.0
1642111337392,0.0
1642113137419,0.0
1642114937598,0.0
1642116737519,0.0
1642118537741,0.0
1642120337622,0.0
1642122137706,0.0
1642123937880,0.0
1642125737814,0.0
1642127537891,0.0
1642129337834,0.0
1642131137998,0.0
1642132938032,0.0
1642134737852,0.0
1642136538019,0.0
1642138337916,0.0
1642140138155,0.0
1642141938116,0.0
1642143738125,0.0
1642145538127,0.02
1642147338299,0.02
1642149138167,0.03
1642150938787,0.03
1642152738351,0.05
1642154538546,0.05
1642156338326,0.05
1642158138800,0.05
1642159938484,0.05
1642161738909,0.05
1642163538548,0.03
1642165338652,0.03
1642167138663,0.02
1642168938884,0.02
1642170738684,0.0
1642172538982,0.0
1642174338699,0.0
1642176138934,0.0
1642177938888,0.0
1642179739113,0.0
1642181538878,0.0
1642183339087,0.0
1642185139013,0.0
1642186939305,0.0
1642188739121,0.0
1642190539231,0.0
1642192339109,0.0
1642194139352,0.0
1642195939154,0.0
1642197739399,0.0
1642199539285,0.0
1642201339712,0.0
1642203139362,0.0
1642204939556,0.0
1642206739409,0.0
1642208539676,0.0
1642210339545,0.0
1642212139744,0.0
1642213939570,0.0
1642215739608,0.0
1642217539617,0.0
1642219339810,0.0
1642221139588,0.0
1642222939775,0.0
1642224739746,0.0
1642226539834,0.0
1642228339704,0.0
1642230139821,0.0
1642231939869,0.01
1642233740096,0.01
1642235539984,0.03
1642237339968,0.03
1642239140035,0.07
1642240940090,0.07
1642242740142,0.07
1642244540165,0.07
1642246340126,0.06
1642248140155,0.06
1642249940222,0.03
1642251740318,0.03
1642253540271,0.01
1642255340281,0.01
1642257140312,0.0
1642258940423,0.0
1642260740330,0.0
1642262540413,0.0
1642264340384,0.0
1642266140588,0.0
1642267940353,0.0
1642269740570,0.0
1642271540616,0.0
1642273340617,0.0
1642275140604,0.0
1642276940681,0.0
1642278740609,0.0
1642280540799,0.0
1642282340651,0.0
1642284140763,0.0
1642285940678,0.0
1642287741002,0.0
1642289540662,0.0
1642291340797,0.0
1642293140809,0.0
1642294941092,0.0
1642296740864,0.0
1642298540941,0.0
1642300340894,0.0
1642302141011,0.0
1642303941032,0.0
1642305740953,0.0
1642307540917,0.0
1642309341264,0.0
1642311141187,0.0
1642312941298,0.0
1642314741129,0.0
1642316541152,0.0
1642318341158,0.01
1642320141360,0.01
1642321941140,0.02
1642323741389,0.02
1642325541189,0.05
1642327341430,0.05
1642329141293,0.06
1642330941343,0.06
1642332741319,0.06
1642334541417,0.06
1642336341259,0.03
1642338141490,0.03
1642339941435,0.02
1642341741713,0.02
1642343541438,0.0
1642345341686,0.0
1642347141376,0.0
1642348941448,0.0
1642350741512,0.0
1642352541509,0.0
1642354341567,0.0
1642356141776,0.0
1642357941529,0.0
1642359741597,0.0
1642361541621,0.0
1642363341671,0.0
1642365141696,0.0
1642366941747,0.0
1642368741701,0.0
1642370541705,0.0
1642372341684,0.0
1642374141962,0.0
1642375941576,0.0
1642377741776,0.0
1642379541757,0.0
1642381341840,0.0
1642383141738,0.0
1642384941731,0.0
1642386741766,0.0
1642388541948,0.0
1642390341778,0.0
1642392141887,0.0
1642393941837,0.0
1642395741958,0.0
1642397541861,0.0
1642399341920,0.0
1642401141847,0.0
1642402942177,0.0
1642404741820,0.02
1642406542021,0.02
1642408341960,0.03
1642410142182,0.03
1642411941919,0.05
1642413742367,0.05
1642415542074,0.05
1642417342086,0.05
1642419142038,0.05
1642420942257,0.05
1642422741969,0.03
1642424542096,0.03
1642426341958,0.02
1642428142127,0.02
1642429942080,0.0
1642431742147,0.0
1642433541984,0.0
1642435342213,0.0
1642437142071,0.0
1642438942256,0.0
1642440742019,0.0
1642442542119,0.0
1642444342052,0.0
1642446142159,0.0
1642447942021,0.0
1642449742214,0.0
1642451542087,0.0
1642453342364,0.0
1642455142214,0.0
1642456942323,0.0
1642458742193,0.0
1642460542380,0.0
1642462342181,0.0
1642464142249,0.0
1642465942107,0.0
1642467742523,0.0
1642469542228,0.0
1642471342325,0.0
1642473142236,0.0
1642474942251,0.0
1642476742224,0.0
1642478542197,0.0
1642480342265,0.0
1642482142411,0.0
1642483942265,0.0
1642485742418,0.0
1642487542326,0.0
1642489342331,0.0
1642491142170,0.01
1642492942384,0.01
1642494742404,0.03
1642496542618,0.03
1642498342321,0.07
1642500142403,0.07
1642501942230,0.07
1642503742393,0.07
1642505542351,0.06
1642507342508,0.06
1642509142321,0.03
1642510942309,0.03
1642512742314,0.02
1642514542340,0.02
1642516342340,0.0
1642518142401,0.0
1642519942381,0.0
1642521742496,0.0
1642523542342,0.0
1642525342498,0.0
1642527142653,0.0
1642528942698,0.0
1642530742678,0.0
1642532542626,0.0
1642534342720,0.0
1642536142865,0.0
1642537942809,0.0
1642539743028,0.0
1642541542927,0.0
1642543343084,0.0
1642545143030,0.0
1642546943308,0.0
1642548743126,0.0
1642550543218,0.0
1642552343107,0.0
1642554143213,0.0
1642555943356,0.0
1642557743453,0.0
1642559543303,0.0
1642561343578,0.0
1642563143502,0.0
1642564943476,0.0
1642566743578,0.0
1642568543634,0.0
1642570343558,0.0
1642572143792,0.0
1642573943683,0.0
1642575743784,0.0
1642577543724,0.01
1642579343956,0.01
1642581143906,0.02
1642582944558,0.02
1642586544341,0.03
1642588343990,0.04
1642590144218,0.04
1642591944187,0.03
1642593744277,0.03
1642595544215,0.01
1642597344278,0.01
1642599144320,0.01
1642600944294,0.01
1642602744466,0.0
1642604544574,0.0
1642606344505,0.0
1642608144509,0.0
1642609944521,0.0
1642611744587,0.0
1642613544623,0.0
1642615344641,0.0
1642617144589,0.0
1642618944783,0.0
1642620744719,0.0
1642622544835,0.0
1642624344738,0.0
1642626144856,0.0
1642627944864,0.0
1642629744904,0.0
1642631544934,0.0
1642633345268,0.0
1642635145048,0.0
1642636945271,0.0
1642638744982,0.0
1642640545171,0.0
1642642345203,0.0
1642644145337,0.0
1642645945150,0.0
1642647745273,0.0
1642649545221,0.0
1642651345421,0.0
1642653145335,0.0
1642654945588,0.0
1642656745411,0.0
1642658545582,0.0
1642660345512,0.0
1642662145643,0.0
1642663945643,0.02
1642665745658,0.02
1642667545690,0.03
1642669345666,0.03
1642671145668,0.05
1642672945843,0.05
1642674745726,0.04
1642676546055,0.04
1642678345776,0.05
1642680146041,0.05
1642681254079,0.05
1642683053779,0.03
1642684853868,0.03
1642686654029,0.02
1642688453928,0.02
1642690253988,0.0
1642692054080,0.0
1642693854028,0.0
1642695654458,0.0
1642697454271,0.0
1642699254317,0.0
1642701054264,0.0
1642702854692,0.0
1642704654361,0.0
1642706454538,0.0
1642708254499,0.0
1642710054692,0.0
1642711854636,0.0
1642713654696,0.0
1642715454687,0.0
1642717254770,0.0
1642719054631,0.0
1642720854834,0.0
1642722654841,0.0
1642724454982,0.0
1642726254886,0.0
1642728055198,0.0
1642729855062,0.0
1642731655049,0.0
1642733454931,0.0
1642735255194,0.0
1642737055150,0.0
1642738855163,0.0
1642740655111,0.0
1642742455309,0.0
1642744255307,0.0
1642746055516,0.0
1642747855396,0.0
1642749655451,0.0
1642751455412,0.02
1642753255530,0.02
1642755055417,0.03
1642756855956,0.03
1642758655748,0.06
1642760455599,0.06
1642762255557,0.06
1642764055846,0.06
1642765855760,0.07
1642767655729,0.07
1642769455713,0.04
1642771255922,0.04
1642773056048,0.02
1642774856093,0.02
1642776656120,0.0
1642778456027,0.0
1642780256110,0.0
1642782056225,0.0
1642783856238,0.0
1642785656124,0.0
1642787456161,0.0
1642789257935,0.0
1642791056286,0.0
1642792856249,0.0
1642794656335,0.0
1642798256528,0.0
1642800056508,0.0
1642801856473,0.0
1642803656685,0.0
1642805456507,0.0
1642807256745,0.0
1642809056641,0.0
1642810856586,0.0
1642812656648,0.0
1642814456849,0.0
1642816256869,0.0
1642818057421,0.0
1642819856934,0.0
1642821656983,0.0
1642823456918,0.0
1642825257010,0.0
1642827056867,0.0
1642828856976,0.0
1642830656963,0.0
1642832457068,0.0
1642834257080,0.0
1642836057129,0.0
1642837857082,0.01
1642839657328,0.01
1642841457312,0.02
1642843257075,0.02
1642845057164,0.06
1642846857330,0.06
1642848657301,0.06
1642850457326,0.06
1642852257336,0.05
1642854057415,0.05
1642855857593,0.03
1642857657534,0.03
1642859457598,0.02
1642861257451,0.01
1642863057529,0.0
1642864857506,0.0
1642866657475,0.0
1642868457556,0.0
1642870257647,0.0
1642872057546,0.0
1642873857671,0.0
1642875657691,0.0
1642877457658,0.0
1642879257800,0.0
1642881057854,0.0
1642882857730,0.0
1642884657815,0.0
1642886457935,0.0
1642888257801,0.0
1642890057853,0.0
1642891858116,0.0
1642893658612,0.0
1642895458017,0.0
1642897257992,0.0
1642899058634,0.0
1642900858492,0.0
1642902658346,0.0
1642904458417,0.0
1642906258349,0.0
1642908058391,0.0
1642909858266,0.0
1642911658322,0.0
1642913458336,0.0
1642915258487,0.0
1642917058566,0.0
1642918858460,0.0
1642920658517,0.0
1642922458360,0.0
1642924258396,0.02
1642926058438,0.02
1642927858437,0.03
1642929658551,0.03
1642931458597,0.07
1642933258564,0.07
1642935059085,0.06
1642936858937,0.06
1642938661129,0.05
1642940458581,0.05
1642942258687,0.03
1642944058981,0.03
1642945858661,0.02
1642947658980,0.02
1642949458730,0.0
1642951258846,0.0
1642953058819,0.0
1642954858790,0.0
1642956658805,0.0
1642958458729,0.0
1642960258853,0.0
1642962058859,0.0
1642963858882,0.0
1642965658937,0.0
1642967458863,0.0
1642969258958,0.0
1642971058806,0.0
1642972858970,0.0
1642974658981,0.0
1642976458910,0.0
1642978259125,0.0
1642980058914,0.0
1642981858995,0.0
1642983659136,0.0
1642985459007,0.0
1642987259113,0.0
1642989059099,0.0
1642990859090,0.0
1642992659121,0.0
1642994459114,0.0
1642996259196,0.0
1642998059321,0.0
1642999859161,0.0
1643001659169,0.0
1643003459315,0.0
1643005259198,0.0
1643007059205,0.0
1643008859306,0.0
1643010659360,0.01
1643012459472,0.01
1643014259421,0.02
1643016059331,0.02
1643017859341,0.05
1643019659505,0.05
1643021459371,0.06
1643023259300,0.06
1643025059581,0.05
1643026859521,0.05
1643028660431,0.04
1643030459661,0.04
1643032259570,0.01
1643034059419,0.01
1643035859393,0.0
1643037659566,0.0
1643039459458,0.0
1643041259366,0.0
1643043059443,0.0
1643044859558,0.0
1643046659384,0.0
1643048459350,0.0
1643050259568,0.0
1643052059499,0.0
1643053859505,0.0
1643055659525,0.0
1643057459672,0.0
1643059259435,0.0
1643061059646,0.0
1643062859514,0.0
1643064659615,0.0
1643066459551,0.0
1643068259732,0.0
1643070059527,0.0
1643071859767,0.0
1643073659631,0.0
1643075459758,0.0
1643077259666,0.0
1643079059641,0.0
1643080859687,0.0
1643082659717,0.0
1643084459706,0.0
1643086259730,0.0
1643088059827,0.0
1643089859726,0.0
1643091659646,0.0
1643093459709,0.0
1643095259849,0.0
1643097059756,0.03
1643098859652,0.03
1643100659766,0.03
1643102459731,0.03
1643104259718,0.04
1643106059697,0.04
1643107859904,0.04
1643109659904,0.04
1643111459731,0.04
1643113259700,0.04
1643115059869,0.05
1643116859820,0.05
1643118659819,0.04
1643120459858,0.04
1643122259751,0.0
1643124059712,0.0
1643125859839,0.0
1643127659871,0.0
1643129459674,0.0
1643131259939,0.0
1643133059852,0.0
1643134859986,0.0
1643136659876,0.0
1643138459945,0.0
1643140259953,0.0
1643142060124,0.0
1643143859912,0.0
1643145660343,0.0
1643147460213,0.0
1643149260111,0.0
1643151060331,0.0
1643152860284,0.0
1643154660416,0.0
1643156460396,0.0
1643158260332,0.0
1643160060662,0.0
1643161860438,0.0
1643163660483,0.0
1643165460667,0.0
1643167260567,0.0
1643169060913,0.0
1643170860767,0.0
1643172660703,0.0
1643174460741,0.0
1643176260957,0.0
1643178060778,0.0
1643179861095,0.0
1643181660967,0.0
1643183461232,0.03
1643185261109,0.03
1643187061039,0.07
1643188861125,0.06
1643190661838,0.06
1643192461477,0.06
1643194261374,0.05
1643196061382,0.05
1643197861295,0.06
1643199661204,0.06
1643201461476,0.06
1643203261456,0.06
1643205061542,0.02
1643206861538,0.02
1643208661877,0.0
1643210461559,0.0
1643212261738,0.0
1643214061732,0.0
1643215861663,0.0
1643217661867,0.0
1643219461797,0.0
1643221261975,0.0
1643223061919,0.0
1643224861949,0.0
1643226662063,0.0
1643228462081,0.0
1643230262061,0.0
1643232062143,0.0
1643233862074,0.0
1643235662248,0.0
1643237462232,0.0
1643239262197,0.0
1643241062333,0.0
1643242862312,0.0
1643244662342,0.0
1643246462369,0.0
1643248262445,0.0
1643250062551,0.0
1643251862556,0.0
1643253662599,0.0
1643255462891,0.0
1643257262576,0.0
1643259062733,0.0
1643260862803,0.0
1643262662747,0.0
1643264462931,0.0
1643266262714,0.0
1643268062834,0.0
1643269862834,0.03
1643271662928,0.03
1643273462951,0.07
1643275263144,0.07
1643277063014,0.06
1643278862920,0.06
1643280663076,0.06
1643282463218,0.06
1643284263175,0.06
1643286063379,0.06
1643287863098,0.07
1643289663276,0.07
1643291463559,0.02
1643293263341,0.03
1643295063314,0.0
1643296863439,0.0
1643298663454,0.0
1643300463454,0.0
1643302263366,0.0
1643304063555,0.0
1643305863448,0.0
1643307663462,0.0
1643309463642,0.0
1643311263657,0.0
1643313063709,0.0
1643314863721,0.0
1643316663670,0.0
1643318463634,0.0
1643320263893,0.0
1643322063784,0.0
1643323863889,0.0
1643325663878,0.0
1643327463928,0.0
1643329263782,0.0
1643331064121,0.0
1643332863965,0.0
1643334663983,0.0
1643336463856,0.0
1643338263880,0.0
1643340063906,0.0
1643341864208,0.0
1643343664002,0.0
1643345464171,0.0
1643347264083,0.0
1643349064325,0.0
1643350864209,0.0
1643352664244,0.0
1643354464220,0.0
1643356264274,0.04
1643358064352,0.04
1643359864317,0.05
1643361664546,0.05
1643363464386,0.04
1643365264694,0.04
1643367064408,0.04
1643368864667,0.04
1643370664428,0.04
1643372464839,0.04
1643374264357,0.05
1643376064566,0.05
1643377864528,0.03
1643379664637,0.03
1643381464655,0.01
1643383264658,0.01
1643385064640,0.0
1643386864760,0.0
1643388664718,0.0
1643390464825,0.0
1643392264618,0.0
1643394064774,0.0
1643395864637,0.0
1643397664891,0.0
1643399464821,0.0
1643401265013,0.0
1643403064750,0.0
1643404864990,0.0
1643406664732,0.0
1643408464981,0.0
1643410264786,0.0
1643412064910,0.0
1643413864953,0.0
1643415664876,0.0
1643417464879,0.0
1643419265097,0.0
1643421064948,0.0
1643422865010,0.0
1643424665050,0.0
1643426465048,0.0
1643428265081,0.0
1643430065103,0.0
1643431864964,0.0
1643433665089,0.0
1643435465294,0.0
1643437265101,0.0
1643439065140,0.0
1643440865198,0.0
1643442665167,0.0
1643444465313,0.0
1643446265207,0.07
1643448065087,0.07
1643449865360,0.06
1643451665290,0.06
1643453465237,0.09
1643455265322,0.09
1643457065285,0.06
1643458865334,0.06
1643460665307,0.06
1643462465235,0.06
1643464265313,0.01
1643466065338,0.01
1643467865387,0.0
1643469665380,0.0
1643471465351,0.0
1643473265278,0.0
1643475065386,0.0
1643476865489,0.0
1643478665467,0.0
1643480465444,0.0
1643482265445,0.0
1643484065506,0.0
1643485865415,0.0
1643487665545,0.0
1643489466812,0.0
1643491265524,0.0
1643493065454,0.0
1643494865597,0.0
1643496665434,0.0
1643498465471,0.0
1643500265440,0.0
1643502065560,0.0
1643503865540,0.0
1643505665459,0.0
1643507465731,0.0
1643509265634,0.0
1643511065745,0.0
1643512865601,0.0
1643514665700,0.0
1643516465543,0.0
1643518265602,0.0
1643520065641,0.0
1643521865658,0.0
1643523665538,0.0
1643525465708,0.0
1643527265680,0.0
1643529065656,0.03
1643530865735,0.03
1643532665867,0.05
1643534465660,0.05
1643536265607,0.04
1643538065661,0.04
1643539865755,0.06
1643541665763,0.06
1643543465598,0.04
1643545265631,0.04
1643547065788,0.05
1643548866107,0.05
1643550665784,0.03
1643552465800,0.03
1643554265830,0.01
1643556065770,0.01
1643557865783,0.0
1643559665969,0.0
1643561465803,0.0
1643563265903,0.0
1643565065944,0.0
1643566865730,0.0
1643568665849,0.0
1643570465790,0.0
1643572265909,0.0
1643574065839,0.0
1643575865855,0.0
1643577665723,0.0
1643579465783,0.0
1643581265754,0.0
1643583065923,0.0
1643584865842,0.0
1643586665875,0.0
1643588465896,0.0
1643590265869,0.0
1643592065991,0.0
1643593865903,0.0
1643595666062,0.0
1643597466133,0.0
1643599266238,0.0
1643601066261,0.0
1643602866309,0.0
1643604666360,0.0
1643606466458,0.0
1643608266324,0.0
1643610066524,0.0
1643611866509,0.0
1643613666491,0.0
1643615466573,0.02
1643617266674,0.02
1643619066686,0.06
1643620866722,0.06
1643622666753,0.06
1643624466909,0.06
1643626267045,0.05
1643628067036,0.05
1643629866987,0.06
1643631667255,0.06
1643633467052,0.05
1643635267061,0.06
1643637067128,0.01
1643638867335,0.01
1643640667308,0.01
1643642467203,0.01
1643644267368,0.0
1643646067498,0.0
1643647867483,0.0
1643649667565,0.0
1643651467618,0.0
1643653267651,0.0
1643655067716,0.0
1643656867704,0.0
1643658667708,0.0
1643660467638,0.0
1643662267836,0.0
1643664067729,0.0
1643665868097,0.0
1643667667823,0.0
1643669467899,0.0
1643671267972,0.0
1643673068142,0.0
1643674868101,0.0
1643676668242,0.0
1643678468235,0.0
1643680268149,0.0
1643682068275,0.0
1643683868303,0.0
1643685668411,0.0
1643687468477,0.0
1643689268437,0.0
1643691068546,0.0
1643692868368,0.0
1643694668603,0.0
1643696468589,0.0
1643698268835,0.0
1643700068670,0.0
1643701868777,0.01
1643703668779,0.01
1643705468831,0.03
1643707268851,0.03
1643709068953,0.04
1643710868779,0.04
1643712668939,0.08
1643714469225,0.08
1643716269014,0.08
1643718068993,0.08
1643719869198,0.05
1643721669061,0.04
1643723469058,0.01
1643725269041,0.01
1643727069096,0.0
1643728869315,0.0
1643730669120,0.0
1643732469170,0.0
1643734269259,0.0
1643736069414,0.0
1643737869493,0.0
1643739669501,0.0
1643741469461,0.0
1643743269438,0.0
1643745069554,0.0
1643746869548,0.0
1643748669563,0.0
1643750469490,0.0
1643752269560,0.0
1643754069716,0.0
1643755869648,0.0
1643757669662,0.0
1643759469820,0.0
1643761269835,0.0
1643763069819,0.0
1643764869877,0.0
1643766669877,0.0
1643768469852,0.0
1643770270635,0.0
1643772069814,0.0
1643773869999,0.0
1643775670068,0.0
1643777470104,0.0
1643779270083,0.0
1643781070141,0.0
1643782869994,0.0
1643784670211,0.01
1643786470209,0.01
1643788270215,0.04
1643790070239,0.04
1643791870625,0.05
1643793670615,0.05
1643795471350,0.08
1643797270287,0.08
1643799070353,0.07
1643800870366,0.07
1643802670398,0.08
1643804470294,0.08
1643806270424,0.05
1643808070491,0.05
1643809870490,0.03
1643811670498,0.03
1643813470490,0.01
1643815270623,0.01
1643817070624,0.0
1643818870733,0.0
1643820670504,0.0
1643822470810,0.0
1643824270762,0.0
1643826070655,0.0
1643827870714,0.0
1643829670796,0.0
1643831470849,0.0
1643833271840,0.0
1643835070799,0.0
1643836870778,0.0
1643838670865,0.0
1643840471896,0.0
1643842270819,0.0
1643844070908,0.0
1643845870986,0.0
1643847670896,0.0
1643849470965,0.0
1643851271018,0.0
1643853070961,0.0
1643854871010,0.0
1643856671075,0.0
1643860271069,0.0
1643862070985,0.0
1643863871135,0.0
1643865671151,0.0
1643867471197,0.0
1643869271188,0.0
1643871071285,0.0
1643872871129,0.0
1643874671248,0.0
1643876471187,0.0
1643878271596,0.02
1643880071338,0.02
1643881871329,0.0
1643883671278,0.0
1643885471381,0.0
1643887271377,0.0
1643889071369,0.0
1643890871333,0.0
1643892671425,0.02
1643894471469,0.02
1643896271538,0.01
1643898071502,0.01
1643899871492,0.0
1643901671569,0.0
1643903471598,0.0
1643905271542,0.0
1643907071398,0.0
1643908871597,0.0
1643910671436,0.0
1643912471508,0.0
1643914271459,0.0
1643916071551,0.0
1643917871455,0.0
1643919671580,0.0
1643921471624,0.0
1643923271630,0.0
1643925071603,0.0
1643926871517,0.0
1643928671659,0.0
1643930471840,0.0
1643932271667,0.0
1643934071740,0.0
1643935871656,0.0
1643937671701,0.0
1643939471675,0.0
1643941271648,0.0
1643943071707,0.0
1643944871738,0.0
1643946671747,0.0
1643948471679,0.0
1643950271653,0.0
1643952071696,0.0
1643953871819,0.0
1643955671746,0.0
1643957471788,0.0
1643959271867,0.0
1643961071809,0.0
1643962871874,0.0
1643964671787,0.02
1643966472444,0.02
1643968271864,0.0
1643970071922,0.0
1643971871762,0.0
1643973671792,0.0
1643975471711,0.0
1643977271822,0.0
1643979071853,0.02
1643980871811,0.02
1643982671876,0.01
1643986271851,0.0
1643988071849,0.0
1643989871766,0.0
1643991671923,0.0
1643993471960,0.0
1643995271889,0.0
1643997071830,0.0
1643998871922,0.0
1644000671936,0.0
1644002471961,0.0
1644004271858,0.0
1644006072014,0.0
1644007872114,0.0
1644009671995,0.0
1644011472040,0.0
1644013271908,0.0
1644015071877,0.0
1644016871977,0.0
1644018672032,0.0
1644020472098,0.0
1644024072022,0.0
1644025871995,0.0
1644027672025,0.0
1644029472024,0.0
1644031271932,0.0
1644033071889,0.0
1644034871976,0.0
1644036671978,0.0
1644038472059,0.0
1644040272059,0.0
1644042072171,0.0
1644043872115,0.01
1644045672246,0.01
1644047472270,0.03
1644049272346,0.03
1644051072422,0.07
1644052872771,0.07
1644054672580,0.09
1644056472401,0.09
1644058272561,0.09
1644060072656,0.09
1644061872798,0.09
1644063672685,0.09
1644065472750,0.06
1644067272908,0.06
1644069072786,0.02
1644070873014,0.02
1644072672815,0.0
1644074472936,0.0
1644076273114,0.0
1644078073085,0.0
1644079873166,0.0
1644081673217,0.0
1644083473101,0.0
1644085273249,0.0
1644087073217,0.0
1644088873190,0.0
1644090673244,0.0
1644092473335,0.0
1644094273322,0.0
1644096073412,0.0
1644097873507,0.0
1644099673639,0.0
1644101473653,0.0
1644103273560,0.0
1644105073602,0.0
1644106873752,0.0
1644108673744,0.0
1644110473747,0.0
1644112273887,0.0
1644114073952,0.0
1644115873970,0.0
1644117674106,0.0
1644119474035,0.0
1644121274016,0.0
1644123074043,0.0
1644124874105,0.0
1644126674100,0.0
1644128474202,0.0
1644130274279,0.01
1644132074224,0.01
1644133874419,0.03
1644135674476,0.03
1644137474396,0.06
1644139274484,0.06
1644141074585,0.07
1644142874491,0.07
1644144674614,0.09
1644146474640,0.09
1644148274593,0.02
1644150074689,0.02
1644151874658,0.06
1644153674678,0.06
1644155474684,0.04
1644157274707,0.03
1644159074645,0.01
1644160874672,0.01
1644162674870,0.0
1644164474955,0.0
1644166274913,0.0
1644168074986,0.0
1644169874981,0.0
1644171674901,0.0
1644173474980,0.0
1644175274952,0.0
1644177075117,0.0
1644178875084,0.0
1644180675178,0.0
1644182475099,0.0
1644184275218,0.0
1644186075211,0.0
1644187875166,0.0
1644189675226,0.0
1644191475310,0.0
1644193275193,0.0
1644195075346,0.0
1644196875275,0.0
1644198675441,0.0
1644200475296,0.0
1644202275418,0.0
1644204075449,0.0
1644205875411,0.0
1644207675411,0.0
1644209475482,0.0
1644211275479,0.0
1644213075568,0.0
1644214875662,0.0
1644216675710,0.01
1644218475965,0.01
1644220275781,0.03
1644222075715,0.03
1644223875695,0.04
1644225675792,0.04
1644227475818,0.06
1644229275793,0.06
1644231075890,0.06
1644232876000,0.06
1644234675823,0.05
1644236475915,0.05
1644238275960,0.04
1644241876041,0.03
1644243675998,0.03
1644245476135,0.02
1644247276000,0.02
1644249076103,0.0
1644250875975,0.0
1644252676200,0.0
1644254476191,0.0
1644256276104,0.0
1644258076168,0.0
1644259876184,0.0
1644263476247,0.0
1644265276298,0.0
1644267076288,0.0
1644268876313,0.0
1644270676321,0.0
1644272476417,0.0
1644274276375,0.0
1644276076348,0.0
1644277876365,0.0
1644281476438,0.0
1644283276596,0.0
1644285076536,0.0
1644286876495,0.0
1644288676530,0.0
1644290476533,0.0
1644292276529,0.0
1644294076704,0.0
1644295876666,0.0
1644297676706,0.0
1644299476739,0.0
1644301276695,0.0
1644303076682,0.01
1644304877026,0.01
1644306676811,0.03
1644310276876,0.05
1644312077139,0.05
1644313876732,0.07
1644315676857,0.07
1644317476947,0.05
1644319276803,0.05
1644321077244,0.06
1644322876922,0.06
1644324676906,0.05
1644326476954,0.05
1644328277003,0.03
1644330076942,0.03
1644331876916,0.02
1644333677023,0.02
1644335476988,0.0
1644337276969,0.0
1644339076901,0.0
1644340877143,0.0
1644342677041,0.0
1644344477097,0.0
1644346277049,0.0
1644348077127,0.0
1644349877137,0.0
1644351677085,0.0
1644353477152,0.0
1644355277136,0.0
1644357077223,0.0
1644358877249,0.0
1644360677296,0.0
1644362477226,0.0
1644364277193,0.0
1644366077287,0.0
1644367877267,0.0
1644369677188,0.0
1644371477269,0.0
1644373277423,0.0
1644375077275,0.0
1644376877328,0.0
1644378677342,0.0
1644380477446,0.0
1644382277357,0.0
1644384077402,0.0
1644385877331,0.0
1644387677233,0.0
1644389477391,0.02
1644391277314,0.02
1644393077281,0.03
1644394877364,0.03
1644396677506,0.06
1644398477364,0.06
1644400277515,0.08
1644402077404,0.08
1644403877580,0.08
1644405677368,0.08
1644407477410,0.07
1644409277362,0.07
1644411077591,0.05
1644412877606,0.06
1644414677518,0.03
1644416477584,0.03
1644418277483,0.01
1644420077529,0.01
1644421877477,0.0
1644423677575,0.0
1644425477551,0.0
1644427277575,0.0
1644429077517,0.0
1644430877529,0.0
1644432677518,0.0
1644434477560,0.0
1644436277634,0.0
1644438077457,0.0
1644439877561,0.0
1644441677565,0.0
1644443477633,0.0
1644445277502,0.0
1644447077588,0.0
1644448877555,0.0
1644450677703,0.0
1644452477732,0.0
1644454277539,0.0
1644456077664,0.0
1644457877667,0.0
1644459677510,0.0
1644461477620,0.0
1644463277608,0.0
1644465077711,0.0
1644466877629,0.0
1644468677503,0.0
1644470477705,0.0
1644472277748,0.0
1644474077588,0.0
1644475877677,0.01
1644477677673,0.02
1644479477662,0.03
1644481277548,0.03
1644483077685,0.04
1644484877684,0.04
1644486677552,0.08
1644488477766,0.08
1644490277629,0.05
1644492077766,0.05
1644493877782,0.07
1644495677873,0.07
1644497477766,0.05
1644499277807,0.05
1644501077932,0.07
1644502878089,0.07
1644504678084,0.02
1644506478154,0.02
1644508278170,0.0
1644510078149,0.0
1644511878264,0.0
1644513678318,0.0
1644515478384,0.0
1644517278395,0.0
1644519078561,0.0
1644520878894,0.0
1644522678520,0.0
1644524478622,0.0
1644526278664,0.0
1644528078661,0.0
1644529878749,0.0
1644531678705,0.0
1644533478809,0.0
1644535278870,0.0
1644537079026,0.0
1644538878912,0.0
1644540679108,0.0
1644542479091,0.0
1644544279176,0.0
1644546079243,0.0
1644547879104,0.0
1644549679310,0.0
1644551479289,0.0
1644553279323,0.0
1644555079383,0.0
1644556879452,0.0
1644558679613,0.0
1644560479433,0.0
1644562279461,0.02
1644564079628,0.02
1644565879617,0.03
1644567679517,0.03
1644569479659,0.04
1644571279699,0.04
1644573079746,0.05
1644574879760,0.05
1644576679871,0.05
1644578479944,0.05
1644580279847,0.05
1644582080014,0.05
1644583880017,0.06
1644585679939,0.06
1644587480060,0.05
1644589280304,0.05
1644591080224,0.02
1644592880273,0.02
1644594680314,0.0
1644596480340,0.0
1644598280347,0.0
1644600080397,0.0
1644601880433,0.0
1644603680352,0.0
1644605480397,0.0
1644607280705,0.0
1644609080570,0.0
1644610880539,0.0
1644612680703,0.0
1644614480697,0.0
1644616280625,0.0
1644618080659,0.0
1644619880665,0.0
1644621680698,0.0
1644623480859,0.0
1644625281076,0.0
1644627080828,0.0
1644628880920,0.0
1644630680783,0.0
1644632481158,0.0
1644634281015,0.0
1644636081141,0.0
1644637880956,0.0
1644639681086,0.0
1644641481161,0.0
1644643281108,0.0
1644645081234,0.0
1644646881282,0.0
1644648681211,0.01
1644650481243,0.01
1644652281104,0.02
1644654081156,0.02
1644655881188,0.03
1644657681350,0.03
1644659481364,0.05
1644661281272,0.05
1644663081436,0.04
1644664881579,0.04
1644666681464,0.01
1644668481581,0.01
1644670281485,0.02
1644672081547,0.03
1644673881564,0.01
1644675681595,0.01
1644677481539,0.0
1644679281620,0.0
1644681081652,0.0
1644682881736,0.0
1644684681717,0.0
1644686481785,0.0
1644688281906,0.0
1644690081993,0.0
1644691881911,0.0
1644693681897,0.0
1644695481845,0.0
1644697281879,0.0
1644699082002,0.0
1644700881916,0.0
1644702682098,0.0
1644704482097,0.0
1644706282072,0.0
1644708082080,0.0
1644709882268,0.0
1644711682172,0.0
1644713482236,0.0
1644715282233,0.0
1644717082218,0.0
1644718882311,0.0
1644720682507,0.0
1644722482286,0.0
1644724282361,0.0
1644726082416,0.0
1644727882458,0.0
1644729682404,0.0
1644731482414,0.0
1644733282461,0.0
1644735082612,0.0
1644736882502,0.0
1644738682680,0.04
1644740482433,0.04
1644742282530,0.07
1644744082434,0.07
1644745882662,0.07
1644747682704,0.07
1644749482512,0.05
1644751282792,0.05
1644753082759,0.05
1644754882747,0.05
1644756682866,0.02
1644758482739,0.02
1644760282835,0.02
1644762082798,0.02
1644763882795,0.0
1644765682759,0.0
1644767482864,0.0
1644769282922,0.0
1644771082903,0.0
1644772883010,0.0
1644774682761,0.0
1644776483046,0.0
1644778282955,0.0
1644780083094,0.0
1644781882993,0.0
1644783683109,0.0
1644785482974,0.0
1644787283067,0.0
1644789083038,0.0
1644790883109,0.0
1644792683168,0.0
1644794483190,0.0
1644796283223,0.0
1644798083223,0.0
1644799883294,0.0
1644801683317,0.0
1644803483288,0.0
1644805283249,0.0
1644807083166,0.0
1644808883314,0.0
1644810683256,0.0
1644812483312,0.0
1644814283205,0.0
1644816083321,0.0
1644817883355,0.0
1644819683253,0.0
1644821483292,0.0
1644823283244,0.0
1644825083303,0.01
1644826883311,0.01
1644828683361,0.0
1644830483306,0.0
1644832283435,0.0
1644834083484,0.0
1644835883417,0.0
1644837683477,0.0
1644839483359,0.02
1644841283481,0.02
1644843083406,0.07
1644844883473,0.07
1644846683470,0.04
1644848483256,0.04
1644850283567,0.01
1644852083546,0.01
1644853883402,0.0
1644855683453,0.0
1644857483486,0.0
1644859283319,0.0
1644861083356,0.0
1644862883419,0.0
1644864683419,0.0
1644866483501,0.0
1644868283389,0.0
1644870083457,0.0
1644871883613,0.0
1644873683473,0.0
1644875483519,0.0
1644877284129,0.0
1644879084480,0.0
1644880884440,0.0
1644882684211,0.0
1644884484192,0.0
1644886284247,0.0
1644888084436,0.0
1644889884238,0.0
1644891684707,0.0
1644893484176,0.0
1644895284134,0.0
1644897084112,0.0
1644898884243,0.0
1644900684235,0.0
1644902484339,0.0
1644904284519,0.0
1644906084383,0.0
1644907884192,0.01
1644909684323,0.01
1644911483712,0.07
1644913283604,0.07
1644915083660,0.09
1644916883619,0.09
1644918683775,0.08
1644920483640,0.08
1644922283566,0.11
1644924083603,0.11
1644925883687,0.08
1644927683667,0.08
1644929483670,0.08
1644931283643,0.09
1644933083632,0.06
1644934883746,0.06
1644936683651,0.02
1644938483558,0.02
1644940283510,0.0
1644942083551,0.0
1644943883542,0.0
1644945683710,0.0
1644947483579,0.0
1644949283703,0.0
1644951083665,0.0
1644952883904,0.0
1644954683906,0.0
1644956484372,0.0
1644958284089,0.0
1644960084199,0.0
1644961884104,0.0
1644963684272,0.0
1644965484338,0.0
1644967284382,0.0
1644969084394,0.0
1644970884321,0.0
1644972684405,0.0
1644974484420,0.0
1644976284499,0.0
1644978084428,0.0
1644979884490,0.0
1644981684592,0.0
1644983484725,0.0
1644985284680,0.0
1644987084748,0.0
1644988884820,0.0
1644990684902,0.0
1644992484993,0.0
1644994284918,0.02
1644996084996,0.02
1644997884930,0.07
1644999685084,0.07
1645001485016,0.0
1645003285123,0.0
1645005085289,0.0
1645006885254,0.0
1645008685443,0.0
1645010485320,0.0
1645012285345,0.0
1645014085631,0.0
1645019486097,0.03
1645021285547,0.03
1645023085555,0.01
1645024885730,0.01
1645026685800,0.0
1645028485815,0.0
1645030285671,0.0
1645032085772,0.0
1645033885865,0.0
1645035685928,0.0
1645037485930,0.0
1645039286496,0.0
1645041085949,0.0
1645042886010,0.0
1645044685985,0.0
1645046486116,0.0
1645048286223,0.0
1645050086218,0.0
1645051886304,0.0
1645053686218,0.0
1645055486357,0.0
1645057286312,0.0
1645059086414,0.0
1645060886456,0.0
1645062686591,0.0
1645064486608,0.0
1645066286629,0.0
1645068086665,0.0
1645069886703,0.0
1645071686556,0.0
1645073486704,0.0
1645075286781,0.0
1645077086788,0.0
1645078886894,0.0
1645080686851,0.01
1645082486801,0.01
1645084286854,0.04
1645086086946,0.04
1645087886988,0.09
1645089687030,0.09
1645091487118,0.08
1645093287151,0.08
1645095087256,0.11
1645096887255,0.11
1645098687187,0.09
1645100487233,0.1
1645102287363,0.08
1645104087252,0.08
1645105887414,0.06
1645107687278,0.06
1645109487393,0.02
1645111287494,0.02
1645113087449,0.0
1645114888548,0.0
1645116687421,0.0
1645118487475,0.0
1645120287610,0.0
1645122087684,0.0
1645123887651,0.0
1645125687703,0.0
1645127487692,0.0
1645129287763,0.0
1645131087739,0.0
1645132887826,0.0
1645134687790,0.0
1645136487893,0.0
1645138287890,0.0
1645140087872,0.0
1645141887967,0.0
1645143687881,0.0
1645145487974,0.0
1645147288010,0.0
1645149088086,0.0
1645150888143,0.0
1645152688160,0.0
1645154488024,0.0
1645156288024,0.0
1645158088138,0.0
1645159888211,0.0
1645161688133,0.0
1645163488295,0.0
1645165288335,0.0
1645167088341,0.03
1645168888464,0.03
1645170688460,0.07
1645172488453,0.07
1645174288463,0.09
1645176088373,0.09
1645177888468,0.11
1645179688569,0.11
1645181488681,0.1
1645183288595,0.1
1645185088602,0.0
1645186888616,0.0
1645188688634,0.0
1645189447698,0.0
1645191247463,0.02
1645193047511,0.02
1645194847593,0.0
1645196647640,0.0
1645198447624,0.0
1645200247717,0.0
1645202047651,0.0
1645203847744,0.0
1645205647733,0.0
1645207447824,0.0
1645209247908,0.0
1645211047892,0.0
1645212848028,0.0
1645214648071,0.0
1645216448100,0.0
1645218248191,0.0
1645220048380,0.0
1645221848368,0.0
1645223648256,0.0
1645225448532,0.0
1645227248303,0.0
1645229048418,0.0
1645230848524,0.0
1645232648781,0.0
1645234448627,0.0
1645236248718,0.0
1645238048760,0.0
1645239848817,0.0
1645241648685,0.0
1645243448898,0.0
1645245248943,0.0
1645247048871,0.0
1645248848893,0.0
1645250648978,0.0
1645252449007,0.03
1645254249107,0.03
1645256049063,0.06
1645257849063,0.06
1645259649041,0.09
1645261449247,0.09
1645263249185,0.11
1645265049363,0.11
1645266849328,0.11
1645268649378,0.11
1645270449442,0.11
1645272249652,0.11
1645274049517,0.04
1645275849543,0.04
1645277649518,0.02
1645279449679,0.02
1645281249688,0.01
1645283049726,0.01
1645284849711,0.0
1645286649847,0.0
1645288449815,0.0
1645290249798,0.0
1645292049921,0.0
1645293849892,0.0
1645295649988,0.0
1645297450011,0.0
1645299249958,0.0
1645301050218,0.0
1645302850138,0.0
1645304650180,0.0
1645306450243,0.0
1645308250278,0.0
1645310050282,0.0
1645311850421,0.0
1645313650327,0.0
1645315450520,0.0
1645317250491,0.0
1645319050511,0.0
1645320850491,0.0
1645322650629,0.0
1645324450514,0.0
1645326250710,0.0
1645328050661,0.0
1645329850750,0.0
1645331650747,0.0
1645333450807,0.0
1645335250776,0.0
1645337050840,0.0
1645338850846,0.03
1645340650795,0.03
1645342450969,0.06
1645344250967,0.07
1645346050966,0.04
1645347850947,0.04
1645349651062,0.0
1645351451161,0.0
1645353251049,0.0
1645355051110,0.0
1645356851268,0.0
1645358651366,0.0
1645360451268,0.0
1645362251345,0.0
1645364051254,0.05
1645365851368,0.05
1645367651294,0.01
1645369451391,0.01
1645371251287,0.0
1645373051478,0.0
1645374851512,0.0
1645376651415,0.0
1645378451571,0.0
1645380251520,0.0
1645382051602,0.0
1645383851599,0.0
1645385651832,0.0
1645387451646,0.0
1645389251728,0.0
1645391051665,0.0
1645392851722,0.0
1645394651614,0.0
1645396451841,0.0
1645398251926,0.0
1645400051719,0.0
1645401851817,0.0
1645403651746,0.0
1645405451856,0.0
1645407251838,0.0
1645409051962,0.0
1645410851851,0.0
1645412652021,0.0
1645414452068,0.0
1645416252008,0.0
1645418052063,0.0
1645419852153,0.0
1645421652075,0.0
1645423452243,0.0
1645425252105,0.01
1645427052231,0.01
1645428852245,0.03
1645430652436,0.03
1645432452180,0.04
1645434252272,0.04
1645436052244,0.11
1645437852475,0.11
1645439652267,0.11
1645441452390,0.11
1645443252321,0.11
1645445052517,0.11
1645446852373,0.09
1645448652540,0.09
1645450452376,0.06
1645452252524,0.06
1645454052507,0.03
1645455852702,0.03
1645457652549,0.0
1645459452771,0.0
1645461252643,0.0
1645463052685,0.0
1645464852522,0.0
1645466652604,0.0
1645468452687,0.0
1645470252731,0.0
1645472052712,0.0
1645473852803,0.0
1645475652746,0.0
1645477452801,0.0
1645479252734,0.0
1645481052860,0.0
1645482852754,0.0
1645484653028,0.0
1645486452889,0.0
1645488252853,0.0
1645490052837,0.0
1645491852842,0.0
1645493652915,0.0
1645495452957,0.0
1645497252860,0.0
1645499053034,0.0
1645500852981,0.0
1645502653037,0.0
1645504452984,0.0
1645506252936,0.0
1645508053087,0.0
1645509853028,0.0
1645511652920,0.04
1645513453142,0.04
1645515253031,0.06
1645517053029,0.06
1645518853083,0.09
1645520653209,0.09
1645522453116,0.11
1645524253117,0.11
1645526053032,0.11
1645527853240,0.11
1645529653151,0.1
1645531453200,0.1
1645533253226,0.0
1645535053187,0.0
1645536853217,0.02
1645538653183,0.02
1645540453208,0.01
1645542253183,0.01
1645544053207,0.0
1645545853330,0.0
1645547653242,0.0
1645549453272,0.0
1645551253207,0.0
1645553053292,0.0
1645554853336,0.0
1645556653349,0.0
1645558453244,0.0
1645560253430,0.0
1645562053326,0.0
1645563853334,0.0
1645565653345,0.0
1645567453397,0.0
1645569253379,0.0
1645571053305,0.0
1645572853276,0.0
1645574653278,0.0
1645576453384,0.0
1645578253397,0.0
1645580053424,0.0
1645581853380,0.0
1645583653405,0.0
1645585453572,0.0
1645587253477,0.0
1645589053443,0.0
1645590853314,0.0
1645592653587,0.0
1645594453385,0.0
1645596253462,0.0
1645598053435,0.04
1645599853398,0.04
1645601653442,0.06
1645603453423,0.06
1645605253388,0.07
1645607053550,0.07
1645608853508,0.09
1645610653742,0.09
1645612453689,0.1
1645614253515,0.1
1645616053454,0.1
1645617853509,0.1
1645619653377,0.09
1645621453392,0.09
1645623253464,0.07
1645625053662,0.07
1645626853504,0.03
1645628653441,0.03
1645630453480,0.01
1645632253562,0.01
1645634053440,0.0
1645635853581,0.0
1645637653584,0.0
1645639453779,0.0
1645641253745,0.0
1645643053902,0.0
1645644853892,0.0
1645646654047,0.0
1645648453949,0.0
1645650254025,0.0
1645652053922,0.0
1645653854037,0.0
1645655654048,0.0
1645657454345,0.0
1645659254216,0.0
1645661054355,0.0
1645662854322,0.0
1645664654385,0.0
1645666454421,0.0
1645668254419,0.0
1645670054509,0.0
1645671854556,0.0
1645673654538,0.0
1645675454739,0.0
1645677254753,0.0
1645679054795,0.0
1645680854696,0.0
1645682654831,0.0
1645684454736,0.01
1645686254867,0.01
1645688054847,0.04
1645689854987,0.04
1645691654878,0.01
1645693455273,0.01
1645695255164,0.04
1645697055105,0.04
1645698855110,0.01
1645700655315,0.01
1645702455276,0.0
1645704255191,0.0
1645706055169,0.0
1645707855381,0.0
1645709655414,0.02
1645711455501,0.02
1645713255380,0.01
1645715055433,0.01
1645716855457,0.0
1645718655692,0.0
1645720455657,0.0
1645722255619,0.0
1645724055633,0.0
1645725855887,0.0
1645727655704,0.0
1645729456131,0.0
1645731255908,0.0
1645733055915,0.0
1645734855952,0.0
1645736656155,0.0
1645738456081,0.0
1645740256213,0.0
1645742056001,0.0
1645743856210,0.0
1645745656103,0.0
1645747456173,0.0
1645749256269,0.0
1645751056275,0.0
1645752856335,0.0
1645754656507,0.0
1645756456466,0.0
1645758256454,0.0
1645760056459,0.0
1645761856563,0.0
1645763656487,0.0
1645765456551,0.0
1645767256622,0.0
1645769056560,0.0
1645770856739,0.03
1645772656729,0.03
1645774456625,0.06
1645776256857,0.06
1645778056820,0.09
1645779856889,0.09
1645781656824,0.09
1645783456918,0.09
1645785256944,0.1
1645787056991,0.1
1645788856894,0.09
1645790656935,0.09
1645792457010,0.08
1645794257014,0.08
1645796056994,0.04
1645797857070,0.04
1645799657136,0.03
1645801457114,0.03
1645803257145,0.01
1645805057359,0.01
1645806857079,0.0
1645808657385,0.0
1645810457210,0.0
1645812257381,0.0
1645814057350,0.0
1645815857287,0.0
1645817657430,0.0
1645819457418,0.0
1645821257372,0.0
1645823057517,0.0
1645824857533,0.0
1645826657664,0.0
1645828457489,0.0
1645830257561,0.0
1645832057643,0.0
1645833857677,0.0
1645835657716,0.0
1645837457715,0.0
1645839257738,0.0
1645841057796,0.0
1645842857697,0.0
1645844657673,0.0
1645846457865,0.0
1645848257961,0.0
1645850057911,0.0
1645851857838,0.0
1645853657891,0.01
1645855457988,0.01
1645857257974,0.03
1645859058030,0.03
1645860858013,0.04
1645862658058,0.04
1645864458033,0.05
1645866258048,0.05
1645868057959,0.06
1645869858171,0.06
1645871658075,0.05
1645873458019,0.05
1645875258050,0.06
1645877058152,0.06
1645878858264,0.07
1645880658335,0.07
1645882458207,0.06
1645884258277,0.06
1645886058336,0.03
1645887858349,0.03
1645889658322,0.01
1645891458485,0.01
1645893258262,0.0
1645895058373,0.0
1645896858385,0.0
1645898658474,0.0
1645900458401,0.0
1645902258377,0.0
1645904058525,0.0
1645905858572,0.0
1645907658415,0.0
1645909458681,0.0
1645911258609,0.0
1645913058620,0.0
1645914858519,0.0
1645916658794,0.0
1645918458669,0.0
1645920258645,0.0
1645922058669,0.0
1645923858763,0.0
1645925658644,0.0
1645927458783,0.0
1645929258749,0.0
1645931058738,0.0
1645932858778,0.0
1645934658847,0.0
1645936458833,0.0
1645938258901,0.0
1645940058834,0.01
1645941858852,0.01
1645943658981,0.03
1645945458974,0.03
1645947258968,0.04
1645949058963,0.04
1645950858843,0.07
1645952658957,0.07
1645954458938,0.06
1645956258911,0.06
1645958058903,0.05
1645959859053,0.05
1645963459100,0.06
1645965259097,0.07
1645967060069,0.07
1645968859001,0.07
1645970659095,0.07
1645972458983,0.03
1645974259035,0.03
1645976059093,0.01
1645977859130,0.01
1645979659076,0.0
1645981459152,0.0
1645983259220,0.0
1645985059257,0.0
1645986859145,0.0
1645988659115,0.0
1645990459325,0.0
1645992259256,0.0
1645994059131,0.0
1645995859214,0.0
1645997659317,0.0
1645999459289,0.0
1646001259252,0.0
1646003059559,0.0
1646004859165,0.0
1646006659257,0.0
1646008459228,0.0
1646010259443,0.0
1646012059302,0.0
1646013859356,0.0
1646015659236,0.0
1646017459388,0.0
1646019259237,0.0
1646021059364,0.0
1646022859274,0.0
1646024659478,0.0
1646026459419,0.01
1646028259516,0.01
1646030059454,0.03
1646031859443,0.03
1646033659412,0.06
1646035459556,0.06
1646037259343,0.07
1646039059537,0.07
1646040859392,0.06
1646042659540,0.06
1646044459557,0.09
1646046259594,0.09
1646048059534,0.06
1646049859626,0.06
1646051659433,0.07
1646053459598,0.07
1646055259517,0.06
1646057059604,0.06
1646058859557,0.03
1646060659638,0.03
1646062459479,0.01
1646064259667,0.01
1646066059473,0.0
1646067859622,0.0
1646069659443,0.0
1646071459643,0.0
1646073259642,0.0
1646075059712,0.0
1646076860061,0.0
1646078659662,0.0
1646080459598,0.0
1646082259581,0.0
1646084059615,0.0
1646085859755,0.0
1646087659709,0.0
1646089459848,0.0
1646091260445,0.0
1646093060100,0.0
1646094859983,0.0
1646096659958,0.0
1646098459946,0.0
1646100260137,0.0
1646102060088,0.0
1646103860102,0.0
1646105660264,0.0
1646107460259,0.0
1646109260314,0.0
1646111060353,0.0
1646112860427,0.0
1646114660447,0.0
1646116460451,0.01
1646118260568,0.01
1646120060681,0.0
1646121860680,0.0
1646123661907,0.0
1646125460825,0.0
1646127260714,0.0
1646129060865,0.0
1646130860929,0.02
1646132660879,0.02
1646134460889,0.01
1646136261149,0.02
1646138060952,0.1
1646139861079,0.1
1646141661128,0.08
1646143461307,0.08
1646145261214,0.03
1646147061354,0.03
1646148861301,0.01
1646150661337,0.01
1646152462727,0.0
1646154261380,0.0
1646156061356,0.0
1646157861448,0.0
1646159661461,0.0
1646161461563,0.0
1646163261609,0.0
1646165061669,0.0
1646166861553,0.0
1646168661785,0.0
1646170461662,0.0
1646172261895,0.0
1646174061695,0.0
1646175861873,0.0
1646177661942,0.0
1646179461973,0.0
1646181262038,0.0
1646183062118,0.0
1646184862068,0.0
1646186662192,0.0
1646188462200,0.0
1646190262269,0.0
1646192062140,0.0
1646193862303,0.0
1646195662335,0.0
1646197462365,0.0
1646199262413,0.01
1646201062380,0.01
1646202862528,0.03
1646204662419,0.03
1646206462479,0.08
1646208262570,0.08
1646210062599,0.09
1646211862675,0.09
1646213662592,0.07
1646215463163,0.07
1646217262732,0.09
1646219062663,0.1
1646220862867,0.05
1646222662826,0.05
1646224462845,0.07
1646226262836,0.07
1646228063011,0.05
1646229863025,0.05
1646231662977,0.03
1646233463085,0.03
1646235262960,0.02
1646237063171,0.02
1646238863132,0.0
1646240663243,0.0
1646242463132,0.0
1646244264316,0.0
1646246063352,0.0
1646247863383,0.0
1646249663355,0.0
1646251463340,0.0
1646253263372,0.0
1646255063483,0.0
1646256863534,0.0
1646258663554,0.0
1646260463569,0.0
1646262263749,0.0
1646264063633,0.0
1646265863689,0.0
1646267663657,0.0
1646269463750,0.0
1646271263672,0.0
1646273063806,0.0
1646274863856,0.0
1646276663863,0.0
1646278463762,0.0
1646280263842,0.0
1646282063946,0.0
1646283864087,0.0
1646285663965,0.01
1646287463937,0.01
1646289263955,0.04
1646291064186,0.04
1646292864046,0.08
1646294664094,0.08
