1639054800000,1.4
1639058400000,1.4
1639058400000,1.6
1639062000000,1.4
1639062000000,1.5
1639065600000,1.1
1639065600000,1
1639069200000,1.3
1639069200000,1.3
1639072800000,1.1
1639072800000,1.5
1639076400000,1.6
1639076400000,1.8
1639080000000,1.6
1639080000000,1.6
1639083600000,1.5
1639083600000,1.5
1639087200000,1.5
1639087200000,1.5
1639090800000,1.2
1639090800000,1.3
1639094400000,1.2
1639094400000,1.2
1639098000000,0.9
1639098000000,0.9
1639101600000,0.8
1639101600000,0.8
1639105200000,1.3
1639105200000,1.3
1639108800000,1.4
1639108800000,1.4
1639112400000,1.4
1639112400000,1.4
1639116000000,1.5
1639116000000,1.5
1639119600000,1.5
1639119600000,1.5
1639123200000,1.4
1639123200000,1.4
1639126800000,1.5
1639126800000,1.5
1639129290467,1.7
1639131090545,1.7
1639132890563,1.7
1639134690727,1.7
1639136490834,1.5
1639138290730,1.6
1639140090684,1.8
1639141890743,1.8
1639143690765,1.8
1639145490886,1.8
1639147290843,1.6
1639149090939,1.6
1639150890837,1.4
1639152691130,1.4
1639154490940,1.3
1639156291035,1.3
1639158090981,1.3
1639159891183,1.3
1639161691034,1.3
1639163491102,1.3
1639165291158,1.0
1639167091310,1.0
1639168891240,0.9
1639170691393,0.9
1639172491303,0.9
1639174291484,0.7
1639176091423,0.6
1639177891548,0.6
1639179691618,0.7
1639181491622,0.7
1639183291499,0.7
1639185091696,0.7
1639186891576,0.7
1639188691613,0.7
1639190491741,0.8
1639192291784,0.8
1639194091778,0.9
1639195891820,0.9
1639197691808,1.0
1639199491890,1.0
1639201291980,1.2
1639203092044,1.0
1639204891965,1.3
1639206691962,0.8
1639208492030,1.1
1639210292170,1.1
1639212092081,0.8
1639213892192,0.7
1639215692271,0.9
1639217492271,0.7
1639219292266,1.0
1639221092275,1.0
1639222892353,2.2
1639224692324,2.2
1639226492388,1.8
1639228292464,1.8
1639230092498,0.9
1639231892460,0.9
1639233692405,0.5
1639235492513,0.2
1639237292458,0.0
1639239092597,0.0
1639240892474,0.1
1639242692636,0.1
1639244492647,1.8
1639246292674,1.6
1639248092617,1.4
1639249892768,1.4
1639251692785,0.3
1639253492745,0.3
1639255292654,-0.1
1639257092826,-0.1
1639258892836,0.0
1639260692786,0.0
1639262492828,0.9
1639264292906,0.9
1639266092986,1.7
1639267892981,0.8
1639269692984,0.7
1639271492994,0.7
1639273292936,0.4
1639275093124,0.4
1639276893005,0.7
1639278693047,0.7
1639280493135,1.1
1639282293171,1.1
1639284093184,1.3
1639285893164,1.3
1639287693097,1.5
1639289493339,1.5
1639291293341,1.6
1639293093372,1.4
1639294893302,1.6
1639296693337,1.6
1639298493432,1.9
1639300293426,1.9
1639302093389,2.2
1639303893454,2.2
1639305693479,2.3
1639307493521,2.3
1639309293358,2.6
1639311093548,2.6
1639312893481,2.9
1639314693611,2.9
1639316493520,3.2
1639318293664,3.2
1639320093606,3.4
1639321893591,3.4
1639323693541,3.5
1639325493779,3.3
1639327293671,3.3
1639329093752,3.3
1639330893613,3.3
1639334493705,3.3
1639336293793,3.3
1639338093695,3.2
1639339893793,3.2
1639341693818,3.5
1639343493843,3.5
1639345293809,3.3
1639347093841,3.3
1639348893864,3.1
1639350693911,3.1
1639352493908,3.0
1639354293977,3.0
1639356093971,3.3
1639357894043,3.3
1639359693905,3.2
1639361494012,3.2
1639363293967,3.6
1639365094059,3.6
1639366894147,3.7
1639368693998,3.7
1639370494031,4.1
1639372294128,4.1
1639374094022,4.0
1639375894106,4.0
1639377694119,4.0
1639379494105,4.0
1639381294039,4.3
1639383094084,4.3
1639384894176,4.5
1639386694345,4.5
1639388494084,5.1
1639390294212,5.1
1639392094087,5.6
1639393894252,5.6
1639395694249,6.6
1639397494302,6.6
1639399294281,7.2
1639401094306,7.2
1639402894238,8.0
1639404694255,8.0
1639406494207,8.5
1639408294299,8.5
1639410094239,8.2
1639411894315,8.2
1639413694410,7.9
1639415494327,7.9
1639417294317,7.7
1639419094389,8.0
1639420894323,8.0
1639422694340,8.0
1639424494349,7.8
1639426294319,7.8
1639428094285,7.2
1639429894344,7.2
1639431694418,7.0
1639433494334,7.1
1639435294468,7.0
1639437094494,6.8
1639438894509,6.8
1639440694494,6.8
1639442494450,7.0
1639444294502,7.0
1639446094475,7.0
1639447894426,7.0
1639449694384,6.8
1639451494489,6.4
1639453294473,5.9
1639455094474,5.6
1639456894525,5.6
1639458694637,5.7
1639460494573,5.8
1639462294608,5.5
1639464094475,5.1
1639465894495,4.8
1639467694566,4.9
1639469494560,3.7
1639471294565,3.6
1639473094585,3.9
1639474894772,4.6
1639476694602,4.9
1639478494552,5.6
1639480294974,5.6
1639482094758,6.2
1639483894853,6.2
1639485694486,6.1
1639487494606,6.1
1639489294545,6.3
1639491094600,6.3
1639492894562,6.0
1639494694587,6.0
1639496494642,5.9
1639498294732,5.9
1639500094710,5.6
1639501894863,5.6
1639503694799,5.6
1639505494961,5.5
1639507294904,5.7
1639509094896,6.0
1639510894997,6.4
1639512695120,6.7
1639514495039,6.9
1639516295202,6.9
1639518095218,7.1
1639519895344,7.1
1639521695307,7.4
1639523495444,7.4
1639525295400,7.8
1639527095408,7.8
1639528895522,7.9
1639530695532,7.9
1639532495672,7.9
1639534295683,7.9
1639536095779,7.7
1639537895843,7.7
1639539695789,7.6
1639541495934,7.6
1639543295816,7.7
1639545096024,7.9
1639546896027,8.1
1639548696063,8.1
1639550496100,8.3
1639552296071,8.3
1639554096099,8.3
1639555896300,8.3
1639557696141,8.5
1639559496274,8.5
1639561296263,8.5
1639563096373,8.5
1639564896463,8.7
1639566696583,8.7
1639568496548,9.0
1639570296726,9.0
1639572096628,9.0
1639573896874,9.0
1639575696595,9.0
1639577496819,8.9
1639579296782,8.9
1639581096822,8.9
1639582896808,8.8
1639584696949,8.8
1639586496931,8.7
1639588296989,8.7
1639590097061,8.6
1639591897077,8.6
1639593697088,8.4
1639595497194,8.4
1639597297129,8.4
1639599097134,8.4
1639600897251,8.5
1639602697303,8.5
1639604497302,8.5
1639606297431,8.5
1639608097472,8.5
1639609897524,8.5
1639611697461,7.9
1639613497586,7.9
1639615297519,7.0
1639617097634,7.0
1639618897678,6.0
1639620697613,6.0
1639622497746,5.8
1639624297839,5.8
1639626097821,6.0
1639627897825,6.0
1639629697899,7.0
1639631497990,7.0
1639633297964,7.0
1639635098122,7.0
1639636898073,6.4
1639638698682,6.4
1639640497985,5.8
1639642298584,5.8
1639644099598,5.9
1639645898272,5.9
1639647698286,6.9
1639649498317,6.9
1639651298316,8.0
1639653098307,8.0
1639654898453,8.4
1639656698508,8.2
1639658498393,8.0
1639660298423,8.0
1639662098542,7.3
1639663898581,7.3
1639665698468,6.8
1639667498824,6.8
1639669298613,6.7
1639671098612,6.7
1639672898611,6.7
1639674698649,6.7
1639676498607,6.5
1639678298679,6.4
1639680098754,6.4
1639681898810,6.3
1639683698791,6.2
1639685498763,6.2
1639687298865,6.1
1639689098803,6.1
1639690898778,6.0
1639692698809,6.1
1639694498929,5.7
1639696298939,5.7
1639698099025,5.6
1639699899049,5.6
1639701698997,5.7
1639703498993,5.7
1639705299080,6.0
1639707099046,6.0
1639708899003,6.0
1639710699059,5.9
1639712499094,5.9
1639714299134,5.8
1639716099117,5.7
1639717899194,5.7
1639719699262,5.8
1639721499304,5.5
1639723299343,5.6
1639725099345,5.5
1639726899173,5.5
1639728699176,5.5
1639730499229,5.8
1639732299371,5.8
1639734099148,5.6
1639735899369,5.6
1639737699304,6.3
1639739499366,7.0
1639741299373,8.2
1639743099417,8.2
1639744899459,8.4
1639746699534,8.4
1639748499394,7.2
1639750299614,7.2
1639752099478,6.3
1639753899499,6.3
1639755699556,5.7
1639757499574,5.9
1639759299521,5.9
1639761099671,6.7
1639762899625,6.4
1639764699624,6.7
1639766499693,6.5
1639768299711,6.2
1639770099593,6.7
1639771899717,7.1
1639773699776,5.7
1639775499740,5.3
1639777299780,4.6
1639779099821,3.7
1639780899826,3.9
1639782699812,5.4
1639784499831,5.1
1639786299924,5.1
1639788099787,5.2
1639789899856,5.2
1639791699853,5.8
1639793499894,5.8
1639795299918,5.6
1639797099986,5.6
1639798899970,6.1
1639800699895,6.3
1639802499875,6.8
1639804300058,6.8
1639806099971,6.0
1639807900045,6.0
1639809700039,5.2
1639811500025,5.2
1639813299985,5.4
1639815100096,5.4
1639816900032,5.8
1639818700162,5.8
1639820501054,6.9
1639822301711,6.9
1639824101129,7.7
1639825901159,7.7
1639827701512,7.8
1639829500933,7.5
1639831301361,7.4
1639833101305,7.4
1639834901243,7.0
1639836701241,7.0
1639838501302,6.5
1639840301037,6.5
1639842101265,6.5
1639843901659,6.5
1639845701577,6.8
1639847501798,6.8
1639849301148,6.7
1639851101487,6.7
1639852901706,6.6
1639854701435,6.6
1639856501546,6.9
1639858301154,6.9
1639860101267,6.9
1639861901384,7.0
1639863701676,7.0
1639865501436,7.0
1639867301743,6.9
1639869101161,6.9
1639870900454,6.6
1639872701137,6.6
1639874500957,6.5
1639876300494,6.5
1639878101398,6.5
1639879901496,6.5
1639881700983,6.5
1639883501210,6.5
1639885301472,6.6
1639887100819,6.5
1639888901037,6.8
1639890700592,6.6
1639892500552,6.6
1639894301655,6.6
1639896101576,6.5
1639897901541,6.4
1639899701510,6.5
1639901500654,6.8
1639903300494,6.7
1639905100693,6.7
1639906900729,6.6
1639908700519,6.6
1639910500685,6.3
1639912300518,6.5
1639914100535,6.8
1639915900662,6.8
1639917700643,6.2
1639919500605,6.2
1639921300662,4.9
1639923100618,4.9
1639924900624,3.9
1639926700912,3.9
1639928500712,3.4
1639930300554,3.5
1639932100783,2.7
1639933900687,2.7
1639935700683,2.2
1639937500706,2.2
1639939300719,2.0
1639941100621,2.0
1639942900680,2.0
1639944700710,2.0
1639946500647,2.1
1639948300593,2.1
1639950100585,2.1
1639951900684,2.1
1639953700780,1.7
1639955500740,1.7
1639957300780,1.3
1639959100838,1.3
1639960901017,1.4
1639962700931,1.8
1639964501023,1.8
1639966301017,1.8
1639968101101,1.8
1639969901225,1.7
1639971701185,1.5
1639973501365,1.6
1639975301245,1.6
1639977101232,1.6
1639978901313,1.5
1639980701457,1.5
1639982501352,1.4
1639984301509,1.4
1639986101598,0.7
1639987901560,0.7
1639989701548,1.3
1639991501529,1.1
1639993301615,2.2
1639995101742,2.2
1639996901764,3.1
1639998701728,2.6
1640000501815,3.3
1640002302017,3.2
1640004102209,3.3
1640005901910,3.2
1640007702072,2.7
1640009502187,2.6
1640011302031,1.9
1640013102288,1.9
1640014902215,1.4
1640016702282,1.4
1640018502190,1.4
1640020302389,1.4
1640022102408,0.8
1640023902523,0.8
1640025702464,0.6
1640027502368,0.6
1640029302506,0.0
1640031102609,0.0
1640032902525,-0.2
1640034702621,-0.4
1640036502559,-0.7
1640038302652,-0.9
1640040102620,-1.1
1640041902811,-1.5
1640043702801,-2.0
1640045502882,-2.0
1640047302861,-2.0
1640049102969,-1.9
1640050902863,-2.0
1640052703102,-2.0
1640054503093,-1.5
1640056303071,-1.5
1640058102982,-1.6
1640059903127,-1.7
1640061703077,-0.3
1640063503191,-0.3
1640065303184,0.9
1640067103312,0.9
1640068903189,0.4
1640070703402,0.4
1640072503274,0.3
1640074303482,-1.2
1640076103457,-0.7
1640077903492,-0.5
1640079703481,0.3
1640081503666,0.3
1640083303570,0.3
1640085103708,0.3
1640086903531,0.9
1640088703755,0.9
1640090503710,1.1
1640092303766,1.1
1640094103764,1.1
1640095903823,1.1
1640097703839,1.1
1640099503917,1.1
1640101303857,0.4
1640103103887,0.5
1640104903902,-0.5
1640106704036,-0.8
1640108504049,-1.0
1640110304008,-1.0
1640112104162,-0.6
1640113904132,-0.6
1640115704127,-0.4
1640117504269,-0.4
1640119304159,-0.7
1640121104249,-0.7
1640122904276,-0.7
1640124704511,0.0
1640126504354,0.2
1640128304270,0.6
1640130104368,0.8
1640131904418,0.6
1640133704365,0.8
1640135504566,1.0
1640137304432,0.8
1640139104630,0.8
1640140904536,1.2
1640142704633,1.2
1640144504634,1.4
1640146304663,1.0
1640148104542,1.2
1640149904708,1.8
1640151704591,1.5
1640153504755,1.5
1640155304833,1.2
1640157104797,1.2
1640158904823,1.3
1640160704854,1.3
1640162504908,1.3
1640164304922,1.1
1640166104917,1.4
1640167904961,1.4
1640169704867,1.7
1640171504923,1.7
1640173305009,1.7
1640175105034,1.7
1640176905077,1.5
1640178705216,1.6
1640180505026,1.4
1640182305216,1.9
1640184105155,1.9
1640185905086,1.9
1640187705237,2.2
1640189505318,2.2
1640191305238,2.1
1640193105294,2.1
1640194905252,2.0
1640196705295,2.0
1640198505324,1.9
1640200305374,1.9
1640202105522,2.1
1640203905380,2.1
1640205705367,2.5
1640207505322,2.8
1640209305336,3.1
1640211105529,3.2
1640212905389,3.2
1640214705500,2.6
1640216505491,1.6
1640218305513,1.6
1640220105630,1.9
1640221905635,1.9
1640223705608,2.3
1640225505629,2.9
1640227305632,2.9
1640229105630,2.9
1640230905676,2.3
1640232705905,2.3
1640234505727,1.9
1640236305821,1.9
1640238105818,1.7
1640239905711,1.8
1640241705788,1.6
1640243505785,1.6
1640245305770,1.3
1640247105828,1.2
1640248905777,1.1
1640250705956,1.1
1640252505918,1.0
1640254305925,1.0
1640256105947,1.0
1640257905979,1.0
1640259706006,1.0
1640261505981,1.0
1640263306031,1.1
1640265106018,1.1
1640266905972,1.1
1640268705994,1.3
1640270506033,1.1
1640272306149,1.2
1640274105944,1.0
1640275906080,1.0
1640277706087,0.8
1640279506058,0.8
1640281306120,0.8
1640283106075,0.8
1640284906126,0.1
1640286706253,0.1
1640288506194,-0.4
1640290306269,-0.4
1640292106149,0.7
1640293906207,0.7
1640295706340,0.9
1640297506220,0.9
1640299306145,0.2
1640301106301,0.2
1640302906274,0.6
1640304706530,0.5
1640306506333,1.0
1640308306376,1.2
1640310106351,1.7
1640311906375,1.6
1640313706282,1.1
1640315506297,1.1
1640317306288,1.0
1640319106432,1.0
1640320906328,0.5
1640322706402,0.5
1640324506395,-0.2
1640326306336,-0.2
1640328106521,-0.7
1640329906587,-0.7
1640331706428,-0.9
1640333506522,-0.9
1640335306441,-1.3
1640337106440,-1.3
1640338906483,-1.5
1640340706533,-1.5
1640342506498,-2.0
1640344306610,-2.0
1640346106580,-2.7
1640347906563,-2.7
1640349706421,-2.9
1640351506498,-3.3
1640353306583,-3.1
1640355106595,-3.1
1640356906595,-3.7
1640358706673,-3.7
1640360506578,-4.0
1640362306651,-4.0
1640364106619,-3.9
1640365906648,-3.9
1640367706591,-4.2
1640369506626,-4.2
1640371306640,-4.5
1640373106652,-4.6
1640374906630,-4.8
1640376706687,-4.8
1640378506634,-5.1
1640380306717,-5.1
1640382106513,-5.0
1640383906686,-5.0
1640385706549,-5.4
1640387506662,-5.4
1640389306615,-5.1
1640391106678,-5.1
1640392906567,-3.9
1640394706614,-3.9
1640396506648,-4.0
1640398306674,-4.0
1640400106722,-3.6
1640401906663,-3.6
1640403706669,-3.7
1640405506825,-3.5
1640407306598,-3.8
1640409106635,-4.1
1640410906761,-4.2
1640412706744,-4.7
1640414506778,-5.3
1640416306975,-5.4
1640418106845,-6.2
1640419906970,-6.3
1640421706947,-5.8
1640423507071,-5.1
1640425307036,-3.0
1640427107081,-3.0
1640428907227,-0.8
1640430707253,-0.8
1640432507202,-0.4
1640434307382,-0.4
1640436107913,-0.3
1640437907380,-0.3
1640439707404,-1.3
1640441507588,-1.1
1640443307558,-2.3
1640445107642,-2.3
1640446907672,-3.2
1640448707740,-2.8
1640450507771,-3.1
1640452307841,-3.1
1640454107836,-3.2
1640455907932,-3.2
1640457707999,-3.1
1640459507959,-3.1
1640461307964,-3.2
1640463108066,-2.9
1640464908156,-3.2
1640466708286,-3.2
1640468508354,-3.4
1640470308382,-3.4
1640472108274,-3.8
1640473908450,-3.8
1640475708425,-4.2
1640477508423,-4.2
1640479308623,-4.5
1640481108592,-4.5
1640482908747,-4.6
1640484708711,-4.6
1640486508699,-4.8
1640488308614,-4.8
1640490108842,-5.4
1640491908945,-5.4
1640493708909,-5.7
1640495509042,-5.7
1640497308925,-5.7
1640499108949,-5.7
1640500908922,-6.0
1640502709066,-6.0
1640504509040,-5.9
1640506309099,-6.1
1640508109109,-5.6
1640509909085,-5.6
1640511709195,-4.0
1640513509242,-4.4
1640515309157,-2.7
1640517109234,-2.7
1640518909299,-1.9
1640520709401,-1.9
1640522509347,-1.4
1640524309490,-1.4
1640526109418,-1.5
1640527909518,-1.5
1640529709518,-2.9
1640531509515,-3.2
1640533309564,-4.3
1640535109716,-4.1
1640536909731,-4.9
1640538709704,-4.3
1640540509708,-4.0
1640542309864,-4.0
1640544109752,-4.1
1640545909832,-4.1
1640547709954,-4.3
1640549509906,-4.3
1640551309910,-4.7
1640553109935,-4.8
1640554910040,-5.2
1640556710100,-5.4
1640558510092,-5.5
1640560310094,-5.6
1640562110123,-5.5
1640563910146,-5.6
1640565710096,-6.0
1640567510299,-5.8
1640569310316,-6.2
1640571110290,-6.2
1640572910392,-6.2
1640574710397,-6.2
1640576510403,-5.2
1640578310517,-5.7
1640580110525,-5.4
1640581910467,-5.4
1640583710633,-4.7
1640585510505,-5.0
1640587310562,-3.7
1640589110686,-3.6
1640590910651,-2.6
1640592710692,-2.8
1640594510636,-2.7
1640596310695,-2.7
1640598110626,-1.7
1640599910757,-1.7
1640601710786,-1.0
1640603510818,-1.0
1640605310890,-0.7
1640607110874,-0.7
1640608910814,-0.5
1640610710938,-0.5
1640612510939,-0.5
1640614311077,-0.5
1640616111007,-0.5
1640617910992,-0.5
1640619711033,0.1
1640621511130,0.1
1640623311167,0.5
1640625111109,0.5
1640626911168,0.5
1640628711279,0.5
1640630511243,0.7
1640632311169,0.6
1640634111315,0.7
1640635911287,0.7
1640637711346,0.5
1640639511334,0.5
1640641311351,0.4
1640643111445,0.5
1640644911325,0.3
1640646711470,0.5
1640648511401,0.5
1640650311541,0.6
1640652111418,0.4
1640653911531,0.4
1640655711625,0.4
1640657511618,0.3
1640659311645,0.2
1640661111588,0.2
1640662911647,0.2
1640664711642,0.2
1640666511669,0.4
1640668311640,0.4
1640670111779,0.6
1640671911669,0.6
1640673711785,0.7
1640675511759,0.7
1640677311837,0.7
1640679111759,0.7
1640680911899,0.7
1640682711922,0.7
1640684511890,0.8
1640686311882,0.8
1640688111972,1.0
1640689911889,1.0
1640691711950,1.0
1640693511938,1.0
1640695311920,1.0
1640697111925,1.0
1640698912032,0.9
1640700712015,0.9
1640702512118,1.0
1640704312131,1.0
1640706112087,1.0
1640707912088,1.0
1640709712132,1.1
1640711512141,1.1
1640713312115,1.1
1640715112144,1.1
1640716912154,1.2
1640718712297,1.1
1640720512284,1.3
1640722312240,1.3
1640724112239,1.3
1640725912296,1.3
1640727712259,1.3
1640729512318,1.2
1640731312301,1.3
1640733112358,1.1
1640734912325,1.2
1640736712345,1.3
1640738512378,1.4
1640740312377,1.4
1640742112393,1.5
1640743912407,1.5
1640745712472,1.3
1640747512523,1.3
1640749312414,1.2
1640751112496,1.4
1640752912577,1.7
1640754712524,1.7
1640756512603,1.8
1640758312503,1.8
1640760112534,1.9
1640761912608,1.9
1640763712623,1.8
1640765512660,1.8
1640767312547,1.7
1640769112662,1.7
1640770912533,1.8
1640772712712,1.8
1640774512717,2.1
1640776312618,2.1
1640778112698,2.2
1640779912744,2.2
1640781712576,2.2
1640783512720,2.2
1640785312682,2.1
1640787112596,2.1
1640788912913,1.8
1640790712799,1.8
1640792512748,1.8
1640794312761,2.0
1640796112721,1.9
1640797912668,1.9
1640799712796,1.7
1640801512781,1.7
1640803312801,1.7
1640805112738,1.7
1640806912796,1.9
1640808712838,1.9
1640810512704,2.1
1640812312877,2.1
1640814112820,2.2
1640815912901,2.1
1640817712841,2.3
1640819512778,2.2
1640821312868,2.5
1640823112869,2.5
1640824912895,2.7
1640826712868,2.7
1640828512859,3.0
1640830313121,3.0
1640832112860,3.4
1640833912947,3.4
1640835712796,4.3
1640837512916,4.3
1640839312926,5.3
1640841113018,5.3
1640842912817,6.4
1640844712843,6.4
1640846512843,7.3
1640848312986,7.3
1640850112866,7.4
1640851912845,7.4
1640853712974,6.6
1640855512877,6.6
1640857312805,6.8
1640859112966,6.8
1640860912925,7.0
1640862712940,7.1
1640864512976,7.6
1640866312903,7.5
1640868112966,7.9
1640869913036,7.8
1640871713110,7.5
1640873513165,7.5
1640875313214,7.9
1640877113362,7.9
1640878913277,8.7
1640880713458,8.7
1640882513274,8.6
1640884313388,8.3
1640886113467,8.6
1640887913601,8.6
1640889713561,8.6
1640891513563,8.8
1640893313577,8.9
1640895113721,8.9
1640896913704,8.6
1640898713884,8.6
1640900513713,8.2
1640902313858,8.2
1640904113804,7.9
1640905913834,7.9
1640907713946,7.7
1640909513994,7.7
1640911314089,7.7
1640913114029,7.7
1640914914135,8.2
1640916714159,8.2
1640918514125,8.1
1640920314293,8.1
1640922114277,8.0
1640923914259,8.0
1640925714410,7.8
1640927514401,7.8
1640929314458,7.8
1640931114577,7.8
1640932914480,7.7
1640934714673,7.7
1640936514645,7.8
1640938314553,7.8
1640940114686,8.0
1640941914802,8.0
1640943714795,8.1
1640945514770,8.2
1640947314873,8.3
1640949114842,8.6
1640950914844,8.9
1640952714870,9.0
1640954514966,8.9
1640956315005,8.9
1640958115066,7.8
1640959915094,7.8
1640961715161,7.6
1640963515130,7.6
1640965315151,7.1
1640967115111,7.5
1640968915257,7.4
1640970715249,7.5
1640972515320,7.4
1640974315327,7.7
1640976115419,7.3
1640977915386,6.9
1640979715427,6.6
1640981515455,6.6
1640983315514,6.4
1640985115521,6.4
1640986915573,6.3
1640988715630,6.3
1640990515675,6.4
1640992315691,6.4
1640994115726,6.4
1640995915728,6.4
1640997715819,6.2
1640999515895,6.2
1641001315892,6.1
1641003115934,6.5
1641004915954,6.3
1641006716044,6.3
1641008515942,6.2
1641010315952,6.2
1641012116057,6.1
1641013916157,6.1
1641015716152,5.7
1641017516256,5.7
1641019316229,5.6
1641021116293,5.6
1641022916283,5.2
1641024716248,5.2
1641026516281,5.4
1641028316464,5.4
1641030116344,5.3
1641031916321,5.3
1641033716383,5.4
1641035516354,5.4
1641037316356,5.4
1641039116561,5.3
1641040916539,5.3
1641042716647,5.2
1641044516618,5.1
1641046316580,5.1
1641048116529,5.2
1641049916807,5.3
1641051716628,5.5
1641053516893,5.9
1641055316901,6.4
1641057116849,6.4
1641058916862,7.0
1641060716969,7.0
1641062516884,8.0
1641064316898,8.0
1641066116962,8.7
1641067916907,8.2
1641069716967,8.8
1641071517057,8.8
1641073317025,8.9
1641075117059,9.0
1641076917112,9.0
1641078717172,9.0
1641080517090,8.8
1641082317142,8.8
1641084117128,8.9
1641085917193,8.9
1641087717219,8.8
1641089517214,8.9
1641091317239,8.8
1641093117257,8.8
1641094917184,8.9
1641096717338,8.9
1641098517311,8.8
1641100317425,8.7
1641102117394,8.7
1641103917437,8.7
1641105717484,8.6
1641107517481,8.6
1641109317364,8.5
1641111117528,8.5
1641112917482,8.5
1641114717481,8.5
1641116517516,8.4
1641118317489,8.4
1641120117509,8.3
1641121917616,8.5
1641123717535,8.4
1641125517558,8.4
1641127317613,8.1
1641129117670,8.1
1641130917661,8.4
1641132717694,8.4
1641134517675,8.3
1641136317776,8.3
1641138117683,8.2
1641139917771,8.1
1641141717851,8.1
1641143517816,8.1
1641145317769,7.8
1641147117903,7.8
1641148917855,7.6
1641150717785,7.4
1641152518000,7.3
1641154317924,7.5
1641156117820,7.5
1641157917944,7.5
1641159717976,7.5
1641161517986,7.4
1641163317900,7.3
1641165117904,7.1
1641166918011,7.3
1641168718101,7.2
1641170518051,7.3
1641172317968,7.3
1641174117978,7.8
1641175918015,7.8
1641177718133,7.4
1641179518160,7.4
1641181318112,7.4
1641183118237,7.4
1641184918163,7.6
1641186718250,7.6
1641188518108,7.5
1641190318258,7.4
1641192118203,7.4
1641193918271,7.4
1641195718078,7.4
1641197518289,7.4
1641199318122,7.5
1641201118298,7.5
1641202918346,7.5
1641204718263,7.6
1641206518321,7.6
1641208318416,7.6
1641210118249,7.6
1641211918365,7.6
1641213718382,7.6
1641215518418,7.7
1641217318310,7.6
1641219118471,7.6
1641220918403,7.7
1641222718499,7.7
1641224519171,7.6
1641226318315,7.6
1641229918299,7.2
1641231718370,7.2
1641233518323,7.2
1641235318456,5.8
1641237118366,5.8
1641238918565,5.0
1641240718491,5.1
1641242518444,4.5
1641244318521,4.5
1641246118469,4.0
1641247918380,4.0
1641249718371,3.4
1641251518427,3.4
1641253318522,2.2
1641255118524,2.2
1641256918515,1.9
1641258718565,2.1
1641260518530,1.8
1641262318625,1.8
1641264118529,1.5
1641265918513,1.7
1641267718609,1.3
1641269518540,1.2
1641271318496,1.2
1641273118652,1.0
1641274918616,2.0
1641276718585,2.0
1641278518553,2.3
1641280318795,1.5
1641282118511,2.0
1641283918522,2.0
1641285718590,1.4
1641287518602,1.4
1641289318626,1.8
1641291118532,1.8
1641292918542,2.3
1641294718689,2.1
1641296518557,2.6
1641298318647,2.6
1641300118669,2.3
1641301918612,2.3
1641303718610,2.5
1641305518621,2.5
1641307318583,3.1
1641309118560,3.1
1641310918657,2.6
1641312718679,2.6
1641314518618,2.2
1641316318666,2.2
1641318118626,1.7
1641319918642,1.7
1641321718625,1.6
1641323518701,1.6
1641325318766,1.5
1641327118791,1.9
1641328918867,1.7
1641330718758,1.7
1641332518843,1.2
1641334318886,1.2
1641336118907,2.2
1641337918940,2.2
1641339719031,2.5
1641341519066,2.5
1641343318992,2.2
1641345119157,2.2
1641346919220,2.1
1641348719363,2.8
1641350519324,2.5
1641352319302,2.1
1641354119418,1.7
1641355919506,1.7
1641357719481,1.6
1641359519556,2.3
1641361319490,2.4
1641363120815,2.4
1641364921103,2.5
1641366721260,2.5
1641368519714,2.4
1641370319919,2.5
1641372119849,1.8
1641373919844,1.8
1641375719856,2.5
1641377519943,2.4
1641379319985,2.6
1641381120111,2.6
1641382920100,2.5
1641384720208,2.5
1641386520155,2.3
1641388320131,2.6
1641390120325,1.9
1641391920344,1.6
1641393720434,0.7
1641395520507,0.7
1641397320354,0.1
1641399120356,0.1
1641400920408,0.2
1641402720398,0.2
1641404520404,0.7
1641406320662,0.7
1641408120601,0.8
1641409920718,0.8
1641411720597,0.6
1641413520842,0.6
1641415320713,0.5
1641417120927,0.5
1641418920856,0.5
1641420720926,0.5
1641422520926,-0.2
1641424321054,-0.2
1641426121010,-0.4
1641427921873,-0.4
1641429721866,-0.6
1641431521175,-0.6
1641433321237,-0.4
1641435121325,-0.4
1641436921240,-1.1
1641438721252,-1.2
1641440521319,-1.4
1641442321319,-1.4
1641444121390,-1.4
1641445921532,-1.6
1641447721538,-1.7
1641449521476,-1.7
1641451321403,-2.8
1641453121478,-3.0
1641454921477,-3.2
1641456721636,-3.2
1641458521528,-2.8
1641460321631,-2.5
1641462121670,-1.2
1641463921604,-1.3
1641465721792,0.4
1641467521769,0.4
1641469321867,1.2
1641471121850,0.8
1641472921945,0.9
1641474721911,0.6
1641476521964,0.2
1641478322009,0.2
1641480122009,-0.6
1641481922068,-0.3
1641483722089,-0.9
1641485522205,-0.9
1641487322187,-0.7
1641489122299,-0.7
1641490922216,-0.3
1641492722260,-0.3
1641494522259,0.4
1641496322366,0.4
1641498122325,-0.1
1641499922449,-0.1
1641501722435,-0.2
1641503522370,-0.2
1641505322481,0.0
1641507122403,-0.1
1641508922597,0.0
1641510722556,0.3
1641512522545,0.6
1641514322621,0.4
1641516122649,0.9
1641517922684,1.0
1641519722729,1.3
1641521522792,1.3
1641523322752,1.2
1641525123000,1.2
1641526922841,1.2
1641528722866,1.2
1641530522914,1.4
1641532322972,1.4
1641534122974,1.5
1641535923038,1.5
1641537723036,1.3
1641539522996,1.3
1641541323066,2.0
1641543123114,2.0
1641544923121,2.2
1641546723040,2.2
1641548523133,2.2
1641550323217,2.4
1641552123117,2.7
1641553923240,2.8
1641555723167,2.8
1641557523270,2.8
1641559323140,3.3
1641561123215,3.3
1641562923324,3.3
1641564723230,3.3
1641566523388,3.2
1641568323347,3.2
1641570123361,2.6
1641571923481,2.6
1641573723488,2.5
1641575523448,2.5
1641577323504,1.8
1641579123416,1.5
1641580923461,1.4
1641582723477,1.2
1641584523639,1.3
1641586323598,1.3
1641588123721,2.1
1641589923792,2.1
1641591723705,2.1
1641593523717,2.1
1641595323748,1.7
1641597123741,1.7
1641598923767,0.5
1641600723749,0.5
1641602523846,0.7
1641604323859,0.6
1641606123769,0.8
1641607923823,0.8
1641609723822,0.3
1641611523951,0.3
1641613323768,0.4
1641615123903,0.4
1641616923787,0.5
1641618723895,0.5
1641620523823,0.7
1641622323867,0.6
1641624123909,1.0
1641625923947,1.2
1641627723962,0.9
1641629523944,0.9
1641631324060,2.4
1641633123915,2.4
1641634923927,2.9
1641636724075,2.9
1641638523973,3.7
1641640323994,2.5
1641642124120,2.8
1641643925056,2.6
1641645724070,3.0
1641647524251,3.0
1641649324043,2.7
1641651124258,2.2
1641652924075,2.1
1641654724194,2.1
1641656524076,1.6
1641658324196,1.6
1641660124116,0.9
1641661924259,0.9
1641663724260,0.4
1641665524416,0.5
1641667324366,0.8
1641669124275,0.8
1641670924294,0.8
1641672724265,0.8
1641674524283,0.5
1641676324236,0.6
1641678124348,0.6
1641679924434,0.8
1641681724298,1.1
1641683524271,1.1
1641685324326,1.4
1641687124411,1.4
1641688924425,1.4
1641690724412,1.3
1641692524407,1.8
1641694324510,1.8
1641696124359,1.5
1641697924399,1.5
1641699724345,1.4
1641701524450,1.4
1641703324486,1.2
1641705124515,1.1
1641706924360,1.1
1641708724705,1.1
1641710524488,1.0
1641712324531,1.0
1641714124531,1.6
1641715924467,1.6
1641717724536,1.3
1641719524605,1.3
1641721324523,1.1
1641723124516,1.1
1641724924522,1.0
1641726724638,1.0
1641728524465,1.2
1641730324617,1.1
1641732124626,1.0
1641733924575,1.0
1641735724621,1.5
1641737524612,1.5
1641739324625,1.8
1641741124633,1.8
1641742924601,1.8
1641744724684,1.8
1641746524591,1.8
1641748324615,1.6
1641750124638,1.7
1641751924642,1.7
1641753724595,1.8
1641755524687,1.7
1641757324694,1.9
1641759124551,1.7
1641760924612,2.0
1641762724580,2.2
1641764524558,2.4
1641766324696,2.3
1641768124588,2.3
1641769924629,2.3
1641771724628,2.4
1641773524623,2.6
1641775324590,2.4
1641777124803,2.4
1641778924677,2.1
1641780724730,2.3
1641782524830,2.0
1641784324884,2.0
1641786124889,2.2
1641787924940,2.5
1641789724925,2.6
1641791525028,2.6
1641793325090,2.5
1641795125199,2.5
1641796925100,2.5
1641798725267,2.3
1641800525217,2.4
1641802325355,2.4
1641804125329,2.5
1641805925451,2.5
1641807725485,2.7
1641809525551,2.7
1641811325565,3.0
1641813125666,3.0
1641814925685,3.1
1641816725690,3.1
1641818525642,3.1
1641820325882,3.1
1641822125770,2.8
1641823925964,2.9
1641825725861,2.0
1641827525959,2.0
1641829325983,2.2
1641831126110,2.2
1641832926302,2.9
1641834726128,2.9
1641836526218,1.7
1641838326355,1.7
1641840126267,1.4
1641841926324,1.4
1641843726489,1.3
1641845526451,1.0
1641847326530,0.5
1641849126450,0.6
1641850926595,0.3
1641852726606,0.6
1641854526598,0.1
1641856326597,0.1
1641858126684,-0.1
1641859926682,0.1
1641861726755,0.7
1641863526932,1.1
1641865326879,2.1
1641867126860,2.1
1641868926976,2.3
1641870727057,2.3
1641872526980,1.1
1641874327103,1.1
1641876127108,1.3
1641877927262,1.2
1641879727148,1.2
1641881527128,1.2
1641883327227,1.3
1641885127365,1.3
1641886927283,1.3
1641888727262,1.3
1641890527299,1.9
1641892327475,1.9
1641894127496,2.6
1641895927550,2.4
1641897727542,2.6
1641899527511,2.6
1641901327468,2.7
1641903127789,2.7
1641904927632,2.9
1641906727716,2.9
1641908527764,2.8
1641910327818,2.8
1641912128050,2.8
1641913927929,3.0
1641915727866,3.0
1641917527915,3.0
1641919328008,2.6
1641921128092,2.6
1641922927988,2.9
1641924728158,2.9
1641926528141,3.4
1641928328267,3.4
1641930128201,3.8
1641931928277,3.8
1641933728283,3.9
1641935528243,3.9
1641937328286,4.0
1641939128464,4.0
1641940928316,3.9
1641942728548,3.9
1641944528400,3.2
1641946328573,2.7
1641948128421,2.9
1641949928542,2.1
1641951728587,2.2
1641953528619,2.2
1641955328551,2.0
1641957128742,2.1
1641958928693,2.0
1641960728738,2.0
1641962528768,2.2
1641964328845,2.2
1641966128742,2.8
1641967928760,2.8
1641969728902,3.4
1641971529025,3.4
1641973328989,3.6
1641975129014,3.3
1641976928993,3.9
1641978729094,3.9
1641980529115,4.6
1641982330129,4.6
1641984129163,5.2
1641985929182,5.2
1641987729168,6.5
1641989529355,6.5
1641991329218,7.2
1641993129333,7.2
1641994929217,6.9
1641996729472,6.9
1641998529355,6.9
1642000329327,6.9
1642002129337,7.3
1642003929484,7.3
1642005729419,7.3
1642007529504,7.3
1642009329628,7.4
1642011129541,7.4
1642012929531,7.6
1642014729583,7.3
1642016529535,7.4
1642018329676,7.4
1642020129589,7.4
1642021929838,7.4
1642023729845,7.9
1642025529777,7.9
1642027329696,8.0
1642029129799,8.0
1642030929764,8.2
1642032729887,8.4
1642034529715,8.3
1642036329825,7.9
1642038129841,7.9
1642039929966,7.9
1642041729869,7.8
1642043529965,7.8
1642045329901,7.8
1642047129950,7.8
1642048929973,7.5
1642050729972,7.5
1642052530054,7.2
1642054330010,7.3
1642056129964,7.2
1642057929964,7.2
1642059730136,7.3
1642061532429,7.3
1642063330114,7.6
1642065130157,7.6
1642066930217,8.2
1642068730071,8.4
1642069936414,8.7
1642071736537,8.8
1642073536451,9.0
1642075336875,8.6
1642077136489,8.7
1642078936818,8.6
1642080736613,8.1
1642082536812,8.1
1642084336617,7.6
1642086137082,7.6
1642087936786,7.1
1642089737030,7.1
1642091536958,7.3
1642093337019,7.3
1642095136931,7.5
1642096937335,7.8
1642098736978,7.6
1642100537191,7.6
1642102337234,8.2
1642104137284,8.2
1642105937197,8.3
1642107738023,8.3
1642109537399,7.8
1642111337392,7.8
1642113137419,7.8
1642114937598,7.8
1642116737519,8.3
1642118537741,8.3
1642120337622,8.8
1642122137706,8.8
1642123937880,8.7
1642125737814,9.2
1642127537891,9.1
1642129337834,9.1
1642131137998,8.2
1642132938032,8.2
1642134737852,7.4
1642136538019,7.6
1642138337916,6.7
1642140138155,6.7
1642141938116,6.2
1642143738125,6.2
1642145538127,5.8
1642147338299,5.8
1642149138167,5.8
1642150938787,5.8
1642152738351,6.2
1642154538546,6.2
1642156338326,6.4
1642158138800,6.4
1642159938484,6.2
1642161738909,6.2
1642163538548,6.1
1642165338652,6.3
1642167138663,6.0
1642168938884,6.0
1642170738684,5.1
1642172538982,5.1
1642174338699,4.2
1642176138934,4.2
1642177938888,3.8
1642179739113,4.0
1642181538878,3.5
1642183339087,3.6
1642185139013,3.3
1642186939305,3.3
1642188739121,3.0
1642190539231,2.8
1642192339109,2.4
1642194139352,2.1
1642195939154,1.7
1642197739399,1.7
1642199539285,1.6
1642201339712,1.8
1642203139362,1.2
1642204939556,1.2
1642206739409,0.4
1642208539676,0.4
1642210339545,0.3
1642212139744,0.3
1642213939570,0.2
1642215739608,0.1
1642217539617,0.4
1642219339810,0.4
1642221139588,0.5
1642222939775,0.4
1642224739746,0.7
1642226539834,0.7
1642228339704,0.6
1642230139821,0.3
1642231939869,0.4
1642233740096,0.4
1642235539984,0.9
1642237339968,0.9
1642239140035,1.7
1642240940090,1.7
1642242740142,2.5
1642244540165,2.5
1642246340126,3.3
1642248140155,3.3
1642249940222,4.3
1642251740318,4.3
1642253540271,4.3
1642255340281,4.3
1642257140312,4.0
1642258940423,4.1
1642260740330,3.9
1642262540413,3.9
1642264340384,4.0
1642266140588,4.2
1642267940353,4.4
1642269740570,4.3
1642271540616,4.4
1642273340617,4.4
1642275140604,4.6
1642276940681,4.7
1642278740609,4.8
1642280540799,4.9
1642282340651,5.0
1642284140763,4.9
1642285940678,5.1
1642287741002,5.1
1642289540662,5.2
1642291340797,5.2
1642293140809,5.1
1642294941092,5.1
1642296740864,5.2
1642298540941,5.2
1642300340894,4.8
1642302141011,4.8
1642303941032,4.6
1642305740953,4.5
1642307540917,4.4
1642309341264,4.3
1642311141187,4.3
1642312941298,4.4
1642314741129,4.4
1642316541152,4.5
1642318341158,4.5
1642320141360,4.5
1642321941140,4.6
1642323741389,4.7
1642325541189,4.8
1642327341430,4.9
1642329141293,5.2
1642330941343,5.2
1642332741319,6.4
1642334541417,6.4
1642336341259,6.6
1642338141490,6.6
1642339941435,6.4
1642341741713,6.4
1642343541438,6.5
1642345341686,6.5
1642347141376,5.4
1642348941448,5.4
1642350741512,5.1
1642352541509,5.1
1642354341567,5.0
1642356141776,5.0
1642357941529,4.9
1642359741597,4.9
1642361541621,5.2
1642363341671,5.2
1642365141696,5.5
1642366941747,5.5
1642368741701,6.1
1642370541705,6.1
1642372341684,7.0
1642374141962,6.5
1642375941576,7.3
1642377741776,7.3
1642379541757,7.0
1642381341840,7.2
1642383141738,5.6
1642384941731,5.5
1642386741766,4.6
1642388541948,4.8
1642390341778,5.3
1642392141887,5.3
1642393941837,5.2
1642395741958,5.2
1642397541861,4.2
1642399341920,4.2
1642401141847,3.2
1642402942177,3.4
1642404741820,3.1
1642406542021,2.8
1642408341960,3.2
1642410142182,3.2
1642411941919,4.0
1642413742367,4.0
1642415542074,4.7
1642417342086,4.7
1642419142038,4.8
1642420942257,4.8
1642422741969,4.7
1642424542096,4.7
1642426341958,4.3
1642428142127,4.3
1642429942080,3.8
1642431742147,3.8
1642433541984,3.1
1642435342213,3.1
1642437142071,2.8
1642438942256,2.8
1642440742019,2.3
1642442542119,2.3
1642444342052,2.1
1642446142159,2.0
1642447942021,2.2
1642449742214,2.2
1642451542087,2.1
1642453342364,2.1
1642455142214,2.2
1642456942323,2.2
1642458742193,2.4
1642460542380,2.4
1642462342181,2.4
1642464142249,2.4
1642465942107,2.4
1642467742523,1.8
1642469542228,1.8
1642471342325,1.8
1642473142236,0.7
1642474942251,0.7
1642476742224,0.6
1642478542197,0.6
1642480342265,0.8
1642482142411,1.0
1642483942265,2.4
1642485742418,2.4
1642487542326,4.7
1642489342331,4.7
1642491142170,6.1
1642492942384,6.1
1642494742404,6.0
1642496542618,6.0
1642498342321,7.0
1642500142403,7.0
1642501942230,6.6
1642503742393,6.6
1642505542351,7.1
1642507342508,6.8
1642509142321,6.8
1642510942309,6.5
1642512742314,5.7
1642514542340,5.7
1642516342340,5.0
1642518142401,5.0
1642519942381,5.4
1642521742496,5.4
1642523542342,6.2
1642525342498,6.2
1642527142653,6.0
1642528942698,6.0
1642530742678,6.2
1642532542626,6.1
1642534342720,5.8
1642536142865,5.8
1642537942809,5.6
1642539743028,5.6
1642541542927,5.3
1642543343084,5.3
1642545143030,4.8
1642546943308,4.8
1642548743126,4.6
1642550543218,4.6
1642552343107,4.7
1642554143213,4.7
1642555943356,4.9
1642557743453,4.9
1642559543303,5.1
1642561343578,5.1
1642563143502,5.4
1642564943476,5.3
1642566743578,5.5
1642568543634,5.5
1642570343558,6.0
1642572143792,6.0
1642573943683,6.3
1642575743784,6.3
1642577543724,6.0
1642579343956,6.0
1642581143906,5.8
1642582944558,5.8
1642586544341,5.6
1642588343990,5.8
1642590144218,5.8
1642591944187,5.9
1642593744277,5.9
1642595544215,6.0
1642597344278,6.0
1642599144320,5.9
1642600944294,6.0
1642602744466,6.5
1642604544574,6.5
1642606344505,6.6
1642608144509,6.6
1642609944521,5.3
1642611744587,5.3
1642613544623,4.8
1642615344641,4.8
1642617144589,3.1
1642618944783,3.3
1642620744719,1.6
1642622544835,1.6
1642624344738,2.1
1642626144856,2.5
1642627944864,1.9
1642629744904,1.9
1642631544934,1.3
1642633345268,1.3
1642635145048,0.9
1642636945271,0.9
1642638744982,0.6
1642640545171,0.7
1642642345203,1.4
1642644145337,1.4
1642645945150,1.2
1642647745273,1.2
1642649545221,1.6
1642651345421,1.6
1642653145335,1.9
1642654945588,1.6
1642656745411,1.6
1642658545582,1.6
1642660345512,1.6
1642662145643,1.6
1642663945643,1.4
1642665745658,1.3
1642667545690,1.3
1642669345666,1.3
1642671145668,1.6
1642672945843,1.6
1642674745726,1.9
1642676546055,1.9
1642678345776,2.2
1642680146041,2.2
1642681254079,2.3
1642683053779,2.2
1642684853868,2.2
1642686654029,1.7
1642688453928,1.8
1642690253988,1.6
1642692054080,1.8
1642693854028,1.4
1642695654458,1.4
1642697454271,1.2
1642699254317,1.1
1642701054264,1.1
1642702854692,0.9
1642704654361,0.8
1642706454538,0.7
1642708254499,0.5
1642710054692,0.5
1642711854636,0.3
1642713654696,0.3
1642715454687,0.3
1642717254770,0.2
1642719054631,0.1
1642720854834,0.1
1642722654841,-0.1
1642724454982,-0.1
1642726254886,-0.1
1642728055198,-0.5
1642729855062,-0.6
1642731655049,-0.6
1642733454931,-0.5
1642735255194,-0.5
1642737055150,-0.3
1642738855163,-0.3
1642740655111,-0.1
1642742455309,-0.6
1642744255307,-0.1
1642746055516,-0.1
1642747855396,0.5
1642749655451,-0.2
1642751455412,0.6
1642753255530,0.3
1642755055417,1.1
1642756855956,1.1
1642758655748,2.1
1642760455599,2.1
1642762255557,4.2
1642764055846,4.8
1642765855760,4.9
1642767655729,4.9
1642769455713,4.5
1642771255922,4.2
1642773056048,5.3
1642774856093,5.3
1642776656120,6.0
1642778456027,5.8
1642780256110,5.1
1642782056225,5.1
1642783856238,4.2
1642785656124,5.0
1642787456161,4.5
1642789257935,4.4
1642791056286,3.2
1642792856249,3.2
1642794656335,2.3
1642798256528,2.0
1642800056508,2.8
1642801856473,2.2
1642803656685,2.9
1642805456507,2.4
1642807256745,2.4
1642809056641,1.9
1642810856586,1.9
1642812656648,0.9
1642814456849,1.5
1642816256869,1.1
1642818057421,1.1
1642819856934,0.6
1642821656983,0.6
1642823456918,0.8
1642825257010,1.0
1642827056867,1.0
1642828856976,1.0
1642830656963,1.0
1642832457068,1.0
1642834257080,1.9
1642836057129,2.1
1642837857082,2.6
1642839657328,2.7
1642841457312,3.2
1642843257075,3.2
1642845057164,3.8
1642846857330,3.8
1642848657301,4.8
1642850457326,4.8
1642852257336,6.6
1642854057415,6.6
1642855857593,7.0
1642857657534,7.0
1642859457598,6.3
1642861257451,6.2
1642863057529,5.7
1642864857506,5.7
1642866657475,4.7
1642868457556,4.7
1642870257647,4.2
1642872057546,4.2
1642873857671,3.8
1642875657691,3.8
1642877457658,4.1
1642879257800,4.1
1642881057854,4.2
1642882857730,4.2
1642884657815,3.9
1642886457935,3.8
1642888257801,3.9
1642890057853,3.9
1642891858116,3.8
1642893658612,3.8
1642895458017,4.7
1642897257992,5.3
1642899058634,5.1
1642900858492,5.1
1642902658346,5.1
1642904458417,5.1
1642906258349,5.0
1642908058391,5.0
1642909858266,5.0
1642911658322,5.0
1642913458336,5.8
1642915258487,5.8
1642917058566,6.5
1642918858460,6.5
1642920658517,7.2
1642922458360,7.2
1642924258396,6.0
1642926058438,6.0
1642927858437,4.6
1642929658551,4.6
1642931458597,5.7
1642933258564,6.5
1642935059085,7.7
1642936858937,7.7
1642938661129,9.0
1642940458581,9.0
1642942258687,8.9
1642944058981,8.3
1642945858661,8.0
1642947658980,8.0
1642949458730,7.3
1642951258846,7.3
1642953058819,7.1
1642954858790,7.3
1642956658805,6.7
1642958458729,6.7
1642960258853,5.9
1642962058859,5.9
1642963858882,6.3
1642965658937,6.4
1642967458863,6.4
1642969258958,6.1
1642971058806,5.8
1642972858970,5.8
1642974658981,5.6
1642976458910,5.6
1642978259125,6.6
1642980058914,6.5
1642981858995,6.5
1642983659136,6.5
1642985459007,6.3
1642987259113,6.3
1642989059099,6.0
1642990859090,5.8
1642992659121,5.6
1642994459114,5.6
1642996259196,5.3
1642998059321,5.3
1642999859161,5.1
1643001659169,5.1
1643003459315,5.2
1643005259198,5.3
1643007059205,5.1
1643008859306,5.1
1643010659360,5.3
1643012459472,5.3
1643014259421,5.3
1643016059331,5.3
1643017859341,5.4
1643019659505,5.4
1643021459371,5.4
1643023259300,5.4
1643025059581,5.6
1643026859521,5.6
1643028660431,5.9
1643030459661,5.9
1643032259570,6.1
1643034059419,6.0
1643035859393,5.8
1643037659566,5.8
1643039459458,6.0
1643041259366,6.0
1643043059443,6.0
1643044859558,6.0
1643046659384,6.0
1643048459350,6.0
1643050259568,6.1
1643052059499,6.1
1643053859505,6.2
1643055659525,6.2
1643057459672,5.8
1643059259435,5.8
1643061059646,6.4
1643062859514,6.4
1643064659615,6.8
1643066459551,6.8
1643068259732,6.7
1643070059527,6.6
1643071859767,6.1
1643073659631,6.1
1643075459758,5.5
1643077259666,5.8
1643079059641,5.3
1643080859687,5.3
1643082659717,5.0
1643084459706,5.0
1643086259730,4.6
1643088059827,4.6
1643089859726,4.1
1643091659646,4.1
1643093459709,4.0
1643095259849,4.1
1643097059756,4.0
1643098859652,4.0
1643100659766,4.3
1643102459731,3.9
1643104259718,5.0
1643106059697,5.0
1643107859904,5.8
1643109659904,5.8
1643111459731,6.4
1643113259700,6.4
1643115059869,6.3
1643116859820,6.3
1643118659819,6.3
1643120459858,6.3
1643122259751,5.9
1643124059712,5.9
1643125859839,5.8
1643127659871,5.8
1643129459674,5.3
1643131259939,5.3
1643133059852,5.4
1643134859986,5.4
1643136659876,6.1
1643138459945,5.8
1643140259953,5.8
1643142060124,5.8
1643143859912,5.7
1643145660343,5.7
1643147460213,6.0
1643149260111,6.2
1643151060331,6.3
1643152860284,6.1
1643154660416,6.2
1643156460396,6.2
1643158260332,5.9
1643160060662,5.9
1643161860438,5.4
1643163660483,5.4
1643165460667,5.3
1643167260567,5.3
1643169060913,5.4
1643170860767,5.4
1643172660703,5.5
1643174460741,5.5
1643176260957,5.6
1643178060778,5.6
1643179861095,5.8
1643181660967,5.8
1643183461232,5.9
1643185261109,5.9
1643187061039,6.2
1643188861125,6.2
1643190661838,6.7
1643192461477,6.7
1643194261374,6.6
1643196061382,6.6
1643197861295,6.5
1643199661204,6.2
1643201461476,6.3
1643203261456,6.3
1643205061542,5.9
1643206861538,5.9
1643208661877,5.8
1643210461559,6.0
1643212261738,5.8
1643214061732,6.1
1643215861663,6.0
1643217661867,6.0
1643219461797,5.7
1643221261975,5.7
1643223061919,5.7
1643224861949,6.0
1643226662063,5.9
1643228462081,5.9
1643230262061,5.7
1643232062143,5.7
1643233862074,5.9
1643235662248,6.1
1643237462232,6.1
1643239262197,6.1
1643241062333,6.6
1643242862312,6.6
1643244662342,6.6
1643246462369,6.6
1643248262445,6.5
1643250062551,6.5
1643251862556,6.5
1643253662599,6.5
1643255462891,6.7
1643257262576,6.7
1643259062733,6.9
1643260862803,7.1
1643262662747,7.4
1643264462931,7.4
1643266262714,7.1
1643268062834,7.1
1643269862834,6.4
1643271662928,6.8
1643273462951,6.4
1643275263144,6.4
1643277063014,6.0
1643278862920,6.0
1643280663076,6.1
1643282463218,6.1
1643284263175,6.2
1643286063379,6.3
1643287863098,6.3
1643289663276,6.3
1643291463559,6.3
1643293263341,6.0
1643295063314,5.8
1643296863439,6.0
1643298663454,5.8
1643300463454,5.8
1643302263366,5.1
1643304063555,5.1
1643305863448,5.5
1643307663462,5.6
1643309463642,5.7
1643311263657,5.7
1643313063709,5.4
1643314863721,5.4
1643316663670,5.0
1643318463634,5.2
1643320263893,5.0
1643322063784,5.3
1643323863889,5.0
1643325663878,5.0
1643327463928,4.4
1643329263782,4.4
1643331064121,4.4
1643332863965,4.7
1643334663983,4.7
1643336463856,4.7
1643338263880,4.3
1643340063906,4.3
1643341864208,4.1
1643343664002,4.1
1643345464171,4.0
1643347264083,3.8
1643349064325,3.1
1643350864209,3.1
1643352664244,2.8
1643354464220,3.1
1643356264274,2.6
1643358064352,2.8
1643359864317,3.3
1643361664546,3.3
1643363464386,4.5
1643365264694,4.5
1643367064408,5.2
1643368864667,5.0
1643370664428,5.5
1643372464839,5.5
1643374264357,5.5
1643376064566,5.5
1643377864528,5.2
1643379664637,5.2
1643381464655,4.6
1643383264658,4.7
1643385064640,3.9
1643386864760,3.9
1643388664718,2.7
1643390464825,3.3
1643392264618,3.4
1643394064774,3.7
1643395864637,4.0
1643397664891,4.0
1643399464821,4.1
1643401265013,4.1
1643403064750,4.1
1643404864990,4.1
1643406664732,4.3
1643408464981,4.3
1643410264786,4.8
1643412064910,4.8
1643413864953,5.2
1643415664876,5.2
1643417464879,5.3
1643419265097,5.4
1643421064948,5.7
1643422865010,5.7
1643424665050,5.9
1643426465048,5.9
1643428265081,6.6
1643430065103,6.9
1643431864964,7.3
1643433665089,7.3
1643435465294,7.5
1643437265101,7.5
1643439065140,7.6
1643440865198,7.5
1643442665167,7.6
1643444465313,7.6
1643446265207,7.6
1643448065087,7.6
1643449865360,7.7
1643451665290,8.0
1643453465237,8.0
1643455265322,8.3
1643457065285,8.4
1643458865334,8.4
1643460665307,8.5
1643462465235,8.5
1643464265313,8.2
1643466065338,8.1
1643467865387,7.7
1643469665380,7.7
1643471465351,6.2
1643473265278,6.2
1643475065386,6.0
1643476865489,6.0
1643478665467,5.4
1643480465444,6.2
1643482265445,5.9
1643484065506,5.9
1643485865415,5.7
1643487665545,5.7
1643489466812,6.0
1643491265524,5.8
1643493065454,5.1
1643494865597,5.1
1643496665434,4.7
1643498465471,4.7
1643500265440,4.3
1643502065560,4.2
1643503865540,4.7
1643505665459,4.7
1643507465731,6.2
1643509265634,6.2
1643511065745,5.8
1643512865601,5.8
1643514665700,6.0
1643516465543,6.0
1643518265602,5.8
1643520065641,5.8
1643521865658,5.9
1643523665538,5.9
1643525465708,5.9
1643527265680,5.7
1643529065656,5.5
1643530865735,5.5
1643532665867,5.4
1643534465660,5.4
1643536265607,5.9
1643538065661,5.8
1643539865755,5.9
1643541665763,5.9
1643543465598,6.0
1643545265631,6.0
1643547065788,6.0
1643548866107,6.0
1643550665784,5.8
1643552465800,5.8
1643554265830,5.2
1643556065770,5.2
1643557865783,4.5
1643559665969,4.5
1643561465803,3.8
1643563265903,3.5
1643565065944,2.6
1643566865730,2.6
1643568665849,1.7
1643570465790,1.7
1643572265909,1.4
1643574065839,1.8
1643575865855,1.2
1643577665723,1.4
1643579465783,1.1
1643581265754,1.1
1643583065923,1.6
1643584865842,1.4
1643586665875,1.5
1643588465896,1.2
1643590265869,1.3
1643592065991,1.3
1643593865903,1.6
1643595666062,1.6
1643597466133,1.5
1643599266238,1.4
1643601066261,1.2
1643602866309,1.2
1643604666360,1.4
1643606466458,1.4
1643608266324,1.7
1643610066524,1.7
1643611866509,1.4
1643613666491,0.9
1643615466573,1.2
1643617266674,1.2
1643619066686,1.7
1643620866722,1.6
1643622666753,2.6
1643624466909,2.2
1643626267045,2.5
1643628067036,2.5
1643629866987,2.8
1643631667255,2.8
1643633467052,3.1
1643635267061,3.2
1643637067128,2.9
1643638867335,3.1
1643640667308,2.8
1643642467203,2.8
1643644267368,2.3
1643646067498,2.3
1643647867483,2.1
1643649667565,2.3
1643651467618,1.3
1643653267651,1.3
1643655067716,0.1
1643656867704,0.1
1643658667708,1.2
1643660467638,1.2
1643662267836,2.2
1643664067729,2.2
1643665868097,2.4
1643667667823,1.9
1643669467899,1.8
1643671267972,1.8
1643673068142,2.0
1643674868101,2.1
1643676668242,1.8
1643678468235,1.8
1643680268149,1.4
1643682068275,1.4
1643683868303,1.7
1643685668411,1.7
1643687468477,1.6
1643689268437,1.6
1643691068546,0.9
1643692868368,0.9
1643694668603,0.5
1643696468589,0.5
1643698268835,1.7
1643700068670,1.9
1643701868777,1.5
1643703668779,1.5
1643705468831,1.4
1643707268851,1.4
1643709068953,1.2
1643710868779,0.6
1643712668939,0.5
1643714469225,0.5
1643716269014,3.3
1643718068993,3.3
1643719869198,7.0
1643721669061,6.3
1643723469058,6.6
1643725269041,6.1
1643727069096,6.2
1643728869315,6.2
1643730669120,6.2
1643732469170,6.2
1643734269259,4.4
1643736069414,4.3
1643737869493,3.4
1643739669501,3.4
1643741469461,3.6
1643743269438,3.6
1643745069554,4.0
1643746869548,3.4
1643748669563,3.2
1643750469490,3.0
1643752269560,3.6
1643754069716,3.6
1643755869648,4.8
1643757669662,4.8
1643759469820,5.7
1643761269835,5.0
1643763069819,5.0
1643764869877,5.0
1643766669877,4.5
1643768469852,4.5
1643770270635,4.2
1643772069814,4.6
1643773869999,2.9
1643775670068,2.9
1643777470104,2.0
1643779270083,2.0
1643781070141,2.3
1643782869994,2.4
1643784670211,1.9
1643786470209,1.8
1643788270215,1.4
1643790070239,1.4
1643791870625,1.7
1643793670615,1.7
1643795471350,2.6
1643797270287,1.9
1643799070353,2.6
1643800870366,2.6
1643802670398,3.5
1643804470294,3.5
1643806270424,3.9
1643808070491,3.9
1643809870490,3.7
1643811670498,3.7
1643813470490,3.4
1643815270623,3.4
1643817070624,2.8
1643818870733,2.8
1643820670504,2.2
1643822470810,2.5
1643824270762,2.2
1643826070655,2.2
1643827870714,3.1
1643829670796,3.5
1643831470849,3.5
1643833271840,2.7
1643835070799,2.2
1643836870778,2.2
1643838670865,2.6
1643840471896,2.6
1643842270819,3.4
1643844070908,3.5
1643845870986,4.3
1643847670896,3.9
1643849470965,4.3
1643851271018,4.3
1643853070961,3.9
1643854871010,3.7
1643856671075,3.9
1643860271069,3.4
1643862070985,3.4
1643863871135,3.3
1643865671151,3.3
1643867471197,3.9
1643869271188,4.1
1643871071285,4.1
1643872871129,4.1
1643874671248,3.9
1643876471187,3.9
1643878271596,4.4
1643880071338,4.6
1643881871329,5.1
1643883671278,5.4
1643885471381,6.0
1643887271377,6.0
1643889071369,5.7
1643890871333,5.7
1643892671425,5.9
1643894471469,6.8
1643896271538,6.9
1643898071502,6.9
1643899871492,7.2
1643901671569,7.2
1643903471598,6.9
1643905271542,7.0
1643907071398,6.9
1643908871597,6.9
1643910671436,6.8
1643912471508,6.8
1643914271459,6.7
1643916071551,6.6
1643917871455,6.6
1643919671580,6.6
1643921471624,6.5
1643923271630,6.5
1643925071603,6.5
1643926871517,6.5
1643928671659,6.5
1643930471840,6.6
1643932271667,6.8
1643934071740,6.8
1643935871656,6.7
1643937671701,6.7
1643939471675,6.2
1643941271648,6.3
1643943071707,6.2
1643944871738,6.2
1643946671747,6.4
1643948471679,6.4
1643950271653,6.7
1643952071696,6.7
1643953871819,6.9
1643955671746,6.9
1643957471788,6.8
1643959271867,6.8
1643961071809,6.9
1643962871874,6.9
1643964671787,5.8
1643966472444,5.7
1643968271864,4.4
1643970071922,4.4
1643971871762,3.6
1643973671792,3.6
1643975471711,4.0
1643977271822,4.9
1643979071853,5.1
1643980871811,5.1
1643982671876,5.6
1643986271851,3.8
1643988071849,3.4
1643989871766,3.4
1643991671923,3.4
1643993471960,3.5
1643995271889,3.5
1643997071830,3.5
1643998871922,3.5
1644000671936,3.2
1644002471961,2.9
1644004271858,2.6
1644006072014,2.6
1644007872114,2.5
1644009671995,2.5
1644011472040,2.1
1644013271908,2.1
1644015071877,1.8
1644016871977,1.8
1644018672032,1.6
1644020472098,1.6
1644024072022,2.1
1644025871995,1.7
1644027672025,1.6
1644029472024,2.4
1644031271932,2.4
1644033071889,3.2
1644034871976,3.2
1644036671978,2.8
1644038472059,2.7
1644040272059,2.3
1644042072171,2.3
1644043872115,2.7
1644045672246,2.7
1644047472270,3.6
1644049272346,3.1
1644051072422,3.2
1644052872771,3.2
1644054672580,3.7
1644056472401,3.7
1644058272561,4.2
1644060072656,4.2
1644061872798,4.6
1644063672685,4.2
1644065472750,4.6
1644067272908,4.6
1644069072786,5.0
1644070873014,5.4
1644072672815,5.2
1644074472936,5.2
1644076273114,4.8
1644078073085,4.8
1644079873166,4.5
1644081673217,4.5
1644083473101,4.4
1644085273249,4.4
1644087073217,4.2
1644088873190,4.4
1644090673244,5.2
1644092473335,5.2
1644094273322,6.3
1644096073412,6.3
1644097873507,6.3
1644099673639,5.4
1644101473653,5.3
1644103273560,5.3
1644105073602,5.6
1644106873752,5.6
1644108673744,4.4
1644110473747,3.7
1644112273887,3.0
1644114073952,3.4
1644115873970,3.3
1644117674106,3.3
1644119474035,3.1
1644121274016,3.0
1644123074043,2.3
1644124874105,2.7
1644126674100,2.9
1644128474202,2.9
1644130274279,2.0
1644132074224,1.3
1644133874419,1.1
1644135674476,1.1
1644137474396,3.4
1644139274484,3.4
1644141074585,4.4
1644142874491,4.4
1644144674614,4.4
1644146474640,4.4
1644148274593,3.3
1644150074689,2.9
1644151874658,1.6
1644153674678,1.6
1644155474684,3.3
1644157274707,3.6
1644159074645,3.7
1644160874672,2.6
1644162674870,1.7
1644164474955,1.7
1644166274913,1.1
1644168074986,1.1
1644169874981,1.3
1644171674901,1.3
1644173474980,1.4
1644175274952,1.0
1644177075117,0.8
1644178875084,0.8
1644180675178,0.7
1644182475099,0.7
1644184275218,1.5
1644186075211,1.5
1644187875166,1.3
1644189675226,1.3
1644191475310,1.8
1644193275193,1.8
1644195075346,1.7
1644196875275,1.8
1644198675441,2.1
1644200475296,2.1
1644202275418,2.2
1644204075449,2.2
1644205875411,2.4
1644207675411,2.2
1644209475482,2.4
1644211275479,2.6
1644213075568,3.1
1644214875662,3.1
1644216675710,3.8
1644218475965,3.8
1644220275781,3.1
1644222075715,2.8
1644223875695,3.8
1644225675792,3.8
1644227475818,4.7
1644229275793,4.7
1644231075890,4.7
1644232876000,4.9
1644234675823,5.4
1644236475915,5.7
1644238275960,5.8
1644241876041,5.8
1644243675998,5.8
1644245476135,5.3
1644247276000,5.6
1644249076103,4.8
1644250875975,4.8
1644252676200,4.4
1644254476191,4.4
1644256276104,4.3
1644258076168,4.4
1644259876184,4.0
1644263476247,4.0
1644265276298,4.0
1644267076288,3.4
1644268876313,3.4
1644270676321,3.2
1644272476417,3.5
1644274276375,3.4
1644276076348,3.4
1644277876365,3.7
1644281476438,4.3
1644283276596,4.8
1644285076536,5.2
1644286876495,5.2
1644288676530,5.5
1644290476533,5.5
1644292276529,6.3
1644294076704,6.3
1644295876666,7.0
1644297676706,6.9
1644299476739,6.9
1644301276695,6.9
1644303076682,6.7
1644304877026,6.7
1644306676811,6.6
1644310276876,6.3
1644312077139,6.3
1644313876732,7.0
1644315676857,7.0
1644317476947,7.7
1644319276803,7.8
1644321077244,7.8
1644322876922,7.8
1644324676906,7.4
1644326476954,7.4
1644328277003,7.3
1644330076942,7.3
1644331876916,6.7
1644333677023,7.0
1644335476988,6.2
1644337276969,6.2
1644339076901,5.5
1644340877143,5.6
1644342677041,4.7
1644344477097,4.7
1644346277049,4.9
1644348077127,4.9
1644349877137,5.6
1644351677085,4.6
1644353477152,4.4
1644355277136,3.5
1644357077223,3.3
1644358877249,3.4
1644360677296,3.8
1644362477226,3.8
1644364277193,4.1
1644366077287,3.6
1644367877267,3.8
1644369677188,3.9
1644371477269,3.4
1644373277423,3.4
1644375077275,3.3
1644376877328,3.7
1644378677342,3.5
1644380477446,4.2
1644382277357,4.9
1644384077402,4.9
1644385877331,6.0
1644387677233,6.0
1644389477391,4.4
1644391277314,4.0
1644393077281,4.2
1644394877364,5.0
1644396677506,6.4
1644398477364,6.4
1644400277515,7.4
1644402077404,7.0
1644403877580,6.8
1644405677368,6.9
1644407477410,7.2
1644409277362,7.2
1644411077591,7.6
1644412877606,7.5
1644414677518,7.3
1644416477584,7.4
1644418277483,6.1
1644420077529,6.1
1644421877477,3.6
1644423677575,3.6
1644425477551,4.4
1644427277575,4.9
1644429077517,4.3
1644430877529,3.8
1644432677518,3.3
1644434477560,3.3
1644436277634,3.8
1644438077457,3.8
1644439877561,3.8
1644441677565,4.0
1644443477633,3.9
1644445277502,3.9
1644447077588,3.4
1644448877555,3.4
1644450677703,3.4
1644452477732,3.6
1644454277539,3.6
1644456077664,3.6
1644457877667,3.7
1644459677510,3.7
1644461477620,3.7
1644463277608,3.5
1644465077711,3.4
1644466877629,3.4
1644468677503,3.6
1644470477705,3.6
1644472277748,3.4
1644474077588,3.0
1644475877677,2.5
1644477677673,2.5
1644479477662,2.6
1644481277548,2.6
1644483077685,3.4
1644484877684,3.4
1644486677552,4.6
1644488477766,4.5
1644490277629,5.3
1644492077766,4.7
1644493877782,5.1
1644495677873,5.1
1644497477766,5.1
1644499277807,5.5
1644501077932,5.3
1644502878089,5.3
1644504678084,4.8
1644506478154,4.8
1644508278170,4.4
1644510078149,4.8
1644511878264,4.3
1644513678318,4.2
1644515478384,4.2
1644517278395,4.2
1644519078561,3.3
1644520878894,3.3
1644522678520,2.3
1644524478622,2.5
1644526278664,2.3
1644528078661,2.1
1644529878749,2.4
1644531678705,2.4
1644533478809,2.1
1644535278870,2.1
1644537079026,0.7
1644538878912,1.0
1644540679108,1.3
1644542479091,1.3
1644544279176,2.1
1644546079243,2.1
1644547879104,1.6
1644549679310,1.1
1644551479289,1.1
1644553279323,1.1
1644555079383,0.6
1644556879452,0.6
1644558679613,0.3
1644560479433,0.3
1644562279461,0.7
1644564079628,1.4
1644565879617,1.0
1644567679517,1.0
1644569479659,1.8
1644571279699,1.8
1644573079746,2.9
1644574879760,2.7
1644576679871,3.0
1644578479944,3.0
1644580279847,3.0
1644582080014,3.0
1644583880017,2.9
1644585679939,2.9
1644587480060,2.9
1644589280304,2.9
1644591080224,2.5
1644592880273,2.7
1644594680314,1.9
1644596480340,1.9
1644598280347,1.1
1644600080397,1.1
1644601880433,0.6
1644603680352,0.9
1644605480397,0.8
1644607280705,0.7
1644609080570,0.8
1644610880539,0.7
1644612680703,1.0
1644614480697,1.0
1644616280625,1.0
1644618080659,1.0
1644619880665,0.7
1644621680698,0.7
1644623480859,0.8
1644625281076,0.8
1644627080828,0.7
1644628880920,0.7
1644630680783,1.0
1644632481158,1.5
1644634281015,1.4
1644636081141,1.2
1644637880956,1.3
1644639681086,1.3
1644641481161,1.2
1644643281108,1.2
1644645081234,1.2
1644646881282,1.5
1644648681211,1.5
1644650481243,1.5
1644652281104,1.7
1644654081156,1.7
1644655881188,2.3
1644657681350,2.2
1644659481364,2.6
1644661281272,2.6
1644663081436,3.1
1644664881579,3.1
1644666681464,4.0
1644668481581,4.0
1644670281485,4.6
1644672081547,4.6
1644673881564,4.4
1644675681595,4.4
1644677481539,4.3
1644679281620,4.3
1644681081652,4.5
1644682881736,4.7
1644684681717,4.6
1644686481785,4.6
1644688281906,4.8
1644690081993,4.8
1644691881911,4.3
1644693681897,4.0
1644695481845,3.6
1644697281879,3.7
1644699082002,3.4
1644700881916,3.4
1644702682098,3.2
1644704482097,3.2
1644706282072,3.0
1644708082080,3.2
1644709882268,3.1
1644711682172,3.1
1644713482236,3.2
1644715282233,3.2
1644717082218,3.4
1644718882311,3.4
1644720682507,4.0
1644722482286,3.8
1644724282361,3.8
1644726082416,3.8
1644727882458,4.0
1644729682404,4.0
1644731482414,4.1
1644733282461,4.1
1644735082612,4.2
1644736882502,4.2
1644738682680,4.6
1644740482433,4.6
1644742282530,4.4
1644744082434,4.4
1644745882662,4.5
1644747682704,5.3
1644749482512,5.0
1644751282792,5.0
1644753082759,4.4
1644754882747,4.4
1644756682866,4.4
1644758482739,4.7
1644760282835,4.7
1644762082798,4.7
1644763882795,4.8
1644765682759,4.8
1644767482864,4.8
1644769282922,4.7
1644771082903,4.5
1644772883010,4.5
1644774682761,4.2
1644776483046,4.2
1644778282955,3.9
1644780083094,3.9
1644781882993,3.6
1644783683109,3.5
1644785482974,3.3
1644787283067,3.3
1644789083038,3.5
1644790883109,3.6
1644792683168,3.9
1644794483190,3.6
1644796283223,3.9
1644798083223,3.9
1644799883294,4.2
1644801683317,4.2
1644803483288,4.6
1644805283249,4.2
1644807083166,4.7
1644808883314,4.7
1644810683256,5.2
1644812483312,5.2
1644814283205,5.7
1644816083321,5.4
1644817883355,5.7
1644819683253,5.7
1644821483292,5.9
1644823283244,5.9
1644825083303,6.1
1644826883311,6.1
1644828683361,6.2
1644830483306,6.2
1644832283435,6.3
1644834083484,6.3
1644835883417,6.7
1644837683477,6.7
1644839483359,6.9
1644841283481,6.9
1644843083406,7.8
1644844883473,7.9
1644846683470,8.1
1644848483256,8.1
1644850283567,7.6
1644852083546,7.6
1644853883402,7.2
1644855683453,7.2
1644857483486,7.2
1644859283319,7.2
1644861083356,7.1
1644862883419,7.1
1644864683419,7.1
1644866483501,6.6
1644868283389,6.4
1644870083457,6.4
1644871883613,6.1
1644873683473,6.1
1644875483519,6.1
1644877284129,6.1
1644879084480,6.4
1644880884440,6.3
1644882684211,6.2
1644884484192,6.2
1644886284247,6.0
1644888084436,6.0
1644889884238,5.8
1644891684707,6.0
1644893484176,5.8
1644895284134,5.8
1644897084112,4.9
1644898884243,4.9
1644900684235,5.0
1644902484339,5.0
1644904284519,5.3
1644906084383,5.3
1644907884192,5.1
1644909684323,5.1
1644911483712,4.4
1644913283604,4.4
1644915083660,4.5
1644916883619,4.5
1644918683775,4.9
1644920483640,4.9
1644922283566,5.3
1644924083603,5.3
1644925883687,5.7
1644927683667,5.7
1644929483670,6.0
1644931283643,6.3
1644933083632,6.0
1644934883746,6.0
1644936683651,6.0
1644938483558,6.0
1644940283510,5.8
1644942083551,5.8
1644943883542,5.5
1644945683710,5.5
1644947483579,4.9
1644949283703,4.9
1644951083665,4.8
1644952883904,4.8
1644954683906,4.7
1644956484372,4.7
1644958284089,4.2
1644960084199,4.2
1644961884104,3.7
1644963684272,3.6
1644965484338,3.6
1644967284382,4.0
1644969084394,4.8
1644970884321,4.8
1644972684405,5.1
1644974484420,5.1
1644976284499,3.0
1644978084428,2.5
1644979884490,2.4
1644981684592,2.4
1644983484725,3.0
1644985284680,3.0
1644987084748,3.5
1644988884820,3.1
1644990684902,2.6
1644992484993,2.1
1644994284918,1.7
1644996084996,1.7
1644997884930,2.2
1644999685084,2.2
1645001485016,3.6
1645003285123,3.6
1645005085289,4.0
1645006885254,4.0
1645008685443,4.2
1645010485320,4.2
1645012285345,4.1
1645014085631,4.1
1645019486097,2.4
1645021285547,2.4
1645023085555,2.2
1645024885730,2.2
1645026685800,2.6
1645028485815,2.6
1645030285671,3.0
1645032085772,3.0
1645033885865,3.2
1645035685928,3.2
1645037485930,3.5
1645039286496,3.5
1645041085949,5.2
1645042886010,5.2
1645044685985,5.7
1645046486116,5.7
1645048286223,5.5
1645050086218,5.5
1645051886304,5.2
1645053686218,5.2
1645055486357,4.9
1645057286312,4.9
1645059086414,3.2
1645060886456,3.2
1645062686591,2.7
1645064486608,2.7
1645066286629,2.3
1645068086665,2.3
1645069886703,2.5
1645071686556,2.5
1645073486704,2.6
1645075286781,2.6
1645077086788,2.5
1645078886894,2.5
1645080686851,2.4
1645082486801,2.4
1645084286854,3.0
1645086086946,3.0
1645087886988,3.9
1645089687030,3.9
1645091487118,4.5
1645093287151,4.4
1645095087256,4.1
1645096887255,4.1
1645098687187,5.4
1645100487233,5.1
1645102287363,6.0
1645104087252,6.0
1645105887414,6.4
1645107687278,5.9
1645109487393,5.9
1645111287494,5.9
1645113087449,4.8
1645114888548,4.8
1645116687421,4.0
1645118487475,4.0
1645120287610,3.9
1645122087684,4.5
1645123887651,4.7
1645125687703,4.7
1645127487692,4.8
1645129287763,4.8
1645131087739,4.6
1645132887826,4.4
1645134687790,4.1
1645136487893,4.1
1645138287890,3.7
1645140087872,3.7
1645141887967,4.5
1645143687881,4.5
1645145487974,3.9
1645147288010,3.5
1645149088086,3.8
1645150888143,3.8
1645152688160,4.8
1645154488024,4.8
1645156288024,4.2
1645158088138,4.2
1645159888211,3.2
1645161688133,3.9
1645163488295,3.6
1645165288335,3.6
1645167088341,3.2
1645168888464,3.2
1645170688460,3.2
1645172488453,3.4
1645174288463,3.9
1645176088373,3.9
1645177888468,4.9
1645179688569,5.3
1645181488681,5.4
1645183288595,5.4
1645185088602,5.1
1645186888616,4.9
1645188688634,4.6
1645189447698,4.6
1645191247463,3.8
1645193047511,3.8
1645194847593,2.1
1645196647640,2.1
1645198447624,0.7
1645200247717,0.7
1645202047651,0.6
1645203847744,0.6
1645205647733,0.6
1645207447824,1.7
1645209247908,2.8
1645211047892,2.5
1645212848028,3.0
1645214648071,3.0
1645216448100,3.4
1645218248191,3.4
1645220048380,3.4
1645221848368,2.5
1645223648256,2.2
1645225448532,2.2
1645227248303,3.0
1645229048418,3.0
1645230848524,2.3
1645232648781,1.9
1645234448627,1.3
1645236248718,1.3
1645238048760,1.5
1645239848817,1.5
1645241648685,2.2
1645243448898,2.6
1645245248943,2.6
1645247048871,2.6
1645248848893,3.1
1645250648978,3.1
1645252449007,2.3
1645254249107,2.3
1645256049063,2.3
1645257849063,2.3
1645259649041,2.6
1645261449247,2.6
1645263249185,4.1
1645265049363,4.1
1645266849328,5.0
1645268649378,5.0
1645270449442,5.6
1645272249652,5.6
1645274049517,5.8
1645275849543,5.8
1645277649518,4.8
1645279449679,4.8
1645281249688,5.0
1645283049726,5.0
1645284849711,4.6
1645286649847,4.6
1645288449815,2.9
1645290249798,2.9
1645292049921,2.3
1645293849892,2.3
1645295649988,2.6
1645297450011,3.6
1645299249958,3.5
1645301050218,3.5
1645302850138,3.6
1645304650180,3.0
1645306450243,2.8
1645308250278,2.6
1645310050282,2.1
1645311850421,2.1
1645313650327,3.3
1645315450520,3.3
1645317250491,3.1
1645319050511,3.4
1645320850491,1.3
1645322650629,1.3
1645324450514,0.4
1645326250710,0.4
1645328050661,-0.3
1645329850750,0.0
1645331650747,0.0
1645333450807,0.0
1645335250776,-0.1
1645337050840,-0.1
1645338850846,-0.3
1645340650795,-0.3
1645342450969,0.8
1645344250967,0.8
1645346050966,2.3
1645347850947,2.3
1645349651062,2.3
1645351451161,2.3
1645353251049,2.5
1645355051110,2.1
1645356851268,1.6
1645358651366,1.6
1645360451268,0.9
1645362251345,1.3
1645364051254,0.9
1645365851368,1.3
1645367651294,2.2
1645369451391,2.2
1645371251287,2.9
1645373051478,2.9
1645374851512,5.1
1645376651415,5.1
1645378451571,6.7
1645380251520,5.0
1645382051602,6.4
1645383851599,6.4
1645385651832,7.3
1645387451646,7.3
1645389251728,7.1
1645391051665,6.7
1645392851722,6.5
1645394651614,6.5
1645396451841,6.5
1645398251926,6.5
1645400051719,6.1
1645401851817,6.1
1645403651746,5.8
1645405451856,5.9
1645407251838,5.1
1645409051962,5.1
1645410851851,4.5
1645412652021,4.5
1645414452068,3.5
1645416252008,4.1
1645418052063,3.7
1645419852153,3.7
1645421652075,2.3
1645423452243,2.3
1645425252105,2.5
1645427052231,2.5
1645428852245,3.9
1645430652436,3.9
1645432452180,4.1
1645434252272,4.1
1645436052244,4.1
1645437852475,4.1
1645439652267,4.2
1645441452390,4.2
1645443252321,6.0
1645445052517,6.0
1645446852373,6.3
1645448652540,6.3
1645450452376,6.3
1645452252524,6.4
1645454052507,6.1
1645455852702,6.4
1645457652549,6.0
1645459452771,6.0
1645461252643,5.2
1645463052685,5.2
1645464852522,4.6
1645466652604,4.6
1645468452687,3.5
1645470252731,3.5
1645472052712,1.9
1645473852803,1.9
1645475652746,1.8
1645477452801,1.8
1645479252734,2.3
1645481052860,2.3
1645482852754,2.6
1645484653028,2.6
1645486452889,2.0
1645488252853,1.8
1645490052837,1.3
1645491852842,1.3
1645493652915,1.5
1645495452957,1.5
1645497252860,1.4
1645499053034,1.5
1645500852981,1.1
1645502653037,1.1
1645504452984,0.9
1645506252936,0.9
1645508053087,0.5
1645509853028,0.5
1645511652920,0.9
1645513453142,0.8
1645515253031,1.6
1645517053029,1.6
1645518853083,2.1
1645520653209,2.1
1645522453116,2.7
1645524253117,2.9
1645526053032,3.3
1645527853240,3.3
1645529653151,5.0
1645531453200,5.0
1645533253226,5.1
1645535053187,5.1
1645536853217,4.8
1645538653183,4.8
1645540453208,4.3
1645542253183,4.3
1645544053207,4.2
1645545853330,4.2
1645547653242,3.2
1645549453272,3.2
1645551253207,2.9
1645553053292,2.9
1645554853336,3.3
1645556653349,3.3
1645558453244,4.3
1645560253430,4.3
1645562053326,4.7
1645563853334,4.7
1645565653345,4.0
1645567453397,3.7
1645569253379,3.8
1645571053305,3.8
1645572853276,4.1
1645574653278,4.7
1645576453384,4.9
1645578253397,4.9
1645580053424,5.6
1645581853380,5.6
1645583653405,4.9
1645585453572,4.9
1645587253477,4.1
1645589053443,3.3
1645590853314,3.6
1645592653587,3.6
1645594453385,4.4
1645596253462,4.4
1645598053435,3.6
1645599853398,3.4
1645601653442,4.1
1645603453423,4.1
1645605253388,5.3
1645607053550,5.3
1645608853508,6.2
1645610653742,5.7
1645612453689,6.4
1645614253515,6.4
1645616053454,7.3
1645617853509,7.3
1645619653377,7.4
1645621453392,7.4
1645623253464,7.6
1645625053662,7.6
1645626853504,8.0
1645628653441,8.0
1645630453480,7.1
1645632253562,7.1
1645634053440,6.2
1645635853581,5.9
1645637653584,5.9
1645639453779,5.9
1645641253745,5.9
1645643053902,5.9
1645644853892,6.2
1645646654047,6.3
1645648453949,6.2
1645650254025,6.2
1645652053922,6.3
1645653854037,6.2
1645655654048,6.4
1645657454345,6.4
1645659254216,6.5
1645661054355,6.6
1645662854322,6.6
1645664654385,6.6
1645666454421,6.9
1645668254419,6.9
1645670054509,6.8
1645671854556,6.9
1645673654538,6.7
1645675454739,6.9
1645677254753,6.8
1645679054795,6.8
1645680854696,4.6
1645682654831,4.6
1645684454736,4.3
1645686254867,3.1
1645688054847,4.9
1645689854987,4.9
1645691654878,5.9
1645693455273,5.9
1645695255164,6.8
1645697055105,6.5
1645698855110,6.6
1645700655315,6.4
1645702455276,3.3
1645704255191,3.3
1645706055169,3.5
1645707855381,3.7
1645709655414,3.6
1645711455501,6.0
1645713255380,3.3
1645715055433,3.3
1645716855457,2.4
1645718655692,2.4
1645720455657,1.6
1645722255619,1.9
1645724055633,2.0
1645725855887,2.0
1645727655704,2.3
1645729456131,2.3
1645731255908,2.5
1645733055915,2.4
1645734855952,2.6
1645736656155,2.6
1645738456081,2.6
1645740256213,2.6
1645742056001,2.8
1645743856210,1.9
1645745656103,1.9
1645747456173,1.9
1645749256269,1.2
1645751056275,1.2
1645752856335,1.3
1645754656507,1.3
1645756456466,1.0
1645758256454,1.0
1645760056459,1.8
1645761856563,1.8
1645763656487,1.9
1645765456551,1.9
1645767256622,1.7
1645769056560,2.1
1645770856739,2.6
1645772656729,2.6
1645774456625,3.1
1645776256857,3.1
1645778056820,3.0
1645779856889,3.0
1645781656824,4.5
1645783456918,4.3
1645785256944,5.0
1645787056991,5.0
1645788856894,5.9
1645790656935,5.9
1645792457010,6.2
1645794257014,6.7
1645796056994,6.6
1645797857070,6.6
1645799657136,6.9
1645801457114,6.9
1645803257145,6.4
1645805057359,6.1
1645806857079,5.1
1645808657385,5.1
1645810457210,3.9
1645812257381,3.9
1645814057350,3.4
1645815857287,3.4
1645817657430,3.3
1645819457418,3.3
1645821257372,3.1
1645823057517,3.1
1645824857533,3.2
1645826657664,3.2
1645828457489,2.3
1645830257561,2.4
1645832057643,1.0
1645833857677,1.0
1645835657716,0.9
1645837457715,0.9
1645839257738,0.7
1645841057796,0.7
1645842857697,0.7
1645844657673,0.7
1645846457865,0.2
1645848257961,0.2
1645850057911,-0.2
1645851857838,-0.2
1645853657891,0.0
1645855457988,-0.3
1645857257974,-0.3
1645859058030,-0.3
1645860858013,0.1
1645862658058,0.1
1645864458033,2.0
1645866258048,1.6
1645868057959,3.6
1645869858171,3.5
1645871658075,4.4
1645873458019,4.4
1645875258050,5.2
1645877058152,5.2
1645878858264,5.9
1645880658335,6.4
1645882458207,6.7
1645884258277,6.7
1645886058336,6.6
1645887858349,6.6
1645889658322,5.9
1645891458485,6.3
1645893258262,4.9
1645895058373,4.9
1645896858385,3.1
1645898658474,3.1
1645900458401,2.2
1645902258377,2.6
1645904058525,2.8
1645905858572,2.8
1645907658415,2.0
1645909458681,2.0
1645911258609,1.9
1645913058620,1.9
1645914858519,2.2
1645916658794,1.7
1645918458669,1.5
1645920258645,1.5
1645922058669,0.7
1645923858763,0.5
1645925658644,0.4
1645927458783,0.4
1645929258749,0.2
1645931058738,0.2
1645932858778,-0.2
1645934658847,-0.2
1645936458833,-0.1
1645938258901,-0.1
1645940058834,-0.1
1645941858852,-0.1
1645943658981,-0.3
1645945458974,-0.3
1645947258968,0.7
1645949058963,0.7
1645950858843,2.4
1645952658957,2.5
1645954458938,3.9
1645956258911,3.9
1645958058903,4.5
1645959859053,4.5
1645963459100,5.3
1645965259097,5.8
1645967060069,6.3
1645968859001,6.9
1645970659095,6.9
1645972458983,6.7
1645974259035,6.7
1645976059093,5.6
1645977859130,5.8
1645979659076,3.8
1645981459152,3.8
1645983259220,2.4
1645985059257,2.4
1645986859145,1.6
1645988659115,1.8
1645990459325,1.5
1645992259256,1.5
1645994059131,1.4
1645995859214,1.4
1645997659317,0.8
1645999459289,0.8
1646001259252,0.7
1646003059559,0.7
1646004859165,0.7
1646006659257,0.7
1646008459228,0.6
1646010259443,0.6
1646012059302,1.1
1646013859356,1.2
1646015659236,1.5
1646017459388,1.5
1646019259237,1.3
1646021059364,1.3
1646022859274,1.3
1646024659478,1.2
1646026459419,0.4
1646028259516,0.4
1646030059454,-0.5
1646031859443,-0.5
1646033659412,0.8
1646035459556,0.8
1646037259343,2.2
1646039059537,2.4
1646040859392,3.8
1646042659540,3.8
1646044459557,5.0
1646046259594,5.0
1646048059534,6.0
1646049859626,5.9
1646051659433,6.6
1646053459598,6.6
1646055259517,6.9
1646057059604,6.9
1646058859557,6.6
1646060659638,7.1
1646062459479,6.1
1646064259667,6.2
1646066059473,5.1
1646067859622,5.1
1646069659443,3.9
1646071459643,3.9
1646073259642,2.8
1646075059712,3.0
1646076860061,2.6
1646078659662,2.6
1646080459598,2.2
1646082259581,2.2
1646084059615,1.8
1646085859755,1.8
1646087659709,1.6
1646089459848,1.6
1646091260445,1.2
1646093060100,1.2
1646094859983,1.0
1646096659958,1.0
1646098459946,0.9
1646100260137,0.9
1646102060088,0.8
1646103860102,0.8
1646105660264,0.7
1646107460259,0.7
1646109260314,0.9
1646111060353,1.2
1646112860427,1.2
1646114660447,1.2
1646116460451,1.3
1646118260568,1.3
1646120060681,1.6
1646121860680,1.5
1646123661907,2.1
1646125460825,2.1
1646127260714,2.4
1646129060865,2.4
1646130860929,2.4
1646132660879,2.4
1646134460889,2.5
1646136261149,2.6
1646138060952,3.6
1646139861079,4.1
1646141661128,6.5
1646143461307,6.5
1646145261214,6.7
1646147061354,6.2
1646148861301,6.1
1646150661337,6.1
1646152462727,4.6
1646154261380,4.6
1646156061356,2.9
1646157861448,2.9
1646159661461,2.0
1646161461563,2.9
1646163261609,2.6
1646165061669,2.6
1646166861553,2.3
1646168661785,2.3
1646170461662,1.6
1646172261895,1.2
1646174061695,1.0
1646175861873,1.0
1646177661942,0.8
1646179461973,0.8
1646181262038,0.4
1646183062118,0.2
1646184862068,-0.3
1646186662192,-0.3
1646188462200,0.2
1646190262269,0.2
1646192062140,0.5
1646193862303,0.5
1646195662335,0.6
1646197462365,0.6
1646199262413,0.2
1646201062380,0.2
1646202862528,0.3
1646204662419,0.3
1646206462479,1.2
1646208262570,0.7
1646210062599,2.3
1646211862675,2.3
1646213662592,4.6
1646215463163,4.6
1646217262732,6.6
1646219062663,5.8
1646220862867,7.6
1646222662826,7.6
1646224462845,8.0
1646226262836,8.0
1646228063011,7.1
1646229863025,7.1
1646231662977,6.5
1646233463085,7.0
1646235262960,5.6
1646237063171,5.6
1646238863132,4.1
1646240663243,4.1
1646242463132,2.6
1646244264316,3.7
1646246063352,3.1
1646247863383,3.1
1646249663355,2.4
1646251463340,2.4
1646253263372,1.7
1646255063483,1.7
1646256863534,1.3
1646258663554,1.6
1646260463569,1.1
1646262263749,1.1
1646264063633,0.5
1646265863689,0.5
1646267663657,0.3
1646269463750,0.3
1646271263672,0.0
1646273063806,0.0
1646274863856,-0.3
1646276663863,-0.3
1646278463762,-0.4
1646280263842,-0.6
1646282063946,-0.9
1646283864087,-0.9
1646285663965,-0.3
1646287463937,-0.3
1646289263955,-0.3
1646291064186,-0.3
1646292864046,-0.3
1646294664094,-0.3
