1639054800000,4.2
1639058400000,4
1639058400000,3.9
1639062000000,4
1639062000000,4
1639065600000,3.8
1639065600000,3.8
1639069200000,4.4
1639069200000,4.4
1639072800000,4
1639072800000,4
1639076400000,3.9
1639076400000,3.4
1639080000000,3.2
1639080000000,3.2
1639083600000,3.3
1639083600000,3.3
1639087200000,3.1
1639087200000,3.1
1639090800000,3.3
1639090800000,3
1639094400000,3.6
1639094400000,3.6
1639098000000,3.2
1639098000000,3.2
1639101600000,2.5
1639101600000,2.5
1639105200000,2.7
1639105200000,2.7
1639108800000,2.7
1639108800000,2.7
1639112400000,2.9
1639112400000,2.9
1639116000000,3
1639116000000,3
1639119600000,3.1
1639119600000,3.1
1639123200000,2.4
1639123200000,2.1
1639126800000,1.5
1639126800000,1.5
1639129290467,1.3
1639131090545,1.3
1639132890563,2.0
1639134690727,2.0
1639136490834,2.2
1639138290730,2.2
1639140090684,1.6
1639141890743,1.6
1639143690765,2.0
1639145490886,2.0
1639147290843,2.1
1639149090939,2.1
1639150890837,1.6
1639152691130,1.6
1639154490940,1.8
1639156291035,1.8
1639158090981,1.9
1639159891183,1.9
1639161691034,2.1
1639163491102,2.1
1639165291158,1.9
1639167091310,1.9
1639168891240,1.7
1639170691393,1.7
1639172491303,1.6
1639174291484,1.6
1639176091423,2.2
1639177891548,2.2
1639179691618,1.9
1639181491622,1.9
1639183291499,2.0
1639185091696,2.0
1639186891576,1.8
1639188691613,1.8
1639190491741,1.6
1639192291784,1.6
1639194091778,1.6
1639195891820,1.6
1639197691808,1.6
1639199491890,1.6
1639201291980,2.0
1639203092044,2.0
1639204891965,2.3
1639206691962,1.7
1639208492030,2.0
1639210292170,2.0
1639212092081,1.7
1639213892192,1.7
1639215692271,1.5
1639217492271,1.5
1639219292266,1.9
1639221092275,1.9
1639222892353,1.7
1639224692324,1.7
1639226492388,1.2
1639228292464,1.2
1639230092498,1.6
1639231892460,1.6
1639233692405,1.7
1639235492513,1.8
1639237292458,1.4
1639239092597,1.4
1639240892474,1.9
1639242692636,1.9
1639244492647,0.9
1639246292674,0.9
1639248092617,1.6
1639249892768,1.6
1639251692785,1.6
1639253492745,1.6
1639255292654,2.7
1639257092826,2.7
1639258892836,2.9
1639260692786,2.9
1639262492828,1.9
1639264292906,1.9
1639266092986,1.4
1639267892981,1.4
1639269692984,1.6
1639271492994,1.6
1639273292936,1.8
1639275093124,1.8
1639276893005,2.3
1639278693047,2.3
1639280493135,2.7
1639282293171,2.7
1639284093184,3.1
1639285893164,3.1
1639287693097,3.8
1639289493339,3.8
1639291293341,3.9
1639293093372,4.0
1639294893302,3.9
1639296693337,3.9
1639298493432,3.5
1639300293426,3.5
1639302093389,4.9
1639303893454,4.9
1639305693479,4.1
1639307493521,4.1
1639309293358,3.9
1639311093548,3.9
1639312893481,3.7
1639314693611,3.7
1639316493520,3.6
1639318293664,3.6
1639320093606,3.3
1639321893591,3.3
1639323693541,3.0
1639325493779,3.0
1639327293671,1.9
1639329093752,1.9
1639330893613,2.0
1639334493705,1.5
1639336293793,1.5
1639338093695,1.1
1639339893793,1.1
1639341693818,1.0
1639343493843,1.0
1639345293809,0.9
1639347093841,0.9
1639348893864,1.1
1639350693911,1.1
1639352493908,0.8
1639354293977,0.8
1639356093971,1.2
1639357894043,1.2
1639359693905,1.4
1639361494012,1.4
1639363293967,1.1
1639365094059,1.1
1639366894147,1.4
1639368693998,1.4
1639370494031,2.0
1639372294128,2.0
1639374094022,2.5
1639375894106,2.5
1639377694119,3.0
1639379494105,3.0
1639381294039,3.7
1639383094084,3.7
1639384894176,3.6
1639386694345,3.6
1639388494084,3.9
1639390294212,3.9
1639392094087,4.1
1639393894252,4.1
1639395694249,4.3
1639397494302,4.3
1639399294281,4.2
1639401094306,4.2
1639402894238,4.6
1639404694255,4.6
1639406494207,4.3
1639408294299,4.3
1639410094239,3.9
1639411894315,3.9
1639413694410,4.1
1639415494327,4.1
1639417294317,3.8
1639419094389,3.8
1639420894323,4.1
1639422694340,4.1
1639424494349,3.8
1639426294319,3.8
1639428094285,4.1
1639429894344,4.1
1639431694418,3.9
1639433494334,3.9
1639435294468,3.8
1639437094494,3.8
1639438894509,3.9
1639440694494,3.9
1639442494450,3.6
1639444294502,3.6
1639446094475,2.8
1639447894426,2.8
1639449694384,2.4
1639451494489,2.5
1639453294473,2.6
1639455094474,2.6
1639456894525,3.1
1639458694637,3.1
1639460494573,3.4
1639462294608,3.2
1639464094475,3.2
1639465894495,3.2
1639467694566,3.2
1639469494560,3.2
1639471294565,3.4
1639473094585,3.4
1639474894772,3.6
1639476694602,3.6
1639478494552,3.4
1639480294974,3.4
1639482094758,3.8
1639483894853,3.8
1639485694486,3.6
1639487494606,3.6
1639489294545,3.7
1639491094600,3.7
1639492894562,3.7
1639494694587,3.7
1639496494642,3.9
1639498294732,3.9
1639500094710,5.0
1639501894863,5.0
1639503694799,5.2
1639505494961,5.2
1639507294904,5.6
1639509094896,5.6
1639510894997,6.5
1639512695120,6.5
1639514495039,7.0
1639516295202,7.0
1639518095218,6.9
1639519895344,6.9
1639521695307,6.6
1639523495444,6.6
1639525295400,6.8
1639527095408,6.8
1639528895522,7.2
1639530695532,7.2
1639532495672,7.0
1639534295683,7.0
1639536095779,6.6
1639537895843,6.6
1639539695789,6.8
1639541495934,6.8
1639543295816,7.0
1639545096024,6.8
1639546896027,7.0
1639548696063,7.0
1639550496100,7.3
1639552296071,7.3
1639554096099,7.0
1639555896300,7.0
1639557696141,7.3
1639559496274,7.3
1639561296263,7.3
1639563096373,7.3
1639564896463,6.7
1639566696583,6.7
1639568496548,7.1
1639570296726,7.1
1639572096628,6.8
1639573896874,6.8
1639575696595,6.3
1639577496819,6.4
1639579296782,6.2
1639581096822,6.2
1639582896808,6.0
1639584696949,6.0
1639586496931,5.4
1639588296989,5.6
1639590097061,6.2
1639591897077,6.2
1639593697088,6.3
1639595497194,6.3
1639597297129,6.3
1639599097134,6.3
1639600897251,6.5
1639602697303,6.5
1639604497302,6.0
1639606297431,6.0
1639608097472,6.0
1639609897524,6.0
1639611697461,5.9
1639613497586,5.9
1639615297519,5.1
1639617097634,5.1
1639618897678,5.2
1639620697613,5.2
1639622497746,5.3
1639624297839,5.3
1639626097821,4.9
1639627897825,4.9
1639629697899,7.0
1639631497990,7.0
1639633297964,7.1
1639635098122,7.1
1639636898073,6.6
1639638698682,6.6
1639640497985,5.6
1639642298584,5.6
1639644099598,5.5
1639645898272,5.5
1639647698286,6.3
1639649498317,6.3
1639651298316,6.1
1639653098307,6.1
1639654898453,6.4
1639656698508,6.4
1639658498393,6.5
1639660298423,6.5
1639662098542,7.1
1639663898581,7.1
1639665698468,7.1
1639667498824,7.1
1639669298613,7.1
1639671098612,7.1
1639672898611,6.7
1639674698649,6.7
1639676498607,6.2
1639678298679,5.9
1639680098754,5.8
1639681898810,5.8
1639683698791,4.8
1639685498763,4.8
1639687298865,5.2
1639689098803,5.2
1639690898778,4.9
1639692698809,4.9
1639694498929,3.7
1639696298939,3.7
1639698099025,4.2
1639699899049,4.2
1639701698997,4.3
1639703498993,4.3
1639705299080,4.2
1639707099046,4.2
1639708899003,4.5
1639710699059,4.5
1639712499094,4.3
1639714299134,4.3
1639716099117,4.0
1639717899194,4.5
1639719699262,3.9
1639721499304,3.9
1639723299343,4.4
1639725099345,4.4
1639726899173,4.4
1639728699176,4.4
1639730499229,3.9
1639732299371,3.9
1639734099148,3.4
1639735899369,3.4
1639737699304,3.8
1639739499366,3.8
1639741299373,3.3
1639743099417,3.3
1639744899459,2.9
1639746699534,2.9
1639748499394,3.0
1639750299614,3.0
1639752099478,3.4
1639753899499,3.4
1639755699556,3.6
1639757499574,3.6
1639759299521,3.8
1639761099671,3.9
1639762899625,3.4
1639764699624,3.4
1639766499693,2.8
1639768299711,2.8
1639770099593,2.0
1639771899717,1.9
1639773699776,3.1
1639775499740,3.1
1639777299780,3.3
1639779099821,3.3
1639780899826,2.9
1639782699812,2.7
1639784499831,3.3
1639786299924,3.3
1639788099787,3.2
1639789899856,3.2
1639791699853,3.7
1639793499894,3.7
1639795299918,3.7
1639797099986,3.7
1639798899970,3.8
1639800699895,4.2
1639802499875,4.3
1639804300058,4.3
1639806099971,3.7
1639807900045,3.7
1639809700039,3.5
1639811500025,3.5
1639813299985,3.2
1639815100096,3.2
1639816900032,4.0
1639818700162,4.0
1639820501054,4.7
1639822301711,4.7
1639824101129,4.5
1639825901159,4.5
1639827701512,5.2
1639829500933,5.2
1639831301361,5.7
1639833101305,5.7
1639834901243,6.4
1639836701241,6.4
1639838501302,6.2
1639840301037,6.2
1639842101265,6.2
1639843901659,6.2
1639845701577,6.6
1639847501798,6.6
1639849301148,6.8
1639851101487,6.8
1639852901706,7.8
1639854701435,7.8
1639856501546,8.1
1639858301154,8.1
1639860101267,9.7
1639861901384,9.7
1639863701676,9.7
1639865501436,9.7
1639867301743,9.3
1639869101161,9.3
1639870900454,7.9
1639872701137,7.9
1639874500957,7.2
1639876300494,7.2
1639878101398,6.3
1639879901496,6.4
1639881700983,6.9
1639883501210,6.9
1639885301472,6.3
1639887100819,6.3
1639888901037,6.6
1639890700592,6.8
1639892500552,6.1
1639894301655,6.1
1639896101576,6.2
1639897901541,6.2
1639899701510,6.3
1639901500654,6.2
1639903300494,5.8
1639905100693,5.8
1639906900729,5.3
1639908700519,5.3
1639910500685,4.5
1639912300518,4.3
1639914100535,5.4
1639915900662,5.4
1639917700643,5.3
1639919500605,5.3
1639921300662,4.6
1639923100618,4.6
1639924900624,4.0
1639926700912,4.0
1639928500712,3.7
1639930300554,4.1
1639932100783,3.5
1639933900687,3.5
1639935700683,3.2
1639937500706,3.2
1639939300719,3.3
1639941100621,3.3
1639942900680,3.3
1639944700710,3.3
1639946500647,3.5
1639948300593,3.5
1639950100585,3.5
1639951900684,3.5
1639953700780,3.1
1639955500740,3.1
1639957300780,2.8
1639959100838,2.8
1639960901017,2.6
1639962700931,2.7
1639964501023,2.8
1639966301017,2.8
1639968101101,2.7
1639969901225,2.7
1639971701185,2.6
1639973501365,2.6
1639975301245,2.6
1639977101232,2.6
1639978901313,2.5
1639980701457,2.5
1639982501352,2.5
1639984301509,2.5
1639986101598,2.3
1639987901560,2.3
1639989701548,2.4
1639991501529,2.4
1639993301615,2.5
1639995101742,2.5
1639996901764,2.8
1639998701728,2.5
1640000501815,2.8
1640002302017,2.8
1640004102209,2.7
1640005901910,2.7
1640007702072,2.6
1640009502187,2.6
1640011302031,2.7
1640013102288,2.7
1640014902215,2.5
1640016702282,2.5
1640018502190,2.1
1640020302389,2.1
1640022102408,1.8
1640023902523,1.8
1640025702464,1.7
1640027502368,1.7
1640029302506,1.5
1640031102609,1.5
1640032902525,1.1
1640034702621,1.1
1640036502559,1.0
1640038302652,1.0
1640040102620,0.4
1640041902811,0.5
1640043702801,0.7
1640045502882,0.7
1640047302861,0.6
1640049102969,0.6
1640050902863,0.9
1640052703102,0.9
1640054503093,1.0
1640056303071,1.0
1640058102982,1.1
1640059903127,1.1
1640061703077,1.4
1640063503191,1.4
1640065303184,2.3
1640067103312,2.3
1640068903189,2.8
1640070703402,2.8
1640072503274,3.0
1640074303482,3.3
1640076103457,4.4
1640077903492,4.4
1640079703481,4.1
1640081503666,4.1
1640083303570,4.0
1640085103708,4.0
1640086903531,2.0
1640088703755,2.0
1640090503710,1.8
1640092303766,1.8
1640094103764,1.3
1640095903823,1.3
1640097703839,1.2
1640099503917,1.2
1640101303857,1.1
1640103103887,1.1
1640104903902,1.9
1640106704036,2.9
1640108504049,2.7
1640110304008,2.7
1640112104162,2.5
1640113904132,2.5
1640115704127,2.3
1640117504269,2.3
1640119304159,1.6
1640121104249,1.6
1640122904276,1.8
1640124704511,1.8
1640126504354,1.9
1640128304270,1.9
1640130104368,0.6
1640131904418,1.6
1640133704365,1.1
1640135504566,1.1
1640137304432,1.1
1640139104630,1.1
1640140904536,0.6
1640142704633,0.6
1640144504634,1.0
1640146304663,0.6
1640148104542,0.7
1640149904708,0.7
1640151704591,1.1
1640153504755,1.1
1640155304833,1.0
1640157104797,1.0
1640158904823,1.1
1640160704854,1.1
1640162504908,1.3
1640164304922,1.3
1640166104917,1.2
1640167904961,1.2
1640169704867,1.6
1640171504923,1.6
1640173305009,1.3
1640175105034,1.3
1640176905077,1.6
1640178705216,1.6
1640180505026,1.4
1640182305216,1.4
1640184105155,1.5
1640185905086,1.5
1640187705237,1.5
1640189505318,1.5
1640191305238,2.1
1640193105294,2.1
1640194905252,1.0
1640196705295,1.0
1640198505324,1.3
1640200305374,1.3
1640202105522,1.7
1640203905380,1.7
1640205705367,2.5
1640207505322,2.5
1640209305336,3.3
1640211105529,3.3
1640212905389,2.9
1640214705500,3.4
1640216505491,3.2
1640218305513,3.2
1640220105630,2.8
1640221905635,2.8
1640223705608,2.8
1640225505629,3.0
1640227305632,3.4
1640229105630,3.4
1640230905676,2.9
1640232705905,2.9
1640234505727,2.9
1640236305821,2.3
1640238105818,2.5
1640239905711,2.5
1640241705788,2.6
1640243505785,2.6
1640245305770,2.4
1640247105828,2.3
1640248905777,2.3
1640250705956,2.3
1640252505918,2.5
1640254305925,2.5
1640256105947,2.2
1640257905979,2.2
1640259706006,2.1
1640261505981,2.1
1640263306031,2.1
1640265106018,2.1
1640266905972,2.1
1640268705994,1.9
1640270506033,1.4
1640272306149,1.4
1640274105944,1.2
1640275906080,1.2
1640277706087,1.3
1640279506058,1.3
1640281306120,0.7
1640283106075,0.7
1640284906126,1.3
1640286706253,1.3
1640288506194,1.6
1640290306269,1.6
1640292106149,1.8
1640293906207,1.8
1640295706340,3.4
1640297506220,3.4
1640299306145,3.0
1640301106301,3.0
1640302906274,2.2
1640304706530,2.8
1640306506333,3.5
1640308306376,3.5
1640310106351,3.1
1640311906375,3.1
1640313706282,3.7
1640315506297,3.7
1640317306288,2.9
1640319106432,2.9
1640320906328,7.0
1640322706402,7.0
1640324506395,7.8
1640326306336,7.8
1640328106521,6.8
1640329906587,6.8
1640331706428,6.8
1640333506522,6.8
1640335306441,6.5
1640337106440,6.5
1640338906483,6.5
1640340706533,6.5
1640342506498,6.4
1640344306610,6.4
1640346106580,7.0
1640347906563,7.0
1640349706421,5.1
1640351506498,5.1
1640353306583,3.8
1640355106595,3.8
1640356906595,2.3
1640358706673,2.3
1640360506578,2.7
1640362306651,2.7
1640364106619,3.0
1640365906648,3.0
1640367706591,3.0
1640369506626,3.0
1640371306640,2.5
1640373106652,2.5
1640374906630,2.4
1640376706687,2.4
1640378506634,2.4
1640380306717,2.4
1640382106513,2.6
1640383906686,2.6
1640385706549,3.3
1640387506662,3.3
1640389306615,3.8
1640391106678,3.8
1640392906567,3.4
1640394706614,3.4
1640396506648,2.2
1640398306674,2.2
1640400106722,2.3
1640401906663,2.3
1640403706669,2.2
1640405506825,2.2
1640407306598,2.0
1640409106635,1.9
1640410906761,1.6
1640412706744,1.6
1640414506778,1.9
1640416306975,1.9
1640418106845,2.0
1640419906970,2.1
1640421706947,2.0
1640423507071,2.0
1640425307036,2.2
1640427107081,2.2
1640428907227,2.4
1640430707253,2.4
1640432507202,2.9
1640434307382,2.9
1640436107913,3.0
1640437907380,3.0
1640439707404,2.6
1640441507588,2.6
1640443307558,2.5
1640445107642,2.5
1640446907672,2.6
1640448707740,2.6
1640450507771,2.6
1640452307841,2.6
1640454107836,2.5
1640455907932,2.5
1640457707999,2.4
1640459507959,2.4
1640461307964,2.5
1640463108066,2.5
1640464908156,2.5
1640466708286,2.5
1640468508354,2.4
1640470308382,2.4
1640472108274,2.1
1640473908450,2.1
1640475708425,1.9
1640477508423,1.9
1640479308623,2.0
1640481108592,2.0
1640482908747,1.9
1640484708711,1.9
1640486508699,2.1
1640488308614,2.1
1640490108842,2.2
1640491908945,2.2
1640493708909,2.0
1640495509042,2.0
1640497308925,1.8
1640499108949,1.8
1640500908922,1.3
1640502709066,1.3
1640504509040,1.1
1640506309099,1.1
1640508109109,1.1
1640509909085,1.1
1640511709195,1.1
1640513509242,1.3
1640515309157,1.0
1640517109234,1.0
1640518909299,1.4
1640520709401,1.4
1640522509347,1.7
1640524309490,1.7
1640526109418,1.6
1640527909518,1.6
1640529709518,1.4
1640531509515,1.4
1640533309564,1.4
1640535109716,1.4
1640536909731,1.5
1640538709704,1.6
1640540509708,1.5
1640542309864,1.5
1640544109752,1.5
1640545909832,1.5
1640547709954,1.2
1640549509906,1.2
1640551309910,1.7
1640553109935,1.7
1640554910040,1.8
1640556710100,1.8
1640558510092,1.9
1640560310094,2.1
1640562110123,2.2
1640563910146,2.2
1640565710096,1.9
1640567510299,1.9
1640569310316,1.6
1640571110290,1.6
1640572910392,2.0
1640574710397,2.0
1640576510403,2.4
1640578310517,2.2
1640580110525,2.6
1640581910467,2.6
1640583710633,3.3
1640585510505,3.3
1640587310562,3.9
1640589110686,3.9
1640590910651,4.4
1640592710692,4.3
1640594510636,4.6
1640596310695,4.6
1640598110626,5.8
1640599910757,5.8
1640601710786,7.1
1640603510818,7.1
1640605310890,7.3
1640607110874,7.3
1640608910814,7.3
1640610710938,7.3
1640612510939,7.3
1640614311077,7.3
1640616111007,7.5
1640617910992,7.5
1640619711033,7.6
1640621511130,7.6
1640623311167,8.2
1640625111109,8.2
1640626911168,7.7
1640628711279,7.7
1640630511243,7.3
1640632311169,7.3
1640634111315,6.9
1640635911287,6.7
1640637711346,6.8
1640639511334,6.8
1640641311351,6.4
1640643111445,6.4
1640644911325,6.1
1640646711470,6.6
1640648511401,5.9
1640650311541,5.9
1640652111418,5.4
1640653911531,5.4
1640655711625,5.7
1640657511618,5.6
1640659311645,5.5
1640661111588,5.5
1640662911647,5.5
1640664711642,5.5
1640666511669,5.9
1640668311640,5.9
1640670111779,6.1
1640671911669,6.1
1640673711785,5.7
1640675511759,5.7
1640677311837,5.3
1640679111759,5.3
1640680911899,5.3
1640682711922,5.3
1640684511890,5.2
1640686311882,5.2
1640688111972,4.9
1640689911889,4.9
1640691711950,4.6
1640693511938,4.6
1640695311920,4.7
1640697111925,4.7
1640698912032,5.1
1640700712015,5.1
1640702512118,4.7
1640704312131,4.7
1640706112087,3.9
1640707912088,3.9
1640709712132,3.4
1640711512141,3.4
1640713312115,4.1
1640715112144,4.1
1640716912154,3.2
1640718712297,3.2
1640720512284,3.5
1640722312240,3.5
1640724112239,2.8
1640725912296,2.8
1640727712259,1.8
1640729512318,1.8
1640731312301,1.9
1640733112358,1.6
1640734912325,1.7
1640736712345,1.7
1640738512378,2.2
1640740312377,2.2
1640742112393,1.2
1640743912407,1.1
1640745712472,1.1
1640747512523,1.1
1640749312414,1.3
1640751112496,1.3
1640752912577,1.4
1640754712524,1.4
1640756512603,0.8
1640758312503,0.8
1640760112534,0.4
1640761912608,0.4
1640763712623,0.6
1640765512660,0.6
1640767312547,1.2
1640769112662,1.2
1640770912533,0.5
1640772712712,0.5
1640774512717,0.6
1640776312618,0.6
1640778112698,1.1
1640779912744,1.1
1640781712576,1.1
1640783512720,1.1
1640785312682,1.7
1640787112596,1.7
1640788912913,2.0
1640790712799,2.0
1640792512748,2.4
1640794312761,2.6
1640796112721,2.7
1640797912668,2.7
1640799712796,2.5
1640801512781,2.5
1640803312801,2.6
1640805112738,2.6
1640806912796,3.1
1640808712838,3.1
1640810512704,3.7
1640812312877,3.7
1640814112820,4.3
1640815912901,4.3
1640817712841,5.3
1640819512778,5.3
1640821312868,5.3
1640823112869,5.3
1640824912895,5.4
1640826712868,5.4
1640828512859,5.4
1640830313121,5.4
1640832112860,6.5
1640833912947,6.5
1640835712796,6.1
1640837512916,6.1
1640839312926,5.6
1640841113018,5.6
1640842912817,5.2
1640844712843,5.2
1640846512843,5.3
1640848312986,5.3
1640850112866,5.0
1640851912845,5.0
1640853712974,5.6
1640855512877,5.6
1640857312805,5.9
1640859112966,5.9
1640860912925,5.5
1640862712940,5.5
1640864512976,5.2
1640866312903,5.2
1640868112966,5.1
1640869913036,5.1
1640871713110,5.1
1640873513165,5.1
1640875313214,6.5
1640877113362,6.5
1640878913277,7.5
1640880713458,7.5
1640882513274,7.8
1640884313388,8.0
1640886113467,8.0
1640887913601,8.0
1640889713561,8.6
1640891513563,8.6
1640893313577,8.4
1640895113721,8.4
1640896913704,8.7
1640898713884,8.7
1640900513713,8.0
1640902313858,8.0
1640904113804,6.9
1640905913834,6.9
1640907713946,6.4
1640909513994,6.4
1640911314089,5.7
1640913114029,5.7
1640914914135,5.0
1640916714159,5.0
1640918514125,4.3
1640920314293,4.3
1640922114277,3.7
1640923914259,3.7
1640925714410,3.6
1640927514401,3.6
1640929314458,3.5
1640931114577,3.5
1640932914480,3.9
1640934714673,3.9
1640936514645,4.0
1640938314553,4.0
1640940114686,4.5
1640941914802,4.5
1640943714795,4.4
1640945514770,4.4
1640947314873,4.2
1640949114842,4.9
1640950914844,4.9
1640952714870,4.9
1640954514966,4.7
1640956315005,4.7
1640958115066,4.9
1640959915094,4.9
1640961715161,3.9
1640963515130,3.9
1640965315151,3.2
1640967115111,3.2
1640968915257,4.2
1640970715249,4.6
1640972515320,5.0
1640974315327,5.0
1640976115419,5.2
1640977915386,5.5
1640979715427,5.1
1640981515455,5.1
1640983315514,4.8
1640985115521,4.8
1640986915573,4.2
1640988715630,4.2
1640990515675,4.7
1640992315691,4.7
1640994115726,5.2
1640995915728,5.2
1640997715819,5.2
1640999515895,5.2
1641001315892,4.8
1641003115934,5.4
1641004915954,4.3
1641006716044,4.3
1641008515942,2.8
1641010315952,2.8
1641012116057,3.5
1641013916157,3.5
1641015716152,3.1
1641017516256,3.1
1641019316229,2.3
1641021116293,2.3
1641022916283,1.5
1641024716248,1.5
1641026516281,0.6
1641028316464,0.6
1641030116344,0.9
1641031916321,0.7
1641033716383,1.8
1641035516354,1.8
1641037316356,2.6
1641039116561,2.6
1641040916539,3.1
1641042716647,3.1
1641044516618,2.4
1641046316580,2.4
1641048116529,3.4
1641049916807,3.4
1641051716628,3.8
1641053516893,3.7
1641055316901,4.3
1641057116849,4.3
1641058916862,4.7
1641060716969,4.7
1641062516884,4.2
1641064316898,4.2
1641066116962,5.5
1641067916907,6.2
1641069716967,6.5
1641071517057,6.5
1641073317025,6.6
1641075117059,6.6
1641076917112,6.2
1641078717172,6.2
1641080517090,5.5
1641082317142,5.5
1641084117128,5.2
1641085917193,5.2
1641087717219,4.8
1641089517214,5.2
1641091317239,4.6
1641093117257,4.6
1641094917184,4.6
1641096717338,4.6
1641098517311,4.9
1641100317425,5.0
1641102117394,5.1
1641103917437,5.1
1641105717484,5.6
1641107517481,5.6
1641109317364,5.4
1641111117528,5.6
1641112917482,5.5
1641114717481,5.5
1641116517516,5.3
1641118317489,5.3
1641120117509,4.7
1641121917616,5.0
1641123717535,3.6
1641125517558,3.6
1641127317613,2.7
1641129117670,2.7
1641130917661,3.5
1641132717694,3.5
1641134517675,3.2
1641136317776,3.2
1641138117683,3.1
1641139917771,3.2
1641141717851,5.0
1641143517816,5.0
1641145317769,4.8
1641147117903,4.8
1641148917855,5.3
1641150717785,5.3
1641152518000,5.8
1641154317924,6.5
1641156117820,6.4
1641157917944,6.4
1641159717976,6.4
1641161517986,6.4
1641163317900,5.7
1641165117904,6.1
1641166918011,4.9
1641168718101,4.9
1641170518051,4.2
1641172317968,4.2
1641174117978,4.0
1641175918015,4.0
1641177718133,4.0
1641179518160,4.0
1641181318112,3.8
1641183118237,3.8
1641184918163,6.3
1641186718250,6.3
1641188518108,5.9
1641190318258,5.9
1641192118203,5.9
1641193918271,5.9
1641195718078,6.1
1641197518289,6.1
1641199318122,6.8
1641201118298,6.8
1641202918346,6.9
1641204718263,6.9
1641206518321,7.3
1641208318416,7.3
1641210118249,7.6
1641211918365,7.6
1641213718382,7.9
1641215518418,7.9
1641217318310,7.9
1641219118471,7.9
1641220918403,7.8
1641222718499,7.8
1641224519171,7.9
1641226318315,7.9
1641229918299,8.5
1641231718370,8.8
1641233518323,8.8
1641235318456,6.3
1641237118366,6.3
1641238918565,6.1
1641240718491,5.9
1641242518444,4.7
1641244318521,4.7
1641246118469,3.7
1641247918380,3.7
1641249718371,2.7
1641251518427,2.7
1641253318522,2.7
1641255118524,2.7
1641256918515,2.9
1641258718565,3.1
1641260518530,3.3
1641262318625,3.3
1641264118529,3.4
1641265918513,3.4
1641267718609,3.4
1641269518540,3.4
1641271318496,3.8
1641273118652,4.1
1641274918616,4.6
1641276718585,4.6
1641278518553,4.6
1641280318795,4.8
1641282118511,4.6
1641283918522,4.6
1641285718590,4.6
1641287518602,4.6
1641289318626,5.0
1641291118532,5.0
1641292918542,5.3
1641294718689,5.4
1641296518557,6.0
1641298318647,6.0
1641300118669,4.7
1641301918612,4.7
1641303718610,5.1
1641305518621,5.1
1641307318583,6.0
1641309118560,6.0
1641310918657,5.9
1641312718679,5.9
1641314518618,4.6
1641316318666,4.6
1641318118626,5.8
1641319918642,5.8
1641321718625,4.5
1641323518701,4.5
1641325318766,4.8
1641327118791,5.0
1641328918867,7.3
1641330718758,7.3
1641332518843,5.5
1641334318886,5.5
1641336118907,5.8
1641337918940,5.8
1641339719031,4.8
1641341519066,4.8
1641343318992,5.0
1641345119157,5.0
1641346919220,5.3
1641348719363,5.7
1641350519324,6.1
1641352319302,6.1
1641354119418,4.4
1641355919506,4.4
1641357719481,3.9
1641359519556,3.9
1641361319490,3.6
1641363120815,3.6
1641364921103,4.3
1641366721260,4.3
1641368519714,2.4
1641370319919,2.8
1641372119849,2.6
1641373919844,2.6
1641375719856,3.1
1641377519943,3.1
1641379319985,4.2
1641381120111,4.2
1641382920100,5.5
1641384720208,5.5
1641386520155,5.9
1641388320131,5.9
1641390120325,5.1
1641391920344,5.7
1641393720434,5.4
1641395520507,5.4
1641397320354,5.1
1641399120356,5.1
1641400920408,5.3
1641402720398,5.3
1641404520404,4.4
1641406320662,4.4
1641408120601,3.8
1641409920718,3.8
1641411720597,3.2
1641413520842,3.2
1641415320713,2.8
1641417120927,2.8
1641418920856,3.9
1641420720926,3.9
1641422520926,3.5
1641424321054,3.5
1641426121010,3.4
1641427921873,3.4
1641429721866,3.3
1641431521175,3.3
1641433321237,2.8
1641435121325,2.8
1641436921240,2.1
1641438721252,2.1
1641440521319,2.2
1641442321319,2.2
1641444121390,2.1
1641445921532,2.2
1641447721538,1.9
1641449521476,1.9
1641451321403,1.7
1641453121478,1.7
1641454921477,1.8
1641456721636,1.8
1641458521528,1.8
1641460321631,1.8
1641462121670,1.7
1641463921604,1.7
1641465721792,2.4
1641467521769,2.4
1641469321867,2.5
1641471121850,2.5
1641472921945,2.4
1641474721911,2.4
1641476521964,2.2
1641478322009,2.4
1641480122009,2.5
1641481922068,2.5
1641483722089,2.6
1641485522205,2.6
1641487322187,2.4
1641489122299,2.4
1641490922216,2.5
1641492722260,2.5
1641494522259,2.6
1641496322366,2.6
1641498122325,2.9
1641499922449,2.9
1641501722435,3.2
1641503522370,3.2
1641505322481,3.9
1641507122403,3.9
1641508922597,3.5
1641510722556,3.3
1641512522545,4.1
1641514322621,4.1
1641516122649,4.6
1641517922684,4.6
1641519722729,4.7
1641521522792,4.7
1641523322752,5.0
1641525123000,5.0
1641526922841,5.9
1641528722866,5.9
1641530522914,6.0
1641532322972,6.0
1641534122974,6.2
1641535923038,6.2
1641537723036,6.3
1641539522996,6.3
1641541323066,6.7
1641543123114,6.7
1641544923121,6.1
1641546723040,6.1
1641548523133,5.4
1641550323217,5.4
1641552123117,5.3
1641553923240,5.8
1641555723167,4.7
1641557523270,4.7
1641559323140,5.5
1641561123215,5.5
1641562923324,4.0
1641564723230,4.0
1641566523388,3.4
1641568323347,3.4
1641570123361,4.1
1641571923481,4.1
1641573723488,3.8
1641575523448,3.8
1641577323504,3.8
1641579123416,3.8
1641580923461,3.9
1641582723477,3.3
1641584523639,3.9
1641586323598,3.9
1641588123721,4.0
1641589923792,4.0
1641591723705,4.3
1641593523717,4.3
1641595323748,4.2
1641597123741,4.2
1641598923767,4.5
1641600723749,4.5
1641602523846,4.6
1641604323859,4.6
1641606123769,3.7
1641607923823,3.7
1641609723822,3.7
1641611523951,3.7
1641613323768,4.0
1641615123903,4.0
1641616923787,3.8
1641618723895,3.8
1641620523823,4.3
1641622323867,3.9
1641624123909,4.0
1641625923947,4.0
1641627723962,2.8
1641629523944,2.8
1641631324060,4.2
1641633123915,4.2
1641634923927,4.7
1641636724075,4.7
1641638523973,6.1
1641640323994,6.1
1641642124120,5.3
1641643925056,5.3
1641645724070,4.3
1641647524251,4.3
1641649324043,2.9
1641651124258,1.0
1641652924075,0.9
1641654724194,0.9
1641656524076,1.6
1641658324196,1.4
1641660124116,1.6
1641661924259,1.6
1641663724260,2.0
1641665524416,2.0
1641667324366,2.5
1641669124275,2.5
1641670924294,2.8
1641672724265,2.8
1641674524283,2.8
1641676324236,2.8
1641678124348,3.2
1641679924434,3.2
1641681724298,4.7
1641683524271,4.7
1641685324326,5.6
1641687124411,5.6
1641688924425,7.1
1641690724412,7.1
1641692524407,7.1
1641694324510,7.1
1641696124359,7.9
1641697924399,7.9
1641699724345,8.1
1641701524450,8.1
1641703324486,7.4
1641705124515,6.6
1641706924360,6.7
1641708724705,6.7
1641710524488,6.9
1641712324531,6.9
1641714124531,6.2
1641715924467,6.2
1641717724536,6.0
1641719524605,6.0
1641721324523,6.1
1641723124516,6.1
1641724924522,5.8
1641726724638,5.8
1641728524465,5.3
1641730324617,5.3
1641732124626,5.3
1641733924575,5.3
1641735724621,5.5
1641737524612,5.5
1641739324625,6.7
1641741124633,6.7
1641742924601,7.3
1641744724684,7.3
1641746524591,7.3
1641748324615,6.5
1641750124638,6.9
1641751924642,6.9
1641753724595,7.0
1641755524687,7.0
1641757324694,7.3
1641759124551,6.4
1641760924612,6.5
1641762724580,6.5
1641764524558,6.7
1641766324696,6.7
1641768124588,6.4
1641769924629,6.4
1641771724628,6.8
1641773524623,6.8
1641775324590,6.1
1641777124803,6.1
1641778924677,5.4
1641780724730,6.0
1641782524830,5.6
1641784324884,5.6
1641786124889,5.4
1641787924940,5.4
1641789724925,5.6
1641791525028,5.2
1641793325090,5.6
1641795125199,5.6
1641796925100,5.4
1641798725267,4.7
1641800525217,5.2
1641802325355,5.2
1641804125329,5.2
1641805925451,5.2
1641807725485,4.8
1641809525551,4.8
1641811325565,5.7
1641813125666,5.7
1641814925685,5.4
1641816725690,5.4
1641818525642,5.5
1641820325882,5.5
1641822125770,4.7
1641823925964,4.7
1641825725861,2.5
1641827525959,2.5
1641829325983,2.9
1641831126110,2.9
1641832926302,3.2
1641834726128,3.2
1641836526218,3.1
1641838326355,3.1
1641840126267,2.5
1641841926324,2.5
1641843726489,4.0
1641845526451,3.5
1641847326530,3.3
1641849126450,3.3
1641850926595,3.2
1641852726606,3.2
1641854526598,3.5
1641856326597,3.5
1641858126684,3.4
1641859926682,3.4
1641861726755,3.6
1641863526932,3.6
1641865326879,4.5
1641867126860,4.5
1641868926976,3.3
1641870727057,3.3
1641872526980,3.8
1641874327103,3.8
1641876127108,4.9
1641877927262,4.9
1641879727148,4.9
1641881527128,4.9
1641883327227,4.8
1641885127365,4.8
1641886927283,4.4
1641888727262,4.4
1641890527299,5.5
1641892327475,5.5
1641894127496,5.5
1641895927550,5.5
1641897727542,5.4
1641899527511,5.4
1641901327468,5.7
1641903127789,5.7
1641904927632,5.0
1641906727716,5.0
1641908527764,4.4
1641910327818,4.4
1641912128050,4.6
1641913927929,4.6
1641915727866,5.3
1641917527915,5.3
1641919328008,6.0
1641921128092,6.0
1641922927988,6.2
1641924728158,6.2
1641926528141,6.1
1641928328267,6.1
1641930128201,4.4
1641931928277,4.4
1641933728283,3.8
1641935528243,3.8
1641937328286,3.5
1641939128464,3.5
1641940928316,3.1
1641942728548,3.1
1641944528400,4.6
1641946328573,4.6
1641948128421,3.6
1641949928542,3.6
1641951728587,3.2
1641953528619,3.2
1641955328551,3.6
1641957128742,3.6
1641958928693,3.8
1641960728738,3.8
1641962528768,4.0
1641964328845,4.0
1641966128742,3.9
1641967928760,3.9
1641969728902,4.4
1641971529025,4.4
1641973328989,4.8
1641975129014,4.8
1641976928993,5.0
1641978729094,5.0
1641980529115,4.8
1641982330129,4.8
1641984129163,5.5
1641985929182,5.5
1641987729168,6.7
1641989529355,6.7
1641991329218,6.5
1641993129333,6.5
1641994929217,6.4
1641996729472,6.4
1641998529355,6.8
1642000329327,6.8
1642002129337,6.7
1642003929484,6.7
1642005729419,6.4
1642007529504,6.4
1642009329628,6.3
1642011129541,6.3
1642012929531,6.5
1642014729583,7.0
1642016529535,6.2
1642018329676,6.2
1642020129589,6.4
1642021929838,6.4
1642023729845,7.4
1642025529777,7.4
1642027329696,8.3
1642029129799,8.3
1642030929764,7.9
1642032729887,7.9
1642034529715,8.2
1642036329825,8.2
1642038129841,8.0
1642039929966,8.1
1642041729869,8.0
1642043529965,8.0
1642045329901,8.6
1642047129950,8.6
1642048929973,8.5
1642050729972,8.1
1642052530054,7.3
1642054330010,7.3
1642056129964,7.5
1642057929964,7.5
1642059730136,8.3
1642061532429,8.3
1642063330114,8.1
1642065130157,8.1
1642066930217,9.0
1642068730071,9.0
1642069936414,10.2
1642071736537,9.1
1642073536451,10.5
1642075336875,10.5
1642077136489,10.5
1642078936818,10.5
1642080736613,10.0
1642082536812,10.0
1642084336617,9.3
1642086137082,9.3
1642087936786,8.6
1642089737030,8.6
1642091536958,8.1
1642093337019,8.1
1642095136931,9.3
1642096937335,9.5
1642098736978,9.4
1642100537191,9.4
1642102337234,10.1
1642104137284,10.1
1642105937197,10.7
1642107738023,10.7
1642109537399,10.8
1642111337392,10.8
1642113137419,10.7
1642114937598,10.7
1642116737519,10.3
1642118537741,10.3
1642120337622,11.5
1642122137706,11.5
1642123937880,11.3
1642125737814,11.9
1642127537891,12.3
1642129337834,12.3
1642131137998,11.8
1642132938032,11.8
1642134737852,11.4
1642136538019,11.8
1642138337916,10.0
1642140138155,10.0
1642141938116,9.5
1642143738125,9.5
1642145538127,8.7
1642147338299,8.7
1642149138167,8.2
1642150938787,8.2
1642152738351,8.4
1642154538546,8.4
1642156338326,7.9
1642158138800,7.9
1642159938484,7.2
1642161738909,7.2
1642163538548,6.4
1642165338652,6.4
1642167138663,5.2
1642168938884,5.2
1642170738684,4.3
1642172538982,4.3
1642174338699,4.0
1642176138934,4.0
1642177938888,4.2
1642179739113,3.9
1642181538878,3.7
1642183339087,3.7
1642185139013,3.6
1642186939305,3.6
1642188739121,3.3
1642190539231,3.2
1642192339109,2.9
1642194139352,2.9
1642195939154,2.7
1642197739399,2.7
1642199539285,2.9
1642201339712,2.8
1642203139362,2.3
1642204939556,2.3
1642206739409,2.3
1642208539676,2.3
1642210339545,2.4
1642212139744,2.3
1642213939570,2.3
1642215739608,2.3
1642217539617,2.0
1642219339810,2.0
1642221139588,2.0
1642222939775,1.9
1642224739746,2.1
1642226539834,2.1
1642228339704,2.3
1642230139821,2.3
1642231939869,2.6
1642233740096,2.6
1642235539984,2.7
1642237339968,2.7
1642239140035,3.1
1642240940090,3.1
1642242740142,3.4
1642244540165,3.4
1642246340126,3.9
1642248140155,3.9
1642249940222,3.8
1642251740318,3.8
1642253540271,3.8
1642255340281,3.8
1642257140312,3.7
1642258940423,3.7
1642260740330,3.5
1642262540413,3.5
1642264340384,4.0
1642266140588,4.0
1642267940353,3.9
1642269740570,4.0
1642271540616,4.6
1642273340617,4.6
1642275140604,4.2
1642276940681,4.3
1642278740609,4.5
1642280540799,4.5
1642282340651,4.4
1642284140763,4.4
1642285940678,4.8
1642287741002,4.8
1642289540662,5.8
1642291340797,5.8
1642293140809,5.4
1642294941092,5.4
1642296740864,6.7
1642298540941,6.7
1642300340894,6.2
1642302141011,6.0
1642303941032,5.4
1642305740953,5.4
1642307540917,5.1
1642309341264,5.3
1642311141187,4.9
1642312941298,4.9
1642314741129,5.0
1642316541152,5.0
1642318341158,5.4
1642320141360,5.6
1642321941140,5.8
1642323741389,5.8
1642325541189,6.1
1642327341430,6.1
1642329141293,5.8
1642330941343,5.8
1642332741319,6.9
1642334541417,6.9
1642336341259,7.2
1642338141490,7.2
1642339941435,7.3
1642341741713,7.3
1642343541438,9.3
1642345341686,9.3
1642347141376,8.4
1642348941448,8.4
1642350741512,10.3
1642352541509,10.3
1642354341567,11.2
1642356141776,11.2
1642357941529,10.7
1642359741597,10.7
1642361541621,11.2
1642363341671,11.2
1642365141696,11.8
1642366941747,11.8
1642368741701,12.9
1642370541705,12.9
1642372341684,13.7
1642374141962,13.4
1642375941576,14.7
1642377741776,14.7
1642379541757,13.3
1642381341840,13.3
1642383141738,13.4
1642384941731,12.4
1642386741766,11.4
1642388541948,11.4
1642390341778,10.7
1642392141887,10.7
1642393941837,10.1
1642395741958,10.1
1642397541861,9.2
1642399341920,9.2
1642401141847,7.8
1642402942177,7.8
1642404741820,6.9
1642406542021,6.6
1642408341960,6.3
1642410142182,6.3
1642411941919,6.6
1642413742367,6.6
1642415542074,8.1
1642417342086,8.1
1642419142038,8.4
1642420942257,8.4
1642422741969,8.1
1642424542096,8.1
1642426341958,7.5
1642428142127,7.5
1642429942080,5.5
1642431742147,5.5
1642433541984,4.0
1642435342213,4.0
1642437142071,3.2
1642438942256,3.2
1642440742019,3.0
1642442542119,3.0
1642444342052,2.9
1642446142159,2.9
1642447942021,3.0
1642449742214,3.0
1642451542087,3.5
1642453342364,3.5
1642455142214,3.7
1642456942323,3.7
1642458742193,3.7
1642460542380,3.7
1642462342181,3.1
1642464142249,3.1
1642465942107,3.0
1642467742523,3.0
1642469542228,2.9
1642471342325,2.9
1642473142236,3.3
1642474942251,3.3
1642476742224,3.5
1642478542197,3.5
1642480342265,3.6
1642482142411,3.5
1642483942265,3.3
1642485742418,3.3
1642487542326,3.7
1642489342331,3.7
1642491142170,5.4
1642492942384,5.4
1642494742404,6.5
1642496542618,6.5
1642498342321,7.5
1642500142403,7.5
1642501942230,7.2
1642503742393,7.2
1642505542351,7.9
1642507342508,7.9
1642509142321,7.8
1642510942309,7.8
1642512742314,8.9
1642514542340,8.9
1642516342340,7.9
1642518142401,7.9
1642519942381,6.9
1642521742496,6.9
1642523542342,6.7
1642525342498,6.7
1642527142653,6.0
1642528942698,6.0
1642530742678,6.6
1642532542626,6.6
1642534342720,6.4
1642536142865,6.4
1642537942809,5.8
1642539743028,5.8
1642541542927,6.2
1642543343084,6.2
1642545143030,6.1
1642546943308,6.1
1642548743126,5.7
1642550543218,5.7
1642552343107,6.3
1642554143213,6.3
1642555943356,6.6
1642557743453,6.6
1642559543303,6.7
1642561343578,6.7
1642563143502,7.2
1642564943476,7.2
1642566743578,7.1
1642568543634,7.1
1642570343558,8.4
1642572143792,8.4
1642573943683,8.6
1642575743784,8.6
1642577543724,8.7
1642579343956,8.7
1642581143906,8.5
1642582944558,8.5
1642586544341,8.2
1642588343990,8.4
1642590144218,8.4
1642591944187,8.6
1642593744277,8.6
1642595544215,8.7
1642597344278,8.7
1642599144320,8.9
1642600944294,8.9
1642602744466,8.9
1642604544574,8.9
1642606344505,9.7
1642608144509,9.7
1642609944521,10.1
1642611744587,10.1
1642613544623,11.4
1642615344641,11.4
1642617144589,12.5
1642618944783,12.5
1642620744719,12.4
1642622544835,12.4
1642624344738,10.7
1642626144856,10.7
1642627944864,11.2
1642629744904,11.2
1642631544934,10.3
1642633345268,10.3
1642635145048,10.7
1642636945271,10.7
1642638744982,9.9
1642640545171,9.9
1642642345203,9.6
1642644145337,9.6
1642645945150,10.5
1642647745273,10.5
1642649545221,12.6
1642651345421,12.6
1642653145335,12.4
1642654945588,11.6
1642656745411,10.3
1642658545582,10.3
1642660345512,9.7
1642662145643,9.7
1642663945643,9.4
1642665745658,9.4
1642667545690,9.1
1642669345666,9.1
1642671145668,9.5
1642672945843,9.5
1642674745726,10.0
1642676546055,10.0
1642678345776,9.6
1642680146041,9.6
1642681254079,9.6
1642683053779,9.3
1642684853868,9.3
1642686654029,8.8
1642688453928,8.8
1642690253988,8.3
1642692054080,8.3
1642693854028,7.9
1642695654458,7.9
1642697454271,8.4
1642699254317,8.4
1642701054264,7.8
1642702854692,7.8
1642704654361,6.9
1642706454538,6.9
1642708254499,5.6
1642710054692,5.6
1642711854636,4.1
1642713654696,4.1
1642715454687,3.9
1642717254770,4.0
1642719054631,3.7
1642720854834,3.7
1642722654841,3.4
1642724454982,3.4
1642726254886,3.8
1642728055198,3.1
1642729855062,3.0
1642731655049,3.0
1642733454931,3.1
1642735255194,3.1
1642737055150,3.5
1642738855163,3.5
1642740655111,3.4
1642742455309,3.4
1642744255307,3.3
1642746055516,3.3
1642747855396,3.6
1642749655451,3.7
1642751455412,3.5
1642753255530,3.5
1642755055417,3.1
1642756855956,3.1
1642758655748,3.6
1642760455599,3.6
1642762255557,4.2
1642764055846,4.2
1642765855760,4.1
1642767655729,4.1
1642769455713,4.4
1642771255922,4.4
1642773056048,4.3
1642774856093,4.3
1642776656120,4.5
1642778456027,4.5
1642780256110,4.3
1642782056225,4.3
1642783856238,3.4
1642785656124,4.0
1642787456161,2.8
1642789257935,2.8
1642791056286,2.3
1642792856249,2.3
1642794656335,2.3
1642798256528,2.0
1642800056508,2.0
1642801856473,1.5
1642803656685,1.1
1642805456507,0.7
1642807256745,0.7
1642809056641,0.5
1642810856586,0.5
1642812656648,0.4
1642814456849,0.4
1642816256869,1.0
1642818057421,1.0
1642819856934,1.5
1642821656983,1.5
1642823456918,1.9
1642825257010,1.9
1642827056867,2.2
1642828856976,2.2
1642830656963,2.9
1642832457068,2.9
1642834257080,2.6
1642836057129,2.6
1642837857082,2.9
1642839657328,2.7
1642841457312,2.9
1642843257075,2.9
1642845057164,2.7
1642846857330,2.7
1642848657301,2.1
1642850457326,2.1
1642852257336,3.3
1642854057415,3.3
1642855857593,3.7
1642857657534,3.7
1642859457598,3.3
1642861257451,4.0
1642863057529,4.1
1642864857506,4.1
1642866657475,3.2
1642868457556,3.2
1642870257647,3.9
1642872057546,3.9
1642873857671,3.9
1642875657691,3.9
1642877457658,3.9
1642879257800,3.9
1642881057854,3.6
1642882857730,3.6
1642884657815,3.3
1642886457935,3.3
1642888257801,3.3
1642890057853,3.3
1642891858116,3.4
1642893658612,3.4
1642895458017,2.7
1642897257992,2.7
1642899058634,2.7
1642900858492,2.7
1642902658346,3.1
1642904458417,3.1
1642906258349,4.4
1642908058391,4.4
1642909858266,4.1
1642911658322,4.1
1642913458336,5.1
1642915258487,5.1
1642917058566,6.1
1642918858460,6.1
1642920658517,5.7
1642922458360,5.7
1642924258396,4.8
1642926058438,4.8
1642927858437,4.8
1642929658551,4.8
1642931458597,4.9
1642933258564,4.9
1642935059085,5.9
1642936858937,5.9
1642938661129,5.2
1642940458581,5.2
1642942258687,4.8
1642944058981,4.9
1642945858661,4.4
1642947658980,4.4
1642949458730,5.3
1642951258846,5.3
1642953058819,5.2
1642954858790,5.2
1642956658805,5.5
1642958458729,5.5
1642960258853,5.0
1642962058859,5.0
1642963858882,5.2
1642965658937,5.2
1642967458863,4.5
1642969258958,4.4
1642971058806,6.1
1642972858970,6.1
1642974658981,6.1
1642976458910,6.1
1642978259125,6.7
1642980058914,6.7
1642981858995,6.9
1642983659136,6.9
1642985459007,6.7
1642987259113,6.7
1642989059099,7.6
1642990859090,7.6
1642992659121,6.9
1642994459114,6.9
1642996259196,6.7
1642998059321,6.7
1642999859161,6.1
1643001659169,6.1
1643003459315,6.8
1643005259198,6.8
1643007059205,5.2
1643008859306,5.2
1643010659360,6.3
1643012459472,6.3
1643014259421,5.9
1643016059331,5.9
1643017859341,6.1
1643019659505,6.1
1643021459371,6.1
1643023259300,6.1
1643025059581,6.0
1643026859521,6.0
1643028660431,6.3
1643030459661,6.3
1643032259570,6.5
1643034059419,6.5
1643035859393,6.4
1643037659566,6.4
1643039459458,6.3
1643041259366,6.3
1643043059443,6.6
1643044859558,6.6
1643046659384,6.2
1643048459350,6.2
1643050259568,5.8
1643052059499,5.8
1643053859505,6.3
1643055659525,6.3
1643057459672,6.8
1643059259435,6.8
1643061059646,7.3
1643062859514,7.3
1643064659615,7.0
1643066459551,7.0
1643068259732,6.7
1643070059527,6.7
1643071859767,6.4
1643073659631,6.4
1643075459758,6.2
1643077259666,6.4
1643079059641,6.2
1643080859687,6.2
1643082659717,5.3
1643084459706,5.3
1643086259730,5.0
1643088059827,5.0
1643089859726,4.6
1643091659646,4.6
1643093459709,4.0
1643095259849,4.0
1643097059756,3.5
1643098859652,3.5
1643100659766,3.4
1643102459731,3.4
1643104259718,3.9
1643106059697,3.9
1643107859904,4.4
1643109659904,4.4
1643111459731,5.1
1643113259700,5.1
1643115059869,5.3
1643116859820,5.3
1643118659819,5.0
1643120459858,5.0
1643122259751,4.3
1643124059712,4.3
1643125859839,4.2
1643127659871,4.2
1643129459674,3.7
1643131259939,3.7
1643133059852,4.3
1643134859986,4.3
1643136659876,5.6
1643138459945,5.2
1643140259953,5.3
1643142060124,5.3
1643143859912,5.8
1643145660343,5.8
1643147460213,6.0
1643149260111,6.0
1643151060331,6.7
1643152860284,6.4
1643154660416,7.4
1643156460396,7.4
1643158260332,6.9
1643160060662,6.9
1643161860438,7.0
1643163660483,7.2
1643165460667,7.2
1643167260567,7.2
1643169060913,7.5
1643170860767,7.5
1643172660703,7.8
1643174460741,7.8
1643176260957,8.3
1643178060778,8.3
1643179861095,8.3
1643181660967,8.3
1643183461232,8.0
1643185261109,8.0
1643187061039,7.3
1643188861125,7.0
1643190661838,8.0
1643192461477,8.0
1643194261374,7.7
1643196061382,7.7
1643197861295,8.6
1643199661204,8.6
1643201461476,8.8
1643203261456,8.8
1643205061542,10.0
1643206861538,10.0
1643208661877,9.5
1643210461559,9.5
1643212261738,8.6
1643214061732,8.8
1643215861663,7.4
1643217661867,7.4
1643219461797,8.0
1643221261975,8.0
1643223061919,7.7
1643224861949,7.7
1643226662063,7.0
1643228462081,7.0
1643230262061,6.9
1643232062143,6.9
1643233862074,7.4
1643235662248,7.4
1643237462232,6.9
1643239262197,8.1
1643241062333,9.4
1643242862312,9.4
1643244662342,10.3
1643246462369,10.3
1643248262445,10.2
1643250062551,10.2
1643251862556,10.1
1643253662599,10.1
1643255462891,9.5
1643257262576,9.5
1643259062733,8.7
1643260862803,8.7
1643262662747,9.7
1643264462931,9.7
1643266262714,12.0
1643268062834,12.0
1643269862834,13.2
1643271662928,13.2
1643273462951,13.8
1643275263144,13.8
1643277063014,13.8
1643278862920,13.8
1643280663076,13.7
1643282463218,13.7
1643284263175,13.0
1643286063379,13.0
1643287863098,13.5
1643289663276,13.5
1643291463559,13.5
1643293263341,13.5
1643295063314,13.8
1643296863439,13.8
1643298663454,13.4
1643300463454,13.4
1643302263366,12.6
1643304063555,12.6
1643305863448,11.6
1643307663462,11.6
1643309463642,11.0
1643311263657,11.0
1643313063709,11.4
1643314863721,11.4
1643316663670,11.1
1643318463634,11.1
1643320263893,10.7
1643322063784,10.4
1643323863889,9.6
1643325663878,9.6
1643327463928,8.9
1643329263782,8.9
1643331064121,8.7
1643332863965,8.3
1643334663983,8.4
1643336463856,8.4
1643338263880,7.9
1643340063906,7.9
1643341864208,6.3
1643343664002,6.1
1643345464171,5.5
1643347264083,5.5
1643349064325,4.8
1643350864209,4.8
1643352664244,4.2
1643354464220,4.0
1643356264274,3.1
1643358064352,3.1
1643359864317,2.8
1643361664546,2.8
1643363464386,3.3
1643365264694,3.3
1643367064408,3.5
1643368864667,3.4
1643370664428,2.8
1643372464839,2.8
1643374264357,3.0
1643376064566,3.0
1643377864528,3.1
1643379664637,2.9
1643381464655,2.4
1643383264658,2.4
1643385064640,2.8
1643386864760,2.8
1643388664718,2.9
1643390464825,2.9
1643392264618,3.6
1643394064774,3.6
1643395864637,4.3
1643397664891,4.3
1643399464821,4.8
1643401265013,4.8
1643403064750,5.7
1643404864990,5.7
1643406664732,6.4
1643408464981,6.4
1643410264786,7.3
1643412064910,7.3
1643413864953,8.1
1643415664876,8.1
1643417464879,7.0
1643419265097,7.5
1643421064948,8.5
1643422865010,8.5
1643424665050,8.1
1643426465048,8.1
1643428265081,8.2
1643430065103,8.3
1643431864964,8.5
1643433665089,8.5
1643435465294,8.3
1643437265101,8.3
1643439065140,8.2
1643440865198,8.4
1643442665167,9.3
1643444465313,9.3
1643446265207,10.1
1643448065087,10.1
1643449865360,10.9
1643451665290,11.1
1643453465237,12.2
1643455265322,12.2
1643457065285,13.2
1643458865334,13.2
1643460665307,14.6
1643462465235,14.6
1643464265313,14.8
1643466065338,14.8
1643467865387,16.1
1643469665380,16.1
1643471465351,17.4
1643473265278,17.4
1643475065386,15.6
1643476865489,15.6
1643478665467,16.3
1643480465444,16.3
1643482265445,15.4
1643484065506,15.4
1643485865415,17.4
1643487665545,17.4
1643489466812,17.3
1643491265524,17.3
1643493065454,18.1
1643494865597,18.1
1643496665434,15.5
1643498465471,15.5
1643500265440,15.1
1643502065560,15.1
1643503865540,15.4
1643505665459,15.4
1643507465731,17.7
1643509265634,17.7
1643511065745,16.2
1643512865601,16.2
1643514665700,15.9
1643516465543,16.5
1643518265602,15.7
1643520065641,15.7
1643521865658,15.1
1643523665538,15.1
1643525465708,13.2
1643527265680,13.2
1643529065656,12.7
1643530865735,12.7
1643532665867,12.3
1643534465660,12.3
1643536265607,11.5
1643538065661,11.6
1643539865755,10.8
1643541665763,10.8
1643543465598,10.1
1643545265631,10.1
1643547065788,9.8
1643548866107,9.8
1643550665784,8.9
1643552465800,8.9
1643554265830,8.3
1643556065770,8.3
1643557865783,6.4
1643559665969,6.4
1643561465803,3.0
1643563265903,3.0
1643565065944,2.4
1643566865730,2.4
1643568665849,2.4
1643570465790,2.4
1643572265909,2.7
1643574065839,2.7
1643575865855,2.1
1643577665723,2.1
1643579465783,2.3
1643581265754,2.3
1643583065923,2.3
1643584865842,2.3
1643586665875,2.0
1643588465896,2.0
1643590265869,1.7
1643592065991,1.7
1643593865903,1.9
1643595666062,1.9
1643597466133,1.2
1643599266238,1.2
1643601066261,2.6
1643602866309,2.6
1643604666360,2.1
1643606466458,2.1
1643608266324,1.7
1643610066524,1.7
1643611866509,1.6
1643613666491,1.6
1643615466573,1.8
1643617266674,1.8
1643619066686,2.2
1643620866722,2.2
1643622666753,3.2
1643624466909,3.2
1643626267045,2.5
1643628067036,2.5
1643629866987,2.4
1643631667255,2.4
1643633467052,1.5
1643635267061,2.2
1643637067128,2.1
1643638867335,2.1
1643640667308,1.9
1643642467203,1.9
1643644267368,1.5
1643646067498,1.5
1643647867483,2.1
1643649667565,2.1
1643651467618,1.2
1643653267651,1.2
1643655067716,1.7
1643656867704,1.7
1643658667708,2.2
1643660467638,2.2
1643662267836,2.9
1643664067729,2.9
1643665868097,4.0
1643667667823,4.0
1643669467899,4.2
1643671267972,4.2
1643673068142,5.0
1643674868101,5.0
1643676668242,4.9
1643678468235,4.9
1643680268149,4.6
1643682068275,4.6
1643683868303,3.5
1643685668411,3.5
1643687468477,2.9
1643689268437,2.9
1643691068546,2.7
1643692868368,2.7
1643694668603,2.7
1643696468589,2.7
1643698268835,3.3
1643700068670,3.3
1643701868777,3.2
1643703668779,3.2
1643705468831,4.1
1643707268851,4.1
1643709068953,5.1
1643710868779,5.0
1643712668939,4.7
1643714469225,4.7
1643716269014,4.3
1643718068993,4.3
1643719869198,8.6
1643721669061,9.0
1643723469058,11.1
1643725269041,11.1
1643727069096,11.0
1643728869315,11.0
1643730669120,9.9
1643732469170,9.9
1643734269259,8.0
1643736069414,8.0
1643737869493,5.1
1643739669501,5.1
1643741469461,4.1
1643743269438,4.1
1643745069554,3.9
1643746869548,3.9
1643748669563,4.0
1643750469490,4.0
1643752269560,5.3
1643754069716,5.3
1643755869648,7.2
1643757669662,7.2
1643759469820,6.3
1643761269835,6.3
1643763069819,7.6
1643764869877,7.6
1643766669877,9.1
1643768469852,9.1
1643770270635,8.3
1643772069814,8.3
1643773869999,7.6
1643775670068,7.6
1643777470104,5.9
1643779270083,5.9
1643781070141,4.8
1643782869994,4.8
1643784670211,3.3
1643786470209,3.1
1643788270215,2.7
1643790070239,2.7
1643791870625,2.7
1643793670615,2.7
1643795471350,2.8
1643797270287,3.0
1643799070353,2.7
1643800870366,2.7
1643802670398,3.3
1643804470294,3.3
1643806270424,6.7
1643808070491,6.7
1643809870490,6.2
1643811670498,6.2
1643813470490,5.5
1643815270623,5.5
1643817070624,3.1
1643818870733,3.1
1643820670504,3.0
1643822470810,3.0
1643824270762,2.9
1643826070655,2.9
1643827870714,3.6
1643829670796,3.6
1643831470849,4.5
1643833271840,3.7
1643835070799,2.6
1643836870778,2.6
1643838670865,2.8
1643840471896,2.8
1643842270819,4.8
1643844070908,4.8
1643845870986,4.8
1643847670896,4.8
1643849470965,4.7
1643851271018,4.7
1643853070961,4.1
1643854871010,4.1
1643856671075,2.8
1643860271069,2.1
1643862070985,2.1
1643863871135,2.6
1643865671151,2.6
1643867471197,2.8
1643869271188,2.8
1643871071285,3.1
1643872871129,3.1
1643874671248,4.3
1643876471187,4.3
1643878271596,4.6
1643880071338,4.6
1643881871329,4.4
1643883671278,4.1
1643885471381,4.8
1643887271377,4.8
1643889071369,4.8
1643890871333,4.8
1643892671425,5.1
1643894471469,5.2
1643896271538,4.9
1643898071502,4.9
1643899871492,5.2
1643901671569,5.2
1643903471598,5.1
1643905271542,5.1
1643907071398,5.3
1643908871597,5.3
1643910671436,4.9
1643912471508,4.9
1643914271459,5.2
1643916071551,5.2
1643917871455,4.5
1643919671580,4.5
1643921471624,4.5
1643923271630,4.5
1643925071603,5.3
1643926871517,5.3
1643928671659,4.6
1643930471840,4.9
1643932271667,5.8
1643934071740,5.8
1643935871656,5.6
1643937671701,5.6
1643939471675,5.3
1643941271648,5.3
1643943071707,5.9
1643944871738,5.9
1643946671747,6.4
1643948471679,6.4
1643950271653,7.1
1643952071696,7.1
1643953871819,7.8
1643955671746,7.8
1643957471788,8.0
1643959271867,8.0
1643961071809,7.5
1643962871874,7.5
1643964671787,6.2
1643966472444,6.2
1643968271864,4.3
1643970071922,4.3
1643971871762,3.8
1643973671792,3.8
1643975471711,4.0
1643977271822,4.0
1643979071853,3.7
1643980871811,3.7
1643982671876,4.7
1643986271851,3.9
1643988071849,3.9
1643989871766,3.9
1643991671923,3.9
1643993471960,4.2
1643995271889,4.2
1643997071830,4.4
1643998871922,4.4
1644000671936,4.8
1644002471961,4.8
1644004271858,4.6
1644006072014,4.6
1644007872114,4.9
1644009671995,4.9
1644011472040,5.1
1644013271908,5.1
1644015071877,3.7
1644016871977,3.7
1644018672032,5.4
1644020472098,5.4
1644024072022,6.7
1644025871995,6.1
1644027672025,6.1
1644029472024,6.7
1644031271932,6.7
1644033071889,5.7
1644034871976,5.7
1644036671978,6.4
1644038472059,6.4
1644040272059,6.4
1644042072171,6.4
1644043872115,5.9
1644045672246,5.9
1644047472270,7.0
1644049272346,7.0
1644051072422,6.2
1644052872771,6.2
1644054672580,6.3
1644056472401,6.3
1644058272561,6.5
1644060072656,6.5
1644061872798,8.3
1644063672685,8.3
1644065472750,8.6
1644067272908,8.6
1644069072786,8.6
1644070873014,8.6
1644072672815,8.4
1644074472936,8.4
1644076273114,7.7
1644078073085,7.7
1644079873166,7.0
1644081673217,7.0
1644083473101,8.8
1644085273249,8.8
1644087073217,9.2
1644088873190,9.2
1644090673244,8.5
1644092473335,8.5
1644094273322,8.6
1644096073412,8.6
1644097873507,8.8
1644099673639,8.8
1644101473653,8.2
1644103273560,8.2
1644105073602,7.2
1644106873752,7.2
1644108673744,5.4
1644110473747,5.4
1644112273887,5.5
1644114073952,5.4
1644115873970,5.8
1644117674106,5.8
1644119474035,4.9
1644121274016,4.9
1644123074043,4.6
1644124874105,3.9
1644126674100,5.0
1644128474202,5.0
1644130274279,5.7
1644132074224,5.7
1644133874419,7.5
1644135674476,7.5
1644137474396,5.5
1644139274484,5.5
1644141074585,5.9
1644142874491,5.9
1644144674614,6.4
1644146474640,6.4
1644148274593,5.0
1644150074689,5.0
1644151874658,5.8
1644153674678,5.8
1644155474684,4.9
1644157274707,3.8
1644159074645,4.7
1644160874672,4.7
1644162674870,4.8
1644164474955,4.8
1644166274913,4.3
1644168074986,4.3
1644169874981,4.0
1644171674901,4.0
1644173474980,3.0
1644175274952,3.0
1644177075117,3.5
1644178875084,3.5
1644180675178,3.2
1644182475099,3.2
1644184275218,5.3
1644186075211,5.3
1644187875166,5.5
1644189675226,5.5
1644191475310,5.8
1644193275193,5.8
1644195075346,5.5
1644196875275,5.5
1644198675441,5.9
1644200475296,5.9
1644202275418,6.8
1644204075449,6.8
1644205875411,6.2
1644207675411,5.8
1644209475482,6.8
1644211275479,6.8
1644213075568,7.1
1644214875662,7.1
1644216675710,9.1
1644218475965,9.1
1644220275781,8.6
1644222075715,8.6
1644223875695,9.4
1644225675792,9.4
1644227475818,10.1
1644229275793,10.1
1644231075890,10.5
1644232876000,10.5
1644234675823,9.6
1644236475915,9.6
1644238275960,8.5
1644241876041,7.6
1644243675998,7.6
1644245476135,6.9
1644247276000,6.9
1644249076103,6.3
1644250875975,6.3
1644252676200,6.1
1644254476191,6.1
1644256276104,5.9
1644258076168,5.9
1644259876184,5.1
1644263476247,5.1
1644265276298,5.1
1644267076288,5.0
1644268876313,5.0
1644270676321,5.4
1644272476417,5.4
1644274276375,5.0
1644276076348,5.0
1644277876365,6.3
1644281476438,7.6
1644283276596,7.6
1644285076536,8.2
1644286876495,8.2
1644288676530,8.2
1644290476533,8.2
1644292276529,8.5
1644294076704,8.5
1644295876666,9.5
1644297676706,9.3
1644299476739,7.5
1644301276695,7.5
1644303076682,7.2
1644304877026,7.2
1644306676811,7.9
1644310276876,7.9
1644312077139,7.9
1644313876732,8.8
1644315676857,8.8
1644317476947,8.3
1644319276803,8.3
1644321077244,8.7
1644322876922,8.7
1644324676906,9.5
1644326476954,9.5
1644328277003,9.3
1644330076942,9.3
1644331876916,8.6
1644333677023,8.6
1644335476988,6.8
1644337276969,6.8
1644339076901,5.5
1644340877143,5.5
1644342677041,4.8
1644344477097,4.8
1644346277049,5.0
1644348077127,5.0
1644349877137,5.1
1644351677085,5.1
1644353477152,4.5
1644355277136,4.5
1644357077223,4.6
1644358877249,4.6
1644360677296,5.4
1644362477226,5.4
1644364277193,5.9
1644366077287,5.9
1644367877267,5.5
1644369677188,5.8
1644371477269,5.5
1644373277423,5.5
1644375077275,5.6
1644376877328,5.6
1644378677342,5.4
1644380477446,5.6
1644382277357,6.6
1644384077402,6.6
1644385877331,6.5
1644387677233,6.5
1644389477391,5.7
1644391277314,5.9
1644393077281,6.5
1644394877364,6.5
1644396677506,7.7
1644398477364,7.7
1644400277515,9.0
1644402077404,9.4
1644403877580,7.8
1644405677368,7.8
1644407477410,8.4
1644409277362,8.4
1644411077591,8.7
1644412877606,8.4
1644414677518,8.2
1644416477584,8.2
1644418277483,8.7
1644420077529,8.7
1644421877477,6.6
1644423677575,6.6
1644425477551,6.4
1644427277575,6.4
1644429077517,5.4
1644430877529,5.4
1644432677518,5.0
1644434477560,5.0
1644436277634,5.5
1644438077457,5.5
1644439877561,5.9
1644441677565,5.9
1644443477633,6.2
1644445277502,6.2
1644447077588,6.0
1644448877555,6.0
1644450677703,5.6
1644452477732,5.6
1644454277539,5.3
1644456077664,5.3
1644457877667,4.9
1644459677510,4.9
1644461477620,4.8
1644463277608,4.8
1644465077711,5.1
1644466877629,5.1
1644468677503,5.3
1644470477705,5.3
1644472277748,5.2
1644474077588,5.2
1644475877677,4.8
1644477677673,5.6
1644479477662,5.2
1644481277548,5.2
1644483077685,5.1
1644484877684,5.1
1644486677552,6.7
1644488477766,6.5
1644490277629,7.2
1644492077766,7.2
1644493877782,6.9
1644495677873,6.9
1644497477766,7.5
1644499277807,7.5
1644501077932,6.9
1644502878089,6.9
1644504678084,8.0
1644506478154,8.0
1644508278170,6.3
1644510078149,6.3
1644511878264,5.9
1644513678318,5.5
1644515478384,5.3
1644517278395,5.3
1644519078561,5.4
1644520878894,5.4
1644522678520,4.8
1644524478622,4.8
1644526278664,4.6
1644528078661,4.6
1644529878749,4.2
1644531678705,4.2
1644533478809,3.8
1644535278870,3.8
1644537079026,3.1
1644538878912,3.1
1644540679108,3.5
1644542479091,3.5
1644544279176,3.1
1644546079243,3.1
1644547879104,2.9
1644549679310,2.9
1644551479289,3.1
1644553279323,3.1
1644555079383,2.8
1644556879452,2.8
1644558679613,2.4
1644560479433,2.4
1644562279461,3.1
1644564079628,3.5
1644565879617,3.9
1644567679517,3.9
1644569479659,4.8
1644571279699,4.8
1644573079746,6.0
1644574879760,5.6
1644576679871,5.9
1644578479944,5.9
1644580279847,5.8
1644582080014,5.8
1644583880017,5.3
1644585679939,5.3
1644587480060,5.0
1644589280304,5.0
1644591080224,4.7
1644592880273,4.6
1644594680314,3.2
1644596480340,3.2
1644598280347,2.8
1644600080397,2.8
1644601880433,2.7
1644603680352,2.7
1644605480397,3.0
1644607280705,3.0
1644609080570,3.0
1644610880539,3.3
1644612680703,3.5
1644614480697,3.5
1644616280625,3.9
1644618080659,3.9
1644619880665,4.5
1644621680698,5.0
1644623480859,5.4
1644625281076,5.4
1644627080828,4.7
1644628880920,4.7
1644630680783,5.0
1644632481158,5.4
1644634281015,5.5
1644636081141,5.5
1644637880956,5.4
1644639681086,5.4
1644641481161,5.5
1644643281108,5.5
1644645081234,5.4
1644646881282,5.4
1644648681211,6.1
1644650481243,6.1
1644652281104,6.5
1644654081156,6.5
1644655881188,6.9
1644657681350,6.9
1644659481364,7.7
1644661281272,7.7
1644663081436,7.3
1644664881579,7.3
1644666681464,7.7
1644668481581,7.7
1644670281485,7.7
1644672081547,8.2
1644673881564,7.8
1644675681595,7.8
1644677481539,7.9
1644679281620,7.9
1644681081652,8.2
1644682881736,8.1
1644684681717,8.2
1644686481785,8.2
1644688281906,9.2
1644690081993,9.2
1644691881911,8.9
1644693681897,8.9
1644695481845,8.6
1644697281879,9.1
1644699082002,8.3
1644700881916,8.3
1644702682098,8.5
1644704482097,8.5
1644706282072,7.8
1644708082080,7.4
1644709882268,6.9
1644711682172,6.9
1644713482236,7.2
1644715282233,7.2
1644717082218,7.1
1644718882311,7.1
1644720682507,7.1
1644722482286,7.1
1644724282361,7.2
1644726082416,7.2
1644727882458,7.4
1644729682404,7.4
1644731482414,7.3
1644733282461,7.3
1644735082612,6.8
1644736882502,6.8
1644738682680,7.4
1644740482433,7.4
1644742282530,6.7
1644744082434,6.7
1644745882662,6.6
1644747682704,7.1
1644749482512,7.1
1644751282792,7.1
1644753082759,7.1
1644754882747,7.1
1644756682866,7.0
1644758482739,7.1
1644760282835,6.8
1644762082798,6.8
1644763882795,6.3
1644765682759,6.3
1644767482864,5.9
1644769282922,5.9
1644771082903,5.9
1644772883010,5.9
1644774682761,5.2
1644776483046,5.2
1644778282955,5.5
1644780083094,5.5
1644781882993,5.5
1644783683109,5.5
1644785482974,5.1
1644787283067,5.1
1644789083038,5.3
1644790883109,5.3
1644792683168,5.4
1644794483190,5.4
1644796283223,5.6
1644798083223,5.6
1644799883294,5.9
1644801683317,5.9
1644803483288,6.3
1644805283249,6.3
1644807083166,6.2
1644808883314,6.2
1644810683256,5.9
1644812483312,5.9
1644814283205,6.2
1644816083321,6.2
1644817883355,6.5
1644819683253,6.5
1644821483292,6.5
1644823283244,6.5
1644825083303,6.7
1644826883311,6.7
1644828683361,6.0
1644830483306,6.0
1644832283435,6.2
1644834083484,6.2
1644835883417,6.1
1644837683477,6.1
1644839483359,6.0
1644841283481,6.0
1644843083406,6.5
1644844883473,6.5
1644846683470,7.0
1644848483256,7.0
1644850283567,9.3
1644852083546,9.3
1644853883402,8.2
1644855683453,8.2
1644857483486,6.4
1644859283319,6.4
1644861083356,7.6
1644862883419,7.6
1644864683419,7.9
1644866483501,7.8
1644868283389,8.1
1644870083457,8.1
1644871883613,8.9
1644873683473,8.9
1644875483519,7.4
1644877284129,7.4
1644879084480,7.4
1644880884440,7.4
1644882684211,7.7
1644884484192,7.7
1644886284247,6.7
1644888084436,6.7
1644889884238,6.7
1644891684707,7.0
1644893484176,6.5
1644895284134,6.5
1644897084112,5.3
1644898884243,5.3
1644900684235,5.7
1644902484339,5.7
1644904284519,5.9
1644906084383,5.9
1644907884192,6.9
1644909684323,6.9
1644911483712,7.0
1644913283604,7.0
1644915083660,7.0
1644916883619,7.0
1644918683775,7.6
1644920483640,7.6
1644922283566,7.0
1644924083603,7.0
1644925883687,7.0
1644927683667,7.0
1644929483670,6.7
1644931283643,6.8
1644933083632,6.4
1644934883746,6.4
1644936683651,6.3
1644938483558,6.3
1644940283510,5.7
1644942083551,5.7
1644943883542,4.7
1644945683710,4.7
1644947483579,5.7
1644949283703,5.7
1644951083665,6.8
1644952883904,6.8
1644954683906,8.7
1644956484372,8.7
1644958284089,8.3
1644960084199,8.3
1644961884104,7.7
1644963684272,7.7
1644965484338,6.0
1644967284382,6.2
1644969084394,5.7
1644970884321,5.7
1644972684405,5.9
1644974484420,5.9
1644976284499,7.5
1644978084428,7.5
1644979884490,5.5
1644981684592,5.5
1644983484725,5.4
1644985284680,5.4
1644987084748,5.5
1644988884820,5.5
1644990684902,5.0
1644992484993,5.0
1644994284918,4.1
1644996084996,4.1
1644997884930,2.9
1644999685084,2.9
1645001485016,3.6
1645003285123,3.6
1645005085289,4.9
1645006885254,4.9
1645008685443,3.8
1645010485320,3.8
1645012285345,4.5
1645014085631,4.5
1645019486097,6.1
1645021285547,6.1
1645023085555,5.6
1645024885730,5.6
1645026685800,4.1
1645028485815,4.1
1645030285671,3.3
1645032085772,3.3
1645033885865,2.4
1645035685928,2.4
1645037485930,1.5
1645039286496,1.5
1645041085949,4.1
1645042886010,4.1
1645044685985,5.0
1645046486116,5.0
1645048286223,5.2
1645050086218,5.2
1645051886304,5.8
1645053686218,5.8
1645055486357,4.0
1645057286312,4.0
1645059086414,2.8
1645060886456,2.8
1645062686591,3.9
1645064486608,3.9
1645066286629,3.8
1645068086665,3.8
1645069886703,5.0
1645071686556,5.0
1645073486704,5.5
1645075286781,5.5
1645077086788,5.6
1645078886894,5.6
1645080686851,4.2
1645082486801,4.2
1645084286854,4.4
1645086086946,4.4
1645087886988,4.5
1645089687030,4.5
1645091487118,5.8
1645093287151,5.8
1645095087256,6.5
1645096887255,6.5
1645098687187,8.5
1645100487233,8.4
1645102287363,9.4
1645104087252,9.4
1645105887414,8.5
1645107687278,8.5
1645109487393,7.7
1645111287494,7.7
1645113087449,7.7
1645114888548,7.7
1645116687421,6.3
1645118487475,6.3
1645120287610,5.3
1645122087684,5.3
1645123887651,4.9
1645125687703,4.9
1645127487692,6.0
1645129287763,6.0
1645131087739,6.6
1645132887826,6.6
1645134687790,7.2
1645136487893,7.2
1645138287890,8.0
1645140087872,8.0
1645141887967,8.1
1645143687881,8.1
1645145487974,8.7
1645147288010,8.7
1645149088086,9.2
1645150888143,9.2
1645152688160,9.3
1645154488024,9.3
1645156288024,9.4
1645158088138,9.4
1645159888211,7.2
1645161688133,7.0
1645163488295,5.7
1645165288335,5.7
1645167088341,4.5
1645168888464,4.5
1645170688460,6.0
1645172488453,6.0
1645174288463,6.4
1645176088373,6.4
1645177888468,5.7
1645179688569,5.7
1645181488681,4.4
1645183288595,4.4
1645185088602,4.0
1645186888616,4.0
1645188688634,3.8
1645189447698,3.8
1645191247463,5.6
1645193047511,5.6
1645194847593,6.7
1645196647640,6.4
1645198447624,8.3
1645200247717,8.3
1645202047651,10.5
1645203847744,10.5
1645205647733,7.1
1645207447824,9.2
1645209247908,5.4
1645211047892,5.4
1645212848028,5.0
1645214648071,5.0
1645216448100,5.2
1645218248191,5.2
1645220048380,5.0
1645221848368,5.0
1645223648256,4.7
1645225448532,4.7
1645227248303,5.9
1645229048418,5.9
1645230848524,7.2
1645232648781,7.2
1645234448627,10.5
1645236248718,10.5
1645238048760,10.2
1645239848817,10.2
1645241648685,11.2
1645243448898,11.2
1645245248943,8.8
1645247048871,8.8
1645248848893,6.2
1645250648978,6.2
1645252449007,5.0
1645254249107,5.0
1645256049063,3.9
1645257849063,4.0
1645259649041,4.7
1645261449247,4.7
1645263249185,6.0
1645265049363,6.0
1645266849328,7.1
1645268649378,7.1
1645270449442,5.9
1645272249652,5.9
1645274049517,5.8
1645275849543,5.8
1645277649518,7.6
1645279449679,7.6
1645281249688,5.9
1645283049726,5.9
1645284849711,6.3
1645286649847,6.3
1645288449815,6.6
1645290249798,6.6
1645292049921,4.8
1645293849892,4.8
1645295649988,6.5
1645297450011,6.5
1645299249958,6.2
1645301050218,6.2
1645302850138,7.1
1645304650180,7.1
1645306450243,6.6
1645308250278,6.6
1645310050282,5.4
1645311850421,5.4
1645313650327,4.7
1645315450520,4.7
1645317250491,5.0
1645319050511,5.0
1645320850491,4.1
1645322650629,4.1
1645324450514,3.4
1645326250710,3.4
1645328050661,2.7
1645329850750,2.7
1645331650747,2.9
1645333450807,2.9
1645335250776,2.9
1645337050840,2.9
1645338850846,2.7
1645340650795,2.7
1645342450969,2.5
1645344250967,2.9
1645346050966,3.2
1645347850947,3.2
1645349651062,4.2
1645351451161,4.2
1645353251049,5.4
1645355051110,5.4
1645356851268,6.1
1645358651366,6.1
1645360451268,6.7
1645362251345,6.7
1645364051254,8.4
1645365851368,8.4
1645367651294,7.3
1645369451391,7.3
1645371251287,5.7
1645373051478,5.7
1645374851512,5.9
1645376651415,5.9
1645378451571,6.3
1645380251520,5.6
1645382051602,4.5
1645383851599,4.5
1645385651832,4.4
1645387451646,4.4
1645389251728,3.0
1645391051665,3.5
1645392851722,2.5
1645394651614,2.5
1645396451841,1.9
1645398251926,1.9
1645400051719,1.2
1645401851817,1.1
1645403651746,1.7
1645405451856,1.7
1645407251838,6.1
1645409051962,6.1
1645410851851,6.3
1645412652021,6.3
1645414452068,6.9
1645416252008,6.9
1645418052063,6.8
1645419852153,6.8
1645421652075,6.3
1645423452243,6.3
1645425252105,7.1
1645427052231,7.1
1645428852245,6.8
1645430652436,6.8
1645432452180,11.0
1645434252272,11.0
1645436052244,10.6
1645437852475,10.6
1645439652267,10.8
1645441452390,10.8
1645443252321,10.1
1645445052517,10.1
1645446852373,9.1
1645448652540,9.1
1645450452376,8.3
1645452252524,8.3
1645454052507,8.0
1645455852702,8.1
1645457652549,7.4
1645459452771,7.4
1645461252643,5.5
1645463052685,5.5
1645464852522,3.8
1645466652604,3.8
1645468452687,3.3
1645470252731,3.3
1645472052712,2.7
1645473852803,2.7
1645475652746,2.8
1645477452801,2.8
1645479252734,3.0
1645481052860,3.0
1645482852754,3.3
1645484653028,3.3
1645486452889,3.2
1645488252853,3.2
1645490052837,2.7
1645491852842,2.7
1645493652915,2.6
1645495452957,2.6
1645497252860,2.8
1645499053034,3.0
1645500852981,2.3
1645502653037,2.3
1645504452984,2.3
1645506252936,2.3
1645508053087,1.6
1645509853028,1.6
1645511652920,1.0
1645513453142,1.0
1645515253031,1.0
1645517053029,1.0
1645518853083,0.9
1645520653209,0.9
1645522453116,1.5
1645524253117,1.5
1645526053032,2.7
1645527853240,2.7
1645529653151,4.0
1645531453200,4.0
1645533253226,3.6
1645535053187,3.6
1645536853217,3.2
1645538653183,3.2
1645540453208,3.9
1645542253183,3.9
1645544053207,5.1
1645545853330,5.1
1645547653242,4.6
1645549453272,4.6
1645551253207,4.7
1645553053292,4.7
1645554853336,4.8
1645556653349,4.8
1645558453244,5.2
1645560253430,5.2
1645562053326,10.0
1645563853334,10.0
1645565653345,10.3
1645567453397,10.3
1645569253379,10.3
1645571053305,10.3
1645572853276,9.2
1645574653278,9.2
1645576453384,8.2
1645578253397,8.2
1645580053424,9.2
1645581853380,9.2
1645583653405,9.7
1645585453572,9.7
1645587253477,7.8
1645589053443,7.8
1645590853314,7.3
1645592653587,7.3
1645594453385,6.9
1645596253462,6.9
1645598053435,6.1
1645599853398,6.1
1645601653442,6.4
1645603453423,6.4
1645605253388,5.0
1645607053550,5.0
1645608853508,6.1
1645610653742,6.1
1645612453689,6.9
1645614253515,6.9
1645616053454,6.2
1645617853509,6.2
1645619653377,6.5
1645621453392,6.5
1645623253464,6.8
1645625053662,6.8
1645626853504,7.6
1645628653441,7.6
1645630453480,8.0
1645632253562,8.0
1645634053440,8.0
1645635853581,8.4
1645637653584,7.9
1645639453779,7.9
1645641253745,8.4
1645643053902,8.4
1645644853892,9.2
1645646654047,9.2
1645648453949,9.8
1645650254025,9.8
1645652053922,9.8
1645653854037,9.8
1645655654048,10.3
1645657454345,10.3
1645659254216,10.3
1645661054355,10.7
1645662854322,10.5
1645664654385,10.5
1645666454421,10.1
1645668254419,10.1
1645670054509,9.9
1645671854556,9.9
1645673654538,8.9
1645675454739,8.9
1645677254753,8.8
1645679054795,8.8
1645680854696,5.2
1645682654831,5.2
1645684454736,4.2
1645686254867,4.2
1645688054847,5.0
1645689854987,5.0
1645691654878,5.7
1645693455273,5.7
1645695255164,7.2
1645697055105,7.2
1645698855110,6.1
1645700655315,6.1
1645702455276,5.2
1645704255191,5.2
1645706055169,4.1
1645707855381,4.1
1645709655414,3.4
1645711455501,3.4
1645713255380,3.5
1645715055433,3.5
1645716855457,3.3
1645718655692,3.3
1645720455657,2.6
1645722255619,2.6
1645724055633,3.7
1645725855887,3.7
1645727655704,4.6
1645729456131,4.6
1645731255908,4.6
1645733055915,4.6
1645734855952,5.2
1645736656155,5.2
1645738456081,4.3
1645740256213,4.3
1645742056001,4.8
1645743856210,4.9
1645745656103,5.1
1645747456173,5.1
1645749256269,4.1
1645751056275,4.1
1645752856335,5.1
1645754656507,5.1
1645756456466,4.8
1645758256454,4.8
1645760056459,4.5
1645761856563,4.5
1645763656487,4.5
1645765456551,4.5
1645767256622,6.0
1645769056560,6.2
1645770856739,5.6
1645772656729,5.6
1645774456625,5.4
1645776256857,5.4
1645778056820,5.0
1645779856889,5.0
1645781656824,6.1
1645783456918,6.1
1645785256944,4.6
1645787056991,4.6
1645788856894,6.1
1645790656935,6.1
1645792457010,7.1
1645794257014,7.1
1645796056994,7.3
1645797857070,7.3
1645799657136,7.2
1645801457114,7.2
1645803257145,6.3
1645805057359,6.3
1645806857079,5.0
1645808657385,5.0
1645810457210,4.0
1645812257381,4.0
1645814057350,3.3
1645815857287,3.3
1645817657430,3.3
1645819457418,3.3
1645821257372,3.2
1645823057517,3.2
1645824857533,3.4
1645826657664,3.4
1645828457489,2.1
1645830257561,2.9
1645832057643,1.9
1645833857677,1.9
1645835657716,2.1
1645837457715,2.1
1645839257738,1.9
1645841057796,1.9
1645842857697,1.4
1645844657673,1.4
1645846457865,1.2
1645848257961,1.2
1645850057911,1.1
1645851857838,1.1
1645853657891,0.9
1645855457988,0.9
1645857257974,1.2
1645859058030,1.2
1645860858013,1.2
1645862658058,1.2
1645864458033,2.1
1645866258048,2.1
1645868057959,2.8
1645869858171,2.8
1645871658075,2.4
1645873458019,2.4
1645875258050,2.6
1645877058152,2.6
1645878858264,2.4
1645880658335,2.4
1645882458207,2.2
1645884258277,2.2
1645886058336,1.9
1645887858349,1.9
1645889658322,1.2
1645891458485,1.2
1645893258262,1.5
1645895058373,1.5
1645896858385,1.7
1645898658474,1.7
1645900458401,1.9
1645902258377,1.9
1645904058525,1.8
1645905858572,1.8
1645907658415,1.8
1645909458681,1.8
1645911258609,2.1
1645913058620,2.1
1645914858519,2.3
1645916658794,2.2
1645918458669,2.3
1645920258645,2.3
1645922058669,2.1
1645923858763,2.1
1645925658644,2.0
1645927458783,2.0
1645929258749,1.9
1645931058738,1.9
1645932858778,2.3
1645934658847,2.3
1645936458833,2.6
1645938258901,2.6
1645940058834,2.6
1645941858852,2.6
1645943658981,2.9
1645945458974,2.9
1645947258968,3.3
1645949058963,3.3
1645950858843,3.7
1645952658957,3.7
1645954458938,3.9
1645956258911,3.9
1645958058903,4.1
1645959859053,4.1
1645963459100,3.8
1645965259097,3.3
1645967060069,3.3
1645968859001,3.5
1645970659095,3.5
1645972458983,3.3
1645974259035,3.3
1645976059093,2.5
1645977859130,2.5
1645979659076,2.5
1645981459152,2.5
1645983259220,2.8
1645985059257,2.8
1645986859145,3.3
1645988659115,3.3
1645990459325,3.1
1645992259256,3.1
1645994059131,2.8
1645995859214,2.8
1645997659317,3.1
1645999459289,3.1
1646001259252,3.6
1646003059559,3.6
1646004859165,3.6
1646006659257,3.6
1646008459228,3.8
1646010259443,3.8
1646012059302,4.4
1646013859356,4.4
1646015659236,4.5
1646017459388,4.5
1646019259237,4.4
1646021059364,4.4
1646022859274,3.3
1646024659478,3.9
1646026459419,3.2
1646028259516,3.2
1646030059454,3.4
1646031859443,3.4
1646033659412,4.2
1646035459556,4.2
1646037259343,5.0
1646039059537,5.0
1646040859392,5.0
1646042659540,5.0
1646044459557,5.4
1646046259594,5.4
1646048059534,5.7
1646049859626,5.7
1646051659433,5.8
1646053459598,5.8
1646055259517,6.0
1646057059604,6.0
1646058859557,5.7
1646060659638,5.7
1646062459479,4.8
1646064259667,4.8
1646066059473,4.1
1646067859622,4.1
1646069659443,4.2
1646071459643,4.2
1646073259642,4.2
1646075059712,4.2
1646076860061,4.7
1646078659662,4.7
1646080459598,4.7
1646082259581,4.7
1646084059615,4.4
1646085859755,4.4
1646087659709,4.3
1646089459848,4.3
1646091260445,4.3
1646093060100,4.3
1646094859983,4.4
1646096659958,4.4
1646098459946,4.3
1646100260137,4.3
1646102060088,4.6
1646103860102,4.6
1646105660264,5.0
1646107460259,5.0
1646109260314,4.9
1646111060353,5.2
1646112860427,5.1
1646114660447,5.1
1646116460451,4.8
1646118260568,4.8
1646120060681,3.8
1646121860680,3.8
1646123661907,3.0
1646125460825,3.0
1646127260714,3.0
1646129060865,3.0
1646130860929,3.1
1646132660879,3.1
1646134460889,2.9
1646136261149,2.9
1646138060952,3.0
1646139861079,3.0
1646141661128,3.7
1646143461307,3.7
1646145261214,3.1
1646147061354,3.1
1646148861301,2.5
1646150661337,2.5
1646152462727,1.7
1646154261380,1.7
1646156061356,1.9
1646157861448,1.9
1646159661461,2.1
1646161461563,2.1
1646163261609,2.0
1646165061669,2.0
1646166861553,2.0
1646168661785,2.0
1646170461662,1.9
1646172261895,1.9
1646174061695,1.8
1646175861873,1.8
1646177661942,1.8
1646179461973,1.8
1646181262038,1.7
1646183062118,1.7
1646184862068,1.6
1646186662192,1.6
1646188462200,1.9
1646190262269,1.9
1646192062140,2.1
1646193862303,2.1
1646195662335,2.3
1646197462365,2.3
1646199262413,2.2
1646201062380,2.2
1646202862528,2.0
1646204662419,2.0
1646206462479,1.9
1646208262570,2.1
1646210062599,2.1
1646211862675,2.1
1646213662592,2.4
1646215463163,2.4
1646217262732,2.4
1646219062663,2.6
1646220862867,2.6
1646222662826,2.6
1646224462845,2.8
1646226262836,2.8
1646228063011,2.9
1646229863025,2.9
1646231662977,3.0
1646233463085,3.0
1646235262960,3.0
1646237063171,3.0
1646238863132,2.9
1646240663243,2.9
1646242463132,2.9
1646244264316,3.0
1646246063352,2.2
1646247863383,2.2
1646249663355,1.9
1646251463340,1.9
1646253263372,2.1
1646255063483,2.1
1646256863534,2.2
1646258663554,2.2
1646260463569,1.3
1646262263749,1.3
1646264063633,1.1
1646265863689,1.1
1646267663657,1.0
1646269463750,1.0
1646271263672,0.7
1646273063806,0.7
1646274863856,1.0
1646276663863,1.0
1646278463762,1.6
1646280263842,1.6
1646282063946,1.9
1646283864087,1.9
1646285663965,2.4
1646287463937,2.4
1646289263955,2.7
1646291064186,2.7
1646292864046,2.3
1646294664094,2.3
